date and time,value
2019-01-01 02:00:00.000,14.561842
2019-01-01 04:00:00.000,11.929917
2019-01-01 06:00:00.000,18.650242
2019-01-01 08:00:00.000,34.584373
2019-01-01 10:00:00.000,46.03637
2019-01-01 12:00:00.000,47.579212
2019-01-01 14:00:00.000,43.28588
2019-01-01 16:00:00.000,42.342163
2019-01-01 18:00:00.000,45.062202
2019-01-01 20:00:00.000,46.28852
2019-01-01 22:00:00.000,36.92487
2019-01-02 00:00:00.000,21.531965
2019-01-02 02:00:00.000,12.691181
2019-01-02 04:00:00.000,13.362939
2019-01-02 06:00:00.000,23.688328
2019-01-02 08:00:00.000,43.705154
2019-01-02 10:00:00.000,52.650208
2019-01-02 12:00:00.000,49.187485
2019-01-02 14:00:00.000,42.880398
2019-01-02 16:00:00.000,41.346634
2019-01-02 18:00:00.000,44.61961
2019-01-02 20:00:00.000,47.463
2019-01-02 22:00:00.000,37.362423
2019-01-03 00:00:00.000,21.340145
2019-01-03 02:00:00.000,12.714183
2019-01-03 04:00:00.000,13.495397
2019-01-03 06:00:00.000,23.804598
2019-01-03 08:00:00.000,43.67934
2019-01-03 10:00:00.000,51.84785
2019-01-03 12:00:00.000,48.82524
2019-01-03 14:00:00.000,42.829617
2019-01-03 16:00:00.000,42.09472
2019-01-03 18:00:00.000,45.65586
2019-01-03 20:00:00.000,47.839767
2019-01-03 22:00:00.000,36.93466
2019-01-04 00:00:00.000,21.277752
2019-01-04 02:00:00.000,12.773088
2019-01-04 04:00:00.000,13.555982
2019-01-04 06:00:00.000,24.221252
2019-01-04 08:00:00.000,43.566425
2019-01-04 10:00:00.000,51.691982
2019-01-04 12:00:00.000,48.79986
2019-01-04 14:00:00.000,42.51865
2019-01-04 16:00:00.000,41.277992
2019-01-04 18:00:00.000,44.70329
2019-01-04 20:00:00.000,47.10646
2019-01-04 22:00:00.000,36.585052
2019-01-05 00:00:00.000,21.206696
2019-01-05 02:00:00.000,12.470091
2019-01-05 04:00:00.000,12.903279
2019-01-05 06:00:00.000,22.654846
2019-01-05 08:00:00.000,40.989883
2019-01-05 10:00:00.000,49.09226
2019-01-05 12:00:00.000,47.7924
2019-01-05 14:00:00.000,42.55747
2019-01-05 16:00:00.000,40.672623
2019-01-05 18:00:00.000,43.717884
2019-01-05 20:00:00.000,46.432507
2019-01-05 22:00:00.000,37.415077
2019-01-06 00:00:00.000,21.968403
2019-01-06 02:00:00.000,12.5778055
2019-01-06 04:00:00.000,12.549162
2019-01-06 06:00:00.000,21.869635
2019-01-06 08:00:00.000,39.8025
2019-01-06 10:00:00.000,48.258068
2019-01-06 12:00:00.000,47.441994
2019-01-06 14:00:00.000,43.32523
2019-01-06 16:00:00.000,41.69553
2019-01-06 18:00:00.000,45.154625
2019-01-06 20:00:00.000,47.507206
2019-01-06 22:00:00.000,38.984604
2019-01-07 00:00:00.000,23.907406
2019-01-07 02:00:00.000,14.431514
2019-01-07 04:00:00.000,14.41985
2019-01-07 06:00:00.000,24.98819
2019-01-07 08:00:00.000,46.086113
2019-01-07 10:00:00.000,56.36059
2019-01-07 12:00:00.000,52.401283
2019-01-07 14:00:00.000,45.547333
2019-01-07 16:00:00.000,44.034534
2019-01-07 18:00:00.000,47.595264
2019-01-07 20:00:00.000,50.773304
2019-01-07 22:00:00.000,40.46726
2019-01-08 00:00:00.000,23.93395
2019-01-08 02:00:00.000,14.5134735
2019-01-08 04:00:00.000,14.792518
2019-01-08 06:00:00.000,26.2325
2019-01-08 08:00:00.000,47.884686
2019-01-08 10:00:00.000,57.92932
2019-01-08 12:00:00.000,54.2675
2019-01-08 14:00:00.000,46.969635
2019-01-08 16:00:00.000,45.827354
2019-01-08 18:00:00.000,48.907482
2019-01-08 20:00:00.000,49.8085
2019-01-08 22:00:00.000,36.452
2019-01-09 00:00:00.000,20.435951
2019-01-09 02:00:00.000,13.368797
2019-01-09 04:00:00.000,15.842141
2019-01-09 06:00:00.000,28.375578
2019-01-09 08:00:00.000,43.58004
2019-01-09 10:00:00.000,50.46561
2019-01-09 12:00:00.000,48.77563
2019-01-09 14:00:00.000,43.724846
2019-01-09 16:00:00.000,43.77658
2019-01-09 18:00:00.000,48.519295
2019-01-09 20:00:00.000,48.859047
2019-01-09 22:00:00.000,34.45218
2019-01-10 00:00:00.000,18.745459
2019-01-10 02:00:00.000,12.506179
2019-01-10 04:00:00.000,15.417488
2019-01-10 06:00:00.000,28.12001
2019-01-10 08:00:00.000,41.876945
2019-01-10 10:00:00.000,48.130096
2019-01-10 12:00:00.000,47.591145
2019-01-10 14:00:00.000,43.32715
2019-01-10 16:00:00.000,43.13552
2019-01-10 18:00:00.000,48.275734
2019-01-10 20:00:00.000,48.634903
2019-01-10 22:00:00.000,33.77573
2019-01-11 00:00:00.000,18.12532
2019-01-11 02:00:00.000,12.198113
2019-01-11 04:00:00.000,15.406989
2019-01-11 06:00:00.000,28.12288
2019-01-11 08:00:00.000,41.529175
2019-01-11 10:00:00.000,47.95548
2019-01-11 12:00:00.000,48.033993
2019-01-11 14:00:00.000,43.308125
2019-01-11 16:00:00.000,44.19344
2019-01-11 18:00:00.000,48.257355
2019-01-11 20:00:00.000,50.238968
2019-01-11 22:00:00.000,36.156258
2019-01-12 00:00:00.000,19.495674
2019-01-12 02:00:00.000,12.204832
2019-01-12 04:00:00.000,14.201433
2019-01-12 06:00:00.000,26.87375
2019-01-12 08:00:00.000,45.516796
2019-01-12 10:00:00.000,50.803436
2019-01-12 12:00:00.000,49.15192
2019-01-12 14:00:00.000,43.690353
2019-01-12 16:00:00.000,41.073788
2019-01-12 18:00:00.000,43.946766
2019-01-12 20:00:00.000,46.04947
2019-01-12 22:00:00.000,36.424507
2019-01-13 00:00:00.000,20.942623
2019-01-13 02:00:00.000,12.40113
2019-01-13 04:00:00.000,13.359256
2019-01-13 06:00:00.000,25.016417
2019-01-13 08:00:00.000,45.411297
2019-01-13 10:00:00.000,51.212154
2019-01-13 12:00:00.000,49.084408
2019-01-13 14:00:00.000,44.277412
2019-01-13 16:00:00.000,41.695534
2019-01-13 18:00:00.000,44.164955
2019-01-13 20:00:00.000,43.40592
2019-01-13 22:00:00.000,31.712666
2019-01-14 00:00:00.000,17.623243
2019-01-14 02:00:00.000,11.516806
2019-01-14 04:00:00.000,14.794145
2019-01-14 06:00:00.000,26.093388
2019-01-14 08:00:00.000,37.013836
2019-01-14 10:00:00.000,43.851116
2019-01-14 12:00:00.000,45.383198
2019-01-14 14:00:00.000,42.71997
2019-01-14 16:00:00.000,43.055122
2019-01-14 18:00:00.000,47.89574
2019-01-14 20:00:00.000,46.462765
2019-01-14 22:00:00.000,30.672667
2019-01-15 00:00:00.000,15.82384
2019-01-15 02:00:00.000,11.170078
2019-01-15 04:00:00.000,14.9867935
2019-01-15 06:00:00.000,27.393488
2019-01-15 08:00:00.000,37.991524
2019-01-15 10:00:00.000,43.809063
2019-01-15 12:00:00.000,44.78407
2019-01-15 14:00:00.000,42.35213
2019-01-15 16:00:00.000,43.47182
2019-01-15 18:00:00.000,48.515263
2019-01-15 20:00:00.000,47.132515
2019-01-15 22:00:00.000,30.522795
2019-01-16 00:00:00.000,15.74241
2019-01-16 02:00:00.000,11.1229
2019-01-16 04:00:00.000,15.053381
2019-01-16 06:00:00.000,27.619566
2019-01-16 08:00:00.000,37.86977
2019-01-16 10:00:00.000,43.096996
2019-01-16 12:00:00.000,43.981304
2019-01-16 14:00:00.000,41.777527
2019-01-16 16:00:00.000,42.973778
2019-01-16 18:00:00.000,47.86228
2019-01-16 20:00:00.000,46.548244
2019-01-16 22:00:00.000,29.878752
2019-01-17 00:00:00.000,15.353873
2019-01-17 02:00:00.000,11.200528
2019-01-17 04:00:00.000,15.411204
2019-01-17 06:00:00.000,28.715054
2019-01-17 08:00:00.000,38.942593
2019-01-17 10:00:00.000,43.623528
2019-01-17 12:00:00.000,44.648376
2019-01-17 14:00:00.000,42.09343
2019-01-17 16:00:00.000,43.33117
2019-01-17 18:00:00.000,48.25129
2019-01-17 20:00:00.000,46.482517
2019-01-17 22:00:00.000,29.467161
2019-01-18 00:00:00.000,15.151103
2019-01-18 02:00:00.000,11.091004
2019-01-18 04:00:00.000,15.535674
2019-01-18 06:00:00.000,28.875088
2019-01-18 08:00:00.000,39.76946
2019-01-18 10:00:00.000,44.999653
2019-01-18 12:00:00.000,46.188427
2019-01-18 14:00:00.000,42.597687
2019-01-18 16:00:00.000,43.20294
2019-01-18 18:00:00.000,48.012623
2019-01-18 20:00:00.000,48.316
2019-01-18 22:00:00.000,32.796223
2019-01-19 00:00:00.000,17.098064
2019-01-19 02:00:00.000,11.570914
2019-01-19 04:00:00.000,15.106049
2019-01-19 06:00:00.000,29.853624
2019-01-19 08:00:00.000,48.172558
2019-01-19 10:00:00.000,50.37122
2019-01-19 12:00:00.000,48.841133
2019-01-19 14:00:00.000,43.461308
2019-01-19 16:00:00.000,41.226223
2019-01-19 18:00:00.000,43.9756
2019-01-19 20:00:00.000,45.123444
2019-01-19 22:00:00.000,34.057472
2019-01-20 00:00:00.000,18.7374
2019-01-20 02:00:00.000,11.7290535
2019-01-20 04:00:00.000,13.982268
2019-01-20 06:00:00.000,27.583462
2019-01-20 08:00:00.000,48.285767
2019-01-20 10:00:00.000,52.046093
2019-01-20 12:00:00.000,50.294918
2019-01-20 14:00:00.000,46.06009
2019-01-20 16:00:00.000,43.2336
2019-01-20 18:00:00.000,45.284004
2019-01-20 20:00:00.000,43.689297
2019-01-20 22:00:00.000,30.19898
2019-01-21 00:00:00.000,16.411139
2019-01-21 02:00:00.000,11.375339
2019-01-21 04:00:00.000,15.397734
2019-01-21 06:00:00.000,27.786165
2019-01-21 08:00:00.000,39.01413
2019-01-21 10:00:00.000,44.76427
2019-01-21 12:00:00.000,46.02394
2019-01-21 14:00:00.000,43.56179
2019-01-21 16:00:00.000,42.847717
2019-01-21 18:00:00.000,45.920757
2019-01-21 20:00:00.000,43.598114
2019-01-21 22:00:00.000,28.256096
2019-01-22 00:00:00.000,14.883262
2019-01-22 02:00:00.000,11.011561
2019-01-22 04:00:00.000,15.377162
2019-01-22 06:00:00.000,28.783394
2019-01-22 08:00:00.000,40.56206
2019-01-22 10:00:00.000,45.5603
2019-01-22 12:00:00.000,46.143383
2019-01-22 14:00:00.000,43.71088
2019-01-22 16:00:00.000,44.590782
2019-01-22 18:00:00.000,48.67506
2019-01-22 20:00:00.000,46.32943
2019-01-22 22:00:00.000,29.382338
2019-01-23 00:00:00.000,14.959741
2019-01-23 02:00:00.000,11.094264
2019-01-23 04:00:00.000,15.859339
2019-01-23 06:00:00.000,30.687725
2019-01-23 08:00:00.000,43.137695
2019-01-23 10:00:00.000,47.665676
2019-01-23 12:00:00.000,46.77699
2019-01-23 14:00:00.000,43.452812
2019-01-23 16:00:00.000,43.716286
2019-01-23 18:00:00.000,48.16001
2019-01-23 20:00:00.000,46.27835
2019-01-23 22:00:00.000,29.111834
2019-01-24 00:00:00.000,14.474251
2019-01-24 02:00:00.000,10.890803
2019-01-24 04:00:00.000,15.820782
2019-01-24 06:00:00.000,30.990925
2019-01-24 08:00:00.000,43.06845
2019-01-24 10:00:00.000,47.11669
2019-01-24 12:00:00.000,46.706795
2019-01-24 14:00:00.000,44.142963
2019-01-24 16:00:00.000,44.18057
2019-01-24 18:00:00.000,48.255905
2019-01-24 20:00:00.000,46.257847
2019-01-24 22:00:00.000,29.003601
2019-01-25 00:00:00.000,14.6443405
2019-01-25 02:00:00.000,10.995874
2019-01-25 04:00:00.000,15.976148
2019-01-25 06:00:00.000,30.94176
2019-01-25 08:00:00.000,43.204876
2019-01-25 10:00:00.000,47.747223
2019-01-25 12:00:00.000,47.629986
2019-01-25 14:00:00.000,44.02065
2019-01-25 16:00:00.000,43.69204
2019-01-25 18:00:00.000,47.604073
2019-01-25 20:00:00.000,47.97759
2019-01-25 22:00:00.000,31.81914
2019-01-26 00:00:00.000,16.11481
2019-01-26 02:00:00.000,11.258489
2019-01-26 04:00:00.000,15.165916
2019-01-26 06:00:00.000,30.772955
2019-01-26 08:00:00.000,49.60558
2019-01-26 10:00:00.000,52.280487
2019-01-26 12:00:00.000,50.28127
2019-01-26 14:00:00.000,44.670776
2019-01-26 16:00:00.000,42.06725
2019-01-26 18:00:00.000,44.49341
2019-01-26 20:00:00.000,45.44319
2019-01-26 22:00:00.000,33.45223
2019-01-27 00:00:00.000,18.143044
2019-01-27 02:00:00.000,11.602347
2019-01-27 04:00:00.000,14.115983
2019-01-27 06:00:00.000,28.833916
2019-01-27 08:00:00.000,50.944485
2019-01-27 10:00:00.000,54.880005
2019-01-27 12:00:00.000,52.251957
2019-01-27 14:00:00.000,46.8693
2019-01-27 16:00:00.000,43.850796
2019-01-27 18:00:00.000,45.71587
2019-01-27 20:00:00.000,43.740395
2019-01-27 22:00:00.000,29.634958
2019-01-28 00:00:00.000,15.912204
2019-01-28 02:00:00.000,11.330815
2019-01-28 04:00:00.000,16.14108
2019-01-28 06:00:00.000,30.922077
2019-01-28 08:00:00.000,43.502357
2019-01-28 10:00:00.000,48.76075
2019-01-28 12:00:00.000,48.055428
2019-01-28 14:00:00.000,44.66321
2019-01-28 16:00:00.000,44.49527
2019-01-28 18:00:00.000,47.84712
2019-01-28 20:00:00.000,45.94584
2019-01-28 22:00:00.000,29.04007
2019-01-29 00:00:00.000,14.803383
2019-01-29 02:00:00.000,11.181073
2019-01-29 04:00:00.000,16.263592
2019-01-29 06:00:00.000,31.617609
2019-01-29 08:00:00.000,43.804028
2019-01-29 10:00:00.000,47.80477
2019-01-29 12:00:00.000,47.4095
2019-01-29 14:00:00.000,44.21936
2019-01-29 16:00:00.000,44.067295
2019-01-29 18:00:00.000,48.01403
2019-01-29 20:00:00.000,46.060802
2019-01-29 22:00:00.000,29.265453
2019-01-30 00:00:00.000,14.896541
2019-01-30 02:00:00.000,11.115687
2019-01-30 04:00:00.000,16.19787
2019-01-30 06:00:00.000,31.301779
2019-01-30 08:00:00.000,42.902493
2019-01-30 10:00:00.000,47.219185
2019-01-30 12:00:00.000,47.140427
2019-01-30 14:00:00.000,43.691216
2019-01-30 16:00:00.000,43.37606
2019-01-30 18:00:00.000,47.83765
2019-01-30 20:00:00.000,45.979694
2019-01-30 22:00:00.000,29.203287
2019-01-31 00:00:00.000,14.981931
2019-02-01 02:00:00.000,11.172595
2019-02-01 04:00:00.000,16.779032
2019-02-01 06:00:00.000,32.27176
2019-02-01 08:00:00.000,43.447628
2019-02-01 10:00:00.000,47.464645
2019-02-01 12:00:00.000,48.38309
2019-02-01 14:00:00.000,44.28331
2019-02-01 16:00:00.000,44.159573
2019-02-01 18:00:00.000,48.312847
2019-02-01 20:00:00.000,48.824665
2019-02-01 22:00:00.000,32.669147
2019-02-02 00:00:00.000,16.615763
2019-02-02 02:00:00.000,11.332956
2019-02-02 04:00:00.000,15.541154
2019-02-02 06:00:00.000,32.075314
2019-02-02 08:00:00.000,50.60963
2019-02-02 10:00:00.000,52.601234
2019-02-02 12:00:00.000,51.13802
2019-02-02 14:00:00.000,45.224762
2019-02-02 16:00:00.000,42.04025
2019-02-02 18:00:00.000,44.578945
2019-02-02 20:00:00.000,45.222355
2019-02-02 22:00:00.000,33.535507
2019-02-03 00:00:00.000,18.09967
2019-02-03 02:00:00.000,11.495536
2019-02-03 04:00:00.000,14.233373
2019-02-03 06:00:00.000,29.161272
2019-02-03 08:00:00.000,50.48576
2019-02-03 10:00:00.000,54.716694
2019-02-03 12:00:00.000,52.58933
2019-02-03 14:00:00.000,47.58554
2019-02-03 16:00:00.000,44.034332
2019-02-03 18:00:00.000,45.875454
2019-02-03 20:00:00.000,44.00584
2019-02-03 22:00:00.000,30.230322
2019-02-04 00:00:00.000,16.213688
2019-02-04 02:00:00.000,11.539996
2019-02-04 04:00:00.000,16.851637
2019-02-04 06:00:00.000,31.708431
2019-02-04 08:00:00.000,44.111977
2019-02-04 10:00:00.000,49.482056
2019-02-04 12:00:00.000,50.19769
2019-02-04 14:00:00.000,46.372063
2019-02-04 16:00:00.000,44.817398
2019-02-04 18:00:00.000,47.24604
2019-02-04 20:00:00.000,45.95076
2019-02-04 22:00:00.000,29.653044
2019-02-05 00:00:00.000,15.159057
2019-02-05 02:00:00.000,10.938969
2019-02-05 04:00:00.000,16.93668
2019-02-05 06:00:00.000,33.94226
2019-02-05 08:00:00.000,46.014584
2019-02-05 10:00:00.000,50.60395
2019-02-05 12:00:00.000,50.39095
2019-02-05 14:00:00.000,46.142902
2019-02-05 16:00:00.000,45.700573
2019-02-05 18:00:00.000,49.631886
2019-02-05 20:00:00.000,47.836445
2019-02-05 22:00:00.000,30.215515
2019-02-06 00:00:00.000,15.4919195
2019-02-06 02:00:00.000,11.148796
2019-02-06 04:00:00.000,16.979025
2019-02-06 06:00:00.000,34.186367
2019-02-06 08:00:00.000,46.44195
2019-02-06 10:00:00.000,50.83877
2019-02-06 12:00:00.000,49.916065
2019-02-06 14:00:00.000,45.55057
2019-02-06 16:00:00.000,45.220493
2019-02-06 18:00:00.000,49.551113
2019-02-06 20:00:00.000,47.81343
2019-02-06 22:00:00.000,30.061892
2019-02-07 00:00:00.000,15.718713
2019-02-07 02:00:00.000,11.510943
2019-02-07 04:00:00.000,17.237259
2019-02-07 06:00:00.000,34.22528
2019-02-07 08:00:00.000,46.551426
2019-02-07 10:00:00.000,50.397224
2019-02-07 12:00:00.000,50.22927
2019-02-07 14:00:00.000,45.87141
2019-02-07 16:00:00.000,45.394367
2019-02-07 18:00:00.000,49.530834
2019-02-07 20:00:00.000,47.780872
2019-02-07 22:00:00.000,30.124344
2019-02-08 00:00:00.000,15.561671
2019-02-08 02:00:00.000,11.452953
2019-02-08 04:00:00.000,17.159094
2019-02-08 06:00:00.000,33.943073
2019-02-08 08:00:00.000,46.633965
2019-02-08 10:00:00.000,50.169483
2019-02-08 12:00:00.000,49.799973
2019-02-08 14:00:00.000,44.98613
2019-02-08 16:00:00.000,44.45316
2019-02-08 18:00:00.000,49.102978
2019-02-08 20:00:00.000,49.43795
2019-02-08 22:00:00.000,32.83412
2019-02-09 00:00:00.000,16.864113
2019-02-09 02:00:00.000,11.457289
2019-02-09 04:00:00.000,15.290776
2019-02-09 06:00:00.000,32.00528
2019-02-09 08:00:00.000,50.069843
2019-02-09 10:00:00.000,51.897556
2019-02-09 12:00:00.000,50.367157
2019-02-09 14:00:00.000,44.731544
2019-02-09 16:00:00.000,41.91219
2019-02-09 18:00:00.000,44.334835
2019-02-09 20:00:00.000,45.48396
2019-02-09 22:00:00.000,33.860977
2019-02-10 00:00:00.000,18.554098
2019-02-10 02:00:00.000,11.864757
2019-02-10 04:00:00.000,14.511142
2019-02-10 06:00:00.000,29.882298
2019-02-10 08:00:00.000,50.75271
2019-02-10 10:00:00.000,54.838394
2019-02-10 12:00:00.000,52.482075
2019-02-10 14:00:00.000,46.944992
2019-02-10 16:00:00.000,44.119656
2019-02-10 18:00:00.000,45.972893
2019-02-10 20:00:00.000,44.738068
2019-02-10 22:00:00.000,30.548615
2019-02-11 00:00:00.000,16.39378
2019-02-11 02:00:00.000,11.636259
2019-02-11 04:00:00.000,16.225119
2019-02-11 06:00:00.000,31.076836
2019-02-11 08:00:00.000,44.070244
2019-02-11 10:00:00.000,48.94993
2019-02-11 12:00:00.000,48.7798
2019-02-11 14:00:00.000,45.50524
2019-02-11 16:00:00.000,45.650566
2019-02-11 18:00:00.000,49.68333
2019-02-11 20:00:00.000,47.815613
2019-02-11 22:00:00.000,30.237185
2019-02-12 00:00:00.000,15.407529
2019-02-12 02:00:00.000,11.514695
2019-02-12 04:00:00.000,16.576912
2019-02-12 06:00:00.000,32.273186
2019-02-12 08:00:00.000,44.996044
2019-02-12 10:00:00.000,49.01086
2019-02-12 12:00:00.000,48.12048
2019-02-12 14:00:00.000,45.026314
2019-02-12 16:00:00.000,44.718678
2019-02-12 18:00:00.000,48.629967
2019-02-12 20:00:00.000,46.772926
2019-02-12 22:00:00.000,30.053549
2019-02-13 00:00:00.000,15.374861
2019-02-13 02:00:00.000,11.613457
2019-02-13 04:00:00.000,16.922194
2019-02-13 06:00:00.000,33.397106
2019-02-13 08:00:00.000,47.140785
2019-02-13 10:00:00.000,50.77492
2019-02-13 12:00:00.000,48.877716
2019-02-13 14:00:00.000,44.161457
2019-02-13 16:00:00.000,44.39844
2019-02-13 18:00:00.000,48.521843
2019-02-13 20:00:00.000,46.910965
2019-02-13 22:00:00.000,29.54477
2019-02-14 00:00:00.000,15.091483
2019-02-14 02:00:00.000,11.423021
2019-02-14 04:00:00.000,16.390247
2019-02-14 06:00:00.000,31.755095
2019-02-14 08:00:00.000,43.770382
2019-02-14 10:00:00.000,46.990307
2019-02-14 12:00:00.000,46.54129
2019-02-14 14:00:00.000,43.864353
2019-02-14 16:00:00.000,44.44619
2019-02-14 18:00:00.000,48.793003
2019-02-14 20:00:00.000,47.020164
2019-02-14 22:00:00.000,29.905022
2019-02-15 00:00:00.000,15.272575
2019-02-15 02:00:00.000,11.514748
2019-02-15 04:00:00.000,16.598915
2019-02-15 06:00:00.000,31.980513
2019-02-15 08:00:00.000,44.00436
2019-02-15 10:00:00.000,47.79801
2019-02-15 12:00:00.000,48.19223
2019-02-15 14:00:00.000,44.39227
2019-02-15 16:00:00.000,44.702175
2019-02-15 18:00:00.000,48.372307
2019-02-15 20:00:00.000,47.873497
2019-02-15 22:00:00.000,31.869469
2019-02-16 00:00:00.000,16.582087
2019-02-16 02:00:00.000,11.720865
2019-02-16 04:00:00.000,15.721352
2019-02-16 06:00:00.000,32.12932
2019-02-16 08:00:00.000,48.55462
2019-02-16 10:00:00.000,50.187565
2019-02-16 12:00:00.000,48.79633
2019-02-16 14:00:00.000,43.507862
2019-02-16 16:00:00.000,41.308647
2019-02-16 18:00:00.000,43.76124
2019-02-16 20:00:00.000,44.75147
2019-02-16 22:00:00.000,32.96914
2019-02-17 00:00:00.000,18.022041
2019-02-17 02:00:00.000,11.880148
2019-02-17 04:00:00.000,14.870611
2019-02-17 06:00:00.000,30.083693
2019-02-17 08:00:00.000,49.4777
2019-02-17 10:00:00.000,52.374805
2019-02-17 12:00:00.000,51.317696
2019-02-17 14:00:00.000,46.906345
2019-02-17 16:00:00.000,44.18212
2019-02-17 18:00:00.000,45.912716
2019-02-17 20:00:00.000,44.268257
2019-02-17 22:00:00.000,29.879774
2019-02-18 00:00:00.000,15.890938
2019-02-18 02:00:00.000,11.65821
2019-02-18 04:00:00.000,16.148466
2019-02-18 06:00:00.000,30.779974
2019-02-18 08:00:00.000,43.98055
2019-02-18 10:00:00.000,48.223118
2019-02-18 12:00:00.000,48.459305
2019-02-18 14:00:00.000,45.232674
2019-02-18 16:00:00.000,43.827362
2019-02-18 18:00:00.000,47.320465
2019-02-18 20:00:00.000,44.757042
2019-02-18 22:00:00.000,28.743027
2019-02-19 00:00:00.000,14.6775255
2019-02-19 02:00:00.000,11.000162
2019-02-19 04:00:00.000,15.821759
2019-02-19 06:00:00.000,30.862652
2019-02-19 08:00:00.000,43.44855
2019-02-19 10:00:00.000,47.487713
2019-02-19 12:00:00.000,47.42907
2019-02-19 14:00:00.000,44.60513
2019-02-19 16:00:00.000,44.83852
2019-02-19 18:00:00.000,49.38773
2019-02-19 20:00:00.000,47.37532
2019-02-19 22:00:00.000,29.622059
2019-02-20 00:00:00.000,14.812628
2019-02-20 02:00:00.000,11.074306
2019-02-20 04:00:00.000,16.292747
2019-02-20 06:00:00.000,31.986618
2019-02-20 08:00:00.000,44.524216
2019-02-20 10:00:00.000,47.95267
2019-02-20 12:00:00.000,47.325325
2019-02-20 14:00:00.000,44.023254
2019-02-20 16:00:00.000,44.177452
2019-02-20 18:00:00.000,48.616966
2019-02-20 20:00:00.000,46.57989
2019-02-20 22:00:00.000,29.669947
2019-02-21 00:00:00.000,14.949547
2019-02-21 02:00:00.000,11.259471
2019-02-21 04:00:00.000,16.362104
2019-02-21 06:00:00.000,31.68493
2019-02-21 08:00:00.000,43.97001
2019-02-21 10:00:00.000,47.542473
2019-02-21 12:00:00.000,47.249706
2019-02-21 14:00:00.000,44.293476
2019-02-21 16:00:00.000,44.505604
2019-02-21 18:00:00.000,49.25829
2019-02-21 20:00:00.000,47.059364
2019-02-21 22:00:00.000,29.887104
2019-02-22 00:00:00.000,15.064939
2019-02-22 02:00:00.000,11.277255
2019-02-22 04:00:00.000,16.570086
2019-02-22 06:00:00.000,31.964764
2019-02-22 08:00:00.000,44.472828
2019-02-22 10:00:00.000,48.588894
2019-02-22 12:00:00.000,48.60561
2019-02-22 14:00:00.000,44.13143
2019-02-22 16:00:00.000,43.861675
2019-02-22 18:00:00.000,47.73532
2019-02-22 20:00:00.000,48.282135
2019-02-22 22:00:00.000,32.503212
2019-02-23 00:00:00.000,16.74483
2019-02-23 02:00:00.000,11.860534
2019-02-23 04:00:00.000,16.04857
2019-02-23 06:00:00.000,33.437305
2019-02-23 08:00:00.000,49.977478
2019-02-23 10:00:00.000,50.46411
2019-02-23 12:00:00.000,47.78748
2019-02-23 14:00:00.000,42.655476
2019-02-23 16:00:00.000,40.05674
2019-02-23 18:00:00.000,42.42812
2019-02-23 20:00:00.000,43.257984
2019-02-23 22:00:00.000,32.314716
2019-02-24 00:00:00.000,17.71837
2019-02-24 02:00:00.000,11.812643
2019-02-24 04:00:00.000,15.081248
2019-02-24 06:00:00.000,30.827974
2019-02-24 08:00:00.000,49.42473
2019-02-24 10:00:00.000,52.85591
2019-02-24 12:00:00.000,51.734367
2019-02-24 14:00:00.000,47.638466
2019-02-24 16:00:00.000,44.855103
2019-02-24 18:00:00.000,45.878414
2019-02-24 20:00:00.000,43.529106
2019-02-24 22:00:00.000,29.061905
2019-02-25 00:00:00.000,15.612839
2019-02-25 02:00:00.000,11.4291115
2019-02-25 04:00:00.000,16.548922
2019-02-25 06:00:00.000,31.404373
2019-02-25 08:00:00.000,43.007153
2019-02-25 10:00:00.000,47.729633
2019-02-25 12:00:00.000,48.605957
2019-02-25 14:00:00.000,45.805298
2019-02-25 16:00:00.000,45.140953
2019-02-25 18:00:00.000,49.948532
2019-02-25 20:00:00.000,48.04803
2019-02-25 22:00:00.000,29.897247
2019-02-26 00:00:00.000,15.022628
2019-02-26 02:00:00.000,11.433991
2019-02-26 04:00:00.000,16.913635
2019-02-26 06:00:00.000,32.279808
2019-02-26 08:00:00.000,42.46659
2019-02-26 10:00:00.000,46.269924
2019-02-26 12:00:00.000,46.91014
2019-02-26 14:00:00.000,44.778606
2019-02-26 16:00:00.000,44.886726
2019-02-26 18:00:00.000,49.737663
2019-02-26 20:00:00.000,47.782825
2019-02-26 22:00:00.000,29.332144
2019-02-27 00:00:00.000,14.666353
2019-02-27 02:00:00.000,11.19999
2019-02-27 04:00:00.000,16.763456
2019-02-27 06:00:00.000,32.161633
2019-02-27 08:00:00.000,41.851204
2019-02-27 10:00:00.000,45.544056
2019-02-27 12:00:00.000,46.549206
2019-02-27 14:00:00.000,44.13343
2019-02-27 16:00:00.000,44.501072
2019-02-27 18:00:00.000,49.374332
2019-02-27 20:00:00.000,47.288853
2019-02-27 22:00:00.000,28.76898
2019-02-28 00:00:00.000,14.630746
2019-03-01 02:00:00.000,11.251959
2019-03-01 04:00:00.000,16.935066
2019-03-01 06:00:00.000,31.896643
2019-03-01 08:00:00.000,41.29474
2019-03-01 10:00:00.000,44.964108
2019-03-01 12:00:00.000,46.882195
2019-03-01 14:00:00.000,43.49612
2019-03-01 16:00:00.000,43.19683
2019-03-01 18:00:00.000,47.717144
2019-03-01 20:00:00.000,48.46359
2019-03-01 22:00:00.000,32.062195
2019-03-02 00:00:00.000,16.51946
2019-03-02 02:00:00.000,11.980654
2019-03-02 04:00:00.000,16.832397
2019-03-02 06:00:00.000,34.27995
2019-03-02 08:00:00.000,49.291695
2019-03-02 10:00:00.000,50.40138
2019-03-02 12:00:00.000,49.34684
2019-03-02 14:00:00.000,43.984184
2019-03-02 16:00:00.000,41.546635
2019-03-02 18:00:00.000,44.389652
2019-03-02 20:00:00.000,46.047993
2019-03-02 22:00:00.000,33.214737
2019-03-03 00:00:00.000,18.138206
2019-03-03 02:00:00.000,12.3961735
2019-03-03 04:00:00.000,16.02326
2019-03-03 06:00:00.000,32.81719
2019-03-03 08:00:00.000,50.905403
2019-03-03 10:00:00.000,52.97983
2019-03-03 12:00:00.000,51.71796
2019-03-03 14:00:00.000,46.960632
2019-03-03 16:00:00.000,44.101868
2019-03-03 18:00:00.000,45.66818
2019-03-03 20:00:00.000,44.054897
2019-03-03 22:00:00.000,29.487453
2019-03-04 00:00:00.000,15.722061
2019-03-04 02:00:00.000,11.666053
2019-03-04 04:00:00.000,16.52363
2019-03-04 06:00:00.000,30.920721
2019-03-04 08:00:00.000,40.64768
2019-03-04 10:00:00.000,44.919632
2019-03-04 12:00:00.000,46.28088
2019-03-04 14:00:00.000,44.127193
2019-03-04 16:00:00.000,44.35802
2019-03-04 18:00:00.000,48.993603
2019-03-04 20:00:00.000,47.06635
2019-03-04 22:00:00.000,29.068707
2019-03-05 00:00:00.000,14.916152
2019-03-05 02:00:00.000,11.6983
2019-03-05 04:00:00.000,17.43155
2019-03-05 06:00:00.000,32.84908
2019-03-05 08:00:00.000,42.204346
2019-03-05 10:00:00.000,46.304043
2019-03-05 12:00:00.000,47.112087
2019-03-05 14:00:00.000,44.81854
2019-03-05 16:00:00.000,45.248943
2019-03-05 18:00:00.000,49.311836
2019-03-05 20:00:00.000,47.877674
2019-03-05 22:00:00.000,29.475622
2019-03-06 00:00:00.000,15.024838
2019-03-06 02:00:00.000,11.616988
2019-03-06 04:00:00.000,17.578915
2019-03-06 06:00:00.000,32.9758
2019-03-06 08:00:00.000,41.652306
2019-03-06 10:00:00.000,45.4867
2019-03-06 12:00:00.000,46.880165
2019-03-06 14:00:00.000,44.306004
2019-03-06 16:00:00.000,44.2367
2019-03-06 18:00:00.000,48.978767
2019-03-06 20:00:00.000,47.707703
2019-03-06 22:00:00.000,29.366276
2019-03-07 00:00:00.000,15.035114
2019-03-07 02:00:00.000,11.626233
2019-03-07 04:00:00.000,17.909643
2019-03-07 06:00:00.000,34.21657
2019-03-07 08:00:00.000,43.894257
2019-03-07 10:00:00.000,49.58744
2019-03-07 12:00:00.000,50.83383
2019-03-07 14:00:00.000,46.229733
2019-03-07 16:00:00.000,46.00637
2019-03-07 18:00:00.000,50.03778
2019-03-07 20:00:00.000,50.1485
2019-03-07 22:00:00.000,33.25052
2019-03-08 00:00:00.000,17.506853
2019-03-08 02:00:00.000,13.3371725
2019-03-08 04:00:00.000,19.385012
2019-03-08 06:00:00.000,39.804565
2019-03-08 08:00:00.000,55.923214
2019-03-08 10:00:00.000,56.4782
2019-03-08 12:00:00.000,51.349464
2019-03-08 14:00:00.000,44.60669
2019-03-08 16:00:00.000,42.301506
2019-03-08 18:00:00.000,45.31386
2019-03-08 20:00:00.000,46.037212
2019-03-08 22:00:00.000,32.594505
2019-03-09 00:00:00.000,17.454288
2019-03-09 02:00:00.000,12.065636
2019-03-09 04:00:00.000,16.372484
2019-03-09 06:00:00.000,33.460987
2019-03-09 08:00:00.000,49.49314
2019-03-09 10:00:00.000,50.985462
2019-03-09 12:00:00.000,49.40444
2019-03-09 14:00:00.000,44.16455
2019-03-09 16:00:00.000,41.254105
2019-03-09 18:00:00.000,44.402782
2019-03-09 20:00:00.000,45.446354
2019-03-09 22:00:00.000,32.902695
2019-03-10 00:00:00.000,17.894463
2019-03-10 02:00:00.000,12.134604
2019-03-10 04:00:00.000,15.923752
2019-03-10 06:00:00.000,32.528973
2019-03-10 08:00:00.000,49.46657
2019-03-10 10:00:00.000,52.000896
2019-03-10 12:00:00.000,51.376003
2019-03-10 14:00:00.000,46.984596
2019-03-10 16:00:00.000,44.588097
2019-03-10 18:00:00.000,46.0527
2019-03-10 20:00:00.000,44.05235
2019-03-10 22:00:00.000,29.46576
2019-03-11 00:00:00.000,15.71713
2019-03-11 02:00:00.000,11.848216
2019-03-11 04:00:00.000,17.53379
2019-03-11 06:00:00.000,32.678932
2019-03-11 08:00:00.000,42.21803
2019-03-11 10:00:00.000,46.298946
2019-03-11 12:00:00.000,47.234207
2019-03-11 14:00:00.000,45.51731
2019-03-11 16:00:00.000,44.757782
2019-03-11 18:00:00.000,48.596256
2019-03-11 20:00:00.000,46.600548
2019-03-11 22:00:00.000,28.68802
2019-03-12 00:00:00.000,14.615552
2019-03-12 02:00:00.000,11.367392
2019-03-12 04:00:00.000,17.815054
2019-03-12 06:00:00.000,33.513138
2019-03-12 08:00:00.000,41.854572
2019-03-12 10:00:00.000,45.108253
2019-03-12 12:00:00.000,45.4029
2019-03-12 14:00:00.000,44.211246
2019-03-12 16:00:00.000,44.0936
2019-03-12 18:00:00.000,48.381992
2019-03-12 20:00:00.000,46.22402
2019-03-12 22:00:00.000,27.875643
2019-03-13 00:00:00.000,14.419054
2019-03-13 02:00:00.000,11.325165
2019-03-13 04:00:00.000,17.674952
2019-03-13 06:00:00.000,33.410175
2019-03-13 08:00:00.000,41.490776
2019-03-13 10:00:00.000,45.216675
2019-03-13 12:00:00.000,45.613693
2019-03-13 14:00:00.000,43.67714
2019-03-13 16:00:00.000,43.66762
2019-03-13 18:00:00.000,47.43336
2019-03-13 20:00:00.000,45.233574
2019-03-13 22:00:00.000,27.351845
2019-03-14 00:00:00.000,14.197954
2019-03-14 02:00:00.000,11.421174
2019-03-14 04:00:00.000,17.697882
2019-03-14 06:00:00.000,33.60054
2019-03-14 08:00:00.000,41.25925
2019-03-14 10:00:00.000,44.575768
2019-03-14 12:00:00.000,45.261646
2019-03-14 14:00:00.000,43.865326
2019-03-14 16:00:00.000,43.353596
2019-03-14 18:00:00.000,47.652485
2019-03-14 20:00:00.000,45.272003
2019-03-14 22:00:00.000,27.761724
2019-03-15 00:00:00.000,14.186426
2019-03-15 02:00:00.000,11.416171
2019-03-15 04:00:00.000,18.09302
2019-03-15 06:00:00.000,34.13443
2019-03-15 08:00:00.000,41.9906
2019-03-15 10:00:00.000,45.29162
2019-03-15 12:00:00.000,46.082417
2019-03-15 14:00:00.000,43.934315
2019-03-15 16:00:00.000,43.546196
2019-03-15 18:00:00.000,47.805824
2019-03-15 20:00:00.000,47.705276
2019-03-15 22:00:00.000,30.662493
2019-03-16 00:00:00.000,15.765982
2019-03-16 02:00:00.000,11.934708
2019-03-16 04:00:00.000,17.831497
2019-03-16 06:00:00.000,36.354584
2019-03-16 08:00:00.000,49.422775
2019-03-16 10:00:00.000,49.694458
2019-03-16 12:00:00.000,48.359024
2019-03-16 14:00:00.000,42.920334
2019-03-16 16:00:00.000,40.339436
2019-03-16 18:00:00.000,43.426884
2019-03-16 20:00:00.000,45.400295
2019-03-16 22:00:00.000,32.87794
2019-03-17 00:00:00.000,17.81438
2019-03-17 02:00:00.000,12.386611
2019-03-17 04:00:00.000,16.942156
2019-03-17 06:00:00.000,34.83068
2019-03-17 08:00:00.000,51.785732
2019-03-17 10:00:00.000,53.266674
2019-03-17 12:00:00.000,51.058975
2019-03-17 14:00:00.000,45.781914
2019-03-17 16:00:00.000,42.88418
2019-03-17 18:00:00.000,45.42591
2019-03-17 20:00:00.000,43.589504
2019-03-17 22:00:00.000,28.98608
2019-03-18 00:00:00.000,15.574075
2019-03-18 02:00:00.000,11.792624
2019-03-18 04:00:00.000,18.107176
2019-03-18 06:00:00.000,33.770428
2019-03-18 08:00:00.000,42.509098
2019-03-18 10:00:00.000,46.223305
2019-03-18 12:00:00.000,46.589367
2019-03-18 14:00:00.000,44.901623
2019-03-18 16:00:00.000,44.242165
2019-03-18 18:00:00.000,48.174747
2019-03-18 20:00:00.000,46.091366
2019-03-18 22:00:00.000,28.351582
2019-03-19 00:00:00.000,14.612663
2019-03-19 02:00:00.000,11.559188
2019-03-19 04:00:00.000,18.35991
2019-03-19 06:00:00.000,33.911655
2019-03-19 08:00:00.000,42.04679
2019-03-19 10:00:00.000,45.25866
2019-03-19 12:00:00.000,45.410187
2019-03-19 14:00:00.000,44.183956
2019-03-19 16:00:00.000,43.905167
2019-03-19 18:00:00.000,48.335567
2019-03-19 20:00:00.000,46.382755
2019-03-19 22:00:00.000,28.32767
2019-03-20 00:00:00.000,14.678611
2019-03-20 02:00:00.000,11.742454
2019-03-20 04:00:00.000,18.715504
2019-03-20 06:00:00.000,34.341763
2019-03-20 08:00:00.000,41.8016
2019-03-20 10:00:00.000,45.20813
2019-03-20 12:00:00.000,45.60321
2019-03-20 14:00:00.000,44.256058
2019-03-20 16:00:00.000,44.404003
2019-03-20 18:00:00.000,49.04099
2019-03-20 20:00:00.000,46.52097
2019-03-20 22:00:00.000,28.144957
2019-03-21 00:00:00.000,14.447602
2019-03-21 02:00:00.000,11.58101
2019-03-21 04:00:00.000,18.586365
2019-03-21 06:00:00.000,33.705658
2019-03-21 08:00:00.000,41.037254
2019-03-21 10:00:00.000,45.82796
2019-03-21 12:00:00.000,47.640285
2019-03-21 14:00:00.000,45.688625
2019-03-21 16:00:00.000,45.525463
2019-03-21 18:00:00.000,51.078506
2019-03-21 20:00:00.000,47.78156
2019-03-21 22:00:00.000,28.429987
2019-03-22 00:00:00.000,15.039011
2019-03-22 02:00:00.000,12.259929
2019-03-22 04:00:00.000,19.630276
2019-03-22 06:00:00.000,35.69101
2019-03-22 08:00:00.000,44.589954
2019-03-22 10:00:00.000,49.0599
2019-03-22 12:00:00.000,49.148266
2019-03-22 14:00:00.000,45.802803
2019-03-22 16:00:00.000,45.309948
2019-03-22 18:00:00.000,50.007805
2019-03-22 20:00:00.000,49.20427
2019-03-22 22:00:00.000,31.36182
2019-03-23 00:00:00.000,16.671011
2019-03-23 02:00:00.000,12.898319
2019-03-23 04:00:00.000,19.373438
2019-03-23 06:00:00.000,38.156452
2019-03-23 08:00:00.000,51.231316
2019-03-23 10:00:00.000,51.48437
2019-03-23 12:00:00.000,49.472836
2019-03-23 14:00:00.000,43.773296
2019-03-23 16:00:00.000,41.7665
2019-03-23 18:00:00.000,45.11599
2019-03-23 20:00:00.000,45.704502
2019-03-23 22:00:00.000,32.724094
2019-03-24 00:00:00.000,17.945915
2019-03-24 02:00:00.000,12.794424
2019-03-24 04:00:00.000,17.773964
2019-03-24 06:00:00.000,35.797485
2019-03-24 08:00:00.000,51.985226
2019-03-24 10:00:00.000,53.506683
2019-03-24 12:00:00.000,52.104706
2019-03-24 14:00:00.000,46.72434
2019-03-24 16:00:00.000,43.844006
2019-03-24 18:00:00.000,47.25601
2019-03-24 20:00:00.000,45.937508
2019-03-24 22:00:00.000,31.089716
2019-03-25 00:00:00.000,16.712757
2019-03-25 02:00:00.000,12.906953
2019-03-25 04:00:00.000,20.062199
2019-03-25 06:00:00.000,38.729023
2019-03-25 08:00:00.000,51.184032
2019-03-25 10:00:00.000,53.3688
2019-03-25 12:00:00.000,49.643517
2019-03-25 14:00:00.000,45.25111
2019-03-25 16:00:00.000,44.993443
2019-03-25 18:00:00.000,50.257206
2019-03-25 20:00:00.000,48.37859
2019-03-25 22:00:00.000,30.501959
2019-03-26 00:00:00.000,15.834423
2019-03-26 02:00:00.000,12.740793
2019-03-26 04:00:00.000,20.469229
2019-03-26 06:00:00.000,38.918274
2019-03-26 08:00:00.000,50.687897
2019-03-26 10:00:00.000,52.655952
2019-03-26 12:00:00.000,48.972454
2019-03-26 14:00:00.000,45.041664
2019-03-26 16:00:00.000,45.214996
2019-03-26 18:00:00.000,51.00997
2019-03-26 20:00:00.000,48.760418
2019-03-26 22:00:00.000,30.369936
2019-03-27 00:00:00.000,15.9663515
2019-03-27 02:00:00.000,12.7987795
2019-03-27 04:00:00.000,20.518576
2019-03-27 06:00:00.000,39.20266
2019-03-27 08:00:00.000,50.653507
2019-03-27 10:00:00.000,52.694855
2019-03-27 12:00:00.000,48.93747
2019-03-27 14:00:00.000,44.91188
2019-03-27 16:00:00.000,45.38243
2019-03-27 18:00:00.000,51.27194
2019-03-27 20:00:00.000,49.333103
2019-03-27 22:00:00.000,30.762053
2019-03-28 00:00:00.000,16.016333
2019-03-28 02:00:00.000,12.963036
2019-03-28 04:00:00.000,20.653208
2019-03-28 06:00:00.000,38.972347
2019-03-28 08:00:00.000,50.91548
2019-03-28 10:00:00.000,53.35966
2019-03-28 12:00:00.000,49.872257
2019-03-28 14:00:00.000,46.14155
2019-03-28 16:00:00.000,46.451706
2019-03-28 18:00:00.000,52.258392
2019-03-28 20:00:00.000,49.963448
2019-03-28 22:00:00.000,30.79362
2019-03-29 00:00:00.000,16.233696
2019-03-29 02:00:00.000,12.948038
2019-03-29 04:00:00.000,20.790949
2019-03-29 06:00:00.000,39.177742
2019-03-29 08:00:00.000,50.95586
2019-03-29 10:00:00.000,53.84283
2019-03-29 12:00:00.000,50.381527
2019-03-29 14:00:00.000,45.73411
2019-03-29 16:00:00.000,45.457474
2019-03-29 18:00:00.000,50.648888
2019-03-29 20:00:00.000,50.53416
2019-03-29 22:00:00.000,33.395535
2019-03-30 00:00:00.000,17.642889
2019-03-30 02:00:00.000,13.114838
2019-03-30 04:00:00.000,19.26608
2019-03-30 06:00:00.000,37.879105
2019-03-30 08:00:00.000,50.937004
2019-03-30 10:00:00.000,51.659634
2019-03-30 12:00:00.000,50.153744
2019-03-30 14:00:00.000,44.255123
2019-03-30 16:00:00.000,41.682323
2019-03-30 18:00:00.000,45.345432
2019-03-30 20:00:00.000,46.58528
2019-03-30 22:00:00.000,33.988148
2019-03-31 00:00:00.000,18.854889
2019-04-01 02:00:00.000,12.113209
2019-04-01 04:00:00.000,18.959677
2019-04-01 06:00:00.000,34.108166
2019-04-01 08:00:00.000,43.048122
2019-04-01 10:00:00.000,45.988235
2019-04-01 12:00:00.000,45.781002
2019-04-01 14:00:00.000,44.651592
2019-04-01 16:00:00.000,45.127785
2019-04-01 18:00:00.000,50.092648
2019-04-01 20:00:00.000,47.90745
2019-04-01 22:00:00.000,29.672953
2019-04-02 00:00:00.000,15.170496
2019-04-02 02:00:00.000,11.824158
2019-04-02 04:00:00.000,19.072565
2019-04-02 06:00:00.000,33.989723
2019-04-02 08:00:00.000,42.472694
2019-04-02 10:00:00.000,44.68068
2019-04-02 12:00:00.000,44.69895
2019-04-02 14:00:00.000,44.017254
2019-04-02 16:00:00.000,44.171455
2019-04-02 18:00:00.000,49.69313
2019-04-02 20:00:00.000,47.39546
2019-04-02 22:00:00.000,29.42339
2019-04-03 00:00:00.000,14.867664
2019-04-03 02:00:00.000,11.586103
2019-04-03 04:00:00.000,19.08468
2019-04-03 06:00:00.000,33.985287
2019-04-03 08:00:00.000,41.683784
2019-04-03 10:00:00.000,44.579678
2019-04-03 12:00:00.000,44.418327
2019-04-03 14:00:00.000,43.50595
2019-04-03 16:00:00.000,44.1621
2019-04-03 18:00:00.000,49.652107
2019-04-03 20:00:00.000,47.908073
2019-04-03 22:00:00.000,29.84615
2019-04-04 00:00:00.000,15.278064
2019-04-04 02:00:00.000,12.100437
2019-04-04 04:00:00.000,19.773808
2019-04-04 06:00:00.000,34.471615
2019-04-04 08:00:00.000,41.66013
2019-04-04 10:00:00.000,43.99969
2019-04-04 12:00:00.000,45.3099
2019-04-04 14:00:00.000,44.44718
2019-04-04 16:00:00.000,44.19337
2019-04-04 18:00:00.000,49.93774
2019-04-04 20:00:00.000,47.658943
2019-04-04 22:00:00.000,29.366241
2019-04-05 00:00:00.000,14.98141
2019-04-05 02:00:00.000,12.08312
2019-04-05 04:00:00.000,19.837885
2019-04-05 06:00:00.000,34.35245
2019-04-05 08:00:00.000,41.652645
2019-04-05 10:00:00.000,44.32799
2019-04-05 12:00:00.000,45.470257
2019-04-05 14:00:00.000,43.6728
2019-04-05 16:00:00.000,43.35021
2019-04-05 18:00:00.000,49.30643
2019-04-05 20:00:00.000,49.178104
2019-04-05 22:00:00.000,31.975025
2019-04-06 00:00:00.000,16.832401
2019-04-06 02:00:00.000,13.164337
2019-04-06 04:00:00.000,20.233906
2019-04-06 06:00:00.000,37.949165
2019-04-06 08:00:00.000,48.002487
2019-04-06 10:00:00.000,48.802452
2019-04-06 12:00:00.000,47.770878
2019-04-06 14:00:00.000,43.009262
2019-04-06 16:00:00.000,41.03195
2019-04-06 18:00:00.000,45.892105
2019-04-06 20:00:00.000,47.0564
2019-04-06 22:00:00.000,33.03126
2019-04-07 00:00:00.000,18.352133
2019-04-07 02:00:00.000,13.508802
2019-04-07 04:00:00.000,19.421333
2019-04-07 06:00:00.000,37.752014
2019-04-07 08:00:00.000,50.95153
2019-04-07 10:00:00.000,51.39751
2019-04-07 12:00:00.000,49.778564
2019-04-07 14:00:00.000,45.13226
2019-04-07 16:00:00.000,42.929905
2019-04-07 18:00:00.000,45.925594
2019-04-07 20:00:00.000,45.47018
2019-04-07 22:00:00.000,30.304976
2019-04-08 00:00:00.000,16.065088
2019-04-08 02:00:00.000,12.390858
2019-04-08 04:00:00.000,19.504519
2019-04-08 06:00:00.000,34.149498
2019-04-08 08:00:00.000,42.634377
2019-04-08 10:00:00.000,45.34753
2019-04-08 12:00:00.000,45.842705
2019-04-08 14:00:00.000,44.142498
2019-04-08 16:00:00.000,44.68661
2019-04-08 18:00:00.000,50.624855
2019-04-08 20:00:00.000,48.694794
2019-04-08 22:00:00.000,29.864183
2019-04-09 00:00:00.000,15.251161
2019-04-09 02:00:00.000,12.260742
2019-04-09 04:00:00.000,19.971933
2019-04-09 06:00:00.000,34.65295
2019-04-09 08:00:00.000,41.851727
2019-04-09 10:00:00.000,43.53497
2019-04-09 12:00:00.000,43.846977
2019-04-09 14:00:00.000,42.618744
2019-04-09 16:00:00.000,43.178474
2019-04-09 18:00:00.000,49.633247
2019-04-09 20:00:00.000,47.98048
2019-04-09 22:00:00.000,29.646448
2019-04-10 00:00:00.000,15.193367
2019-04-10 02:00:00.000,12.215994
2019-04-10 04:00:00.000,20.082964
2019-04-10 06:00:00.000,34.8616
2019-04-10 08:00:00.000,41.989582
2019-04-10 10:00:00.000,43.649837
2019-04-10 12:00:00.000,43.73037
2019-04-10 14:00:00.000,42.32812
2019-04-10 16:00:00.000,43.258083
2019-04-10 18:00:00.000,49.52331
2019-04-10 20:00:00.000,47.630535
2019-04-10 22:00:00.000,29.490797
2019-04-11 00:00:00.000,15.204926
2019-04-11 02:00:00.000,12.4417515
2019-04-11 04:00:00.000,20.199797
2019-04-11 06:00:00.000,34.55572
2019-04-11 08:00:00.000,41.04637
2019-04-11 10:00:00.000,42.693188
2019-04-11 12:00:00.000,42.72431
2019-04-11 14:00:00.000,41.64122
2019-04-11 16:00:00.000,42.267227
2019-04-11 18:00:00.000,49.56327
2019-04-11 20:00:00.000,47.91136
2019-04-11 22:00:00.000,29.146444
2019-04-12 00:00:00.000,15.202614
2019-04-12 02:00:00.000,12.494569
2019-04-12 04:00:00.000,20.638023
2019-04-12 06:00:00.000,34.99398
2019-04-12 08:00:00.000,41.86201
2019-04-12 10:00:00.000,43.836475
2019-04-12 12:00:00.000,44.06781
2019-04-12 14:00:00.000,42.10889
2019-04-12 16:00:00.000,42.48881
2019-04-12 18:00:00.000,49.129013
2019-04-12 20:00:00.000,49.335976
2019-04-12 22:00:00.000,31.787767
2019-04-13 00:00:00.000,16.80967
2019-04-13 02:00:00.000,13.1985035
2019-04-13 04:00:00.000,20.364344
2019-04-13 06:00:00.000,37.799328
2019-04-13 08:00:00.000,47.82773
2019-04-13 10:00:00.000,48.69628
2019-04-13 12:00:00.000,47.598763
2019-04-13 14:00:00.000,42.60474
2019-04-13 16:00:00.000,40.83421
2019-04-13 18:00:00.000,44.869583
2019-04-13 20:00:00.000,46.204254
2019-04-13 22:00:00.000,32.81835
2019-04-14 00:00:00.000,18.035883
2019-04-14 02:00:00.000,13.438428
2019-04-14 04:00:00.000,19.47179
2019-04-14 06:00:00.000,37.310135
2019-04-14 08:00:00.000,50.938988
2019-04-14 10:00:00.000,52.11646
2019-04-14 12:00:00.000,49.71018
2019-04-14 14:00:00.000,46.095905
2019-04-14 16:00:00.000,44.551895
2019-04-14 18:00:00.000,47.33355
2019-04-14 20:00:00.000,45.210697
2019-04-14 22:00:00.000,29.954762
2019-04-15 00:00:00.000,15.872263
2019-04-15 02:00:00.000,12.383338
2019-04-15 04:00:00.000,19.434797
2019-04-15 06:00:00.000,34.097256
2019-04-15 08:00:00.000,40.77178
2019-04-15 10:00:00.000,42.889156
2019-04-15 12:00:00.000,44.884583
2019-04-15 14:00:00.000,43.854443
2019-04-15 16:00:00.000,43.42734
2019-04-15 18:00:00.000,49.12136
2019-04-15 20:00:00.000,47.42452
2019-04-15 22:00:00.000,29.257454
2019-04-16 00:00:00.000,14.918207
2019-04-16 02:00:00.000,12.445324
2019-04-16 04:00:00.000,20.332266
2019-04-16 06:00:00.000,35.421535
2019-04-16 08:00:00.000,41.730206
2019-04-16 10:00:00.000,43.49687
2019-04-16 12:00:00.000,45.271996
2019-04-16 14:00:00.000,44.776016
2019-04-16 16:00:00.000,44.437943
2019-04-16 18:00:00.000,49.872562
2019-04-16 20:00:00.000,47.77002
2019-04-16 22:00:00.000,29.2378
2019-04-17 00:00:00.000,14.988824
2019-04-17 02:00:00.000,12.549617
2019-04-17 04:00:00.000,20.734364
2019-04-17 06:00:00.000,36.12553
2019-04-17 08:00:00.000,42.520065
2019-04-17 10:00:00.000,43.974728
2019-04-17 12:00:00.000,45.009865
2019-04-17 14:00:00.000,43.89542
2019-04-17 16:00:00.000,44.64063
2019-04-17 18:00:00.000,50.06814
2019-04-17 20:00:00.000,47.685318
2019-04-17 22:00:00.000,28.604624
2019-04-18 00:00:00.000,14.6452
2019-04-18 02:00:00.000,12.388128
2019-04-18 04:00:00.000,20.666725
2019-04-18 06:00:00.000,35.31404
2019-04-18 08:00:00.000,41.115623
2019-04-18 10:00:00.000,42.95618
2019-04-18 12:00:00.000,44.597454
2019-04-18 14:00:00.000,43.291172
2019-04-18 16:00:00.000,43.22744
2019-04-18 18:00:00.000,48.987396
2019-04-18 20:00:00.000,46.836033
2019-04-18 22:00:00.000,28.459425
2019-04-19 00:00:00.000,14.650988
2019-04-19 02:00:00.000,12.413168
2019-04-19 04:00:00.000,20.210005
2019-04-19 06:00:00.000,34.301315
2019-04-19 08:00:00.000,39.776226
2019-04-19 10:00:00.000,42.220337
2019-04-19 12:00:00.000,44.43123
2019-04-19 14:00:00.000,42.164574
2019-04-19 16:00:00.000,42.091377
2019-04-19 18:00:00.000,50.308147
2019-04-19 20:00:00.000,48.705128
2019-04-19 22:00:00.000,31.71893
2019-04-20 00:00:00.000,16.940636
2019-04-20 02:00:00.000,13.673625
2019-04-20 04:00:00.000,21.270473
2019-04-20 06:00:00.000,39.27999
2019-04-20 08:00:00.000,49.38312
2019-04-20 10:00:00.000,49.818417
2019-04-20 12:00:00.000,49.027683
2019-04-20 14:00:00.000,44.241642
2019-04-20 16:00:00.000,41.44597
2019-04-20 18:00:00.000,46.12905
2019-04-20 20:00:00.000,47.792557
2019-04-20 22:00:00.000,33.49155
2019-04-21 00:00:00.000,18.153067
2019-04-21 02:00:00.000,13.761403
2019-04-21 04:00:00.000,20.258003
2019-04-21 06:00:00.000,38.72534
2019-04-21 08:00:00.000,51.217705
2019-04-21 10:00:00.000,51.937572
2019-04-21 12:00:00.000,50.784885
2019-04-21 14:00:00.000,46.00684
2019-04-21 16:00:00.000,43.884914
2019-04-21 18:00:00.000,48.882805
2019-04-21 20:00:00.000,47.48072
2019-04-21 22:00:00.000,30.501335
2019-04-22 00:00:00.000,15.768631
2019-04-22 02:00:00.000,12.685298
2019-04-22 04:00:00.000,20.29338
2019-04-22 06:00:00.000,35.12049
2019-04-22 08:00:00.000,40.062252
2019-04-22 10:00:00.000,41.668602
2019-04-22 12:00:00.000,43.756256
2019-04-22 14:00:00.000,42.460186
2019-04-22 16:00:00.000,42.435753
2019-04-22 18:00:00.000,48.474712
2019-04-22 20:00:00.000,46.713894
2019-04-22 22:00:00.000,27.905252
2019-04-23 00:00:00.000,14.612417
2019-04-23 02:00:00.000,12.398036
2019-04-23 04:00:00.000,20.573286
2019-04-23 06:00:00.000,34.916958
2019-04-23 08:00:00.000,39.57203
2019-04-23 10:00:00.000,41.12259
2019-04-23 12:00:00.000,42.661316
2019-04-23 14:00:00.000,42.32473
2019-04-23 16:00:00.000,42.76906
2019-04-23 18:00:00.000,49.384506
2019-04-23 20:00:00.000,47.813625
2019-04-23 22:00:00.000,28.373592
2019-04-24 00:00:00.000,14.475479
2019-04-24 02:00:00.000,12.352368
2019-04-24 04:00:00.000,20.690207
2019-04-24 06:00:00.000,35.16941
2019-04-24 08:00:00.000,39.895218
2019-04-24 10:00:00.000,41.86711
2019-04-24 12:00:00.000,43.046093
2019-04-24 14:00:00.000,41.991947
2019-04-24 16:00:00.000,41.535103
2019-04-24 18:00:00.000,47.658398
2019-04-24 20:00:00.000,46.686447
2019-04-24 22:00:00.000,27.676584
2019-04-25 00:00:00.000,14.309814
2019-04-25 02:00:00.000,12.231078
2019-04-25 04:00:00.000,20.568237
2019-04-25 06:00:00.000,34.76874
2019-04-25 08:00:00.000,39.37802
2019-04-25 10:00:00.000,41.379307
2019-04-25 12:00:00.000,43.345024
2019-04-25 14:00:00.000,42.79466
2019-04-25 16:00:00.000,41.587166
2019-04-25 18:00:00.000,48.031406
2019-04-25 20:00:00.000,47.517143
2019-04-25 22:00:00.000,27.857258
2019-04-26 00:00:00.000,14.200301
2019-04-26 02:00:00.000,12.508443
2019-04-26 04:00:00.000,21.085196
2019-04-26 06:00:00.000,35.42545
2019-04-26 08:00:00.000,40.71252
2019-04-26 10:00:00.000,42.714104
2019-04-26 12:00:00.000,44.127808
2019-04-26 14:00:00.000,42.128532
2019-04-26 16:00:00.000,41.168285
2019-04-26 18:00:00.000,47.32571
2019-04-26 20:00:00.000,47.974197
2019-04-26 22:00:00.000,29.92014
2019-04-27 00:00:00.000,15.613102
2019-04-27 02:00:00.000,13.036825
2019-04-27 04:00:00.000,20.565405
2019-04-27 06:00:00.000,38.732525
2019-04-27 08:00:00.000,48.3654
2019-04-27 10:00:00.000,48.022125
2019-04-27 12:00:00.000,46.04574
2019-04-27 14:00:00.000,41.19814
2019-04-27 16:00:00.000,38.832966
2019-04-27 18:00:00.000,43.27444
2019-04-27 20:00:00.000,45.67261
2019-04-27 22:00:00.000,31.2199
2019-04-28 00:00:00.000,16.942415
2019-04-28 02:00:00.000,13.167407
2019-04-28 04:00:00.000,19.353136
2019-04-28 06:00:00.000,37.252235
2019-04-28 08:00:00.000,50.393066
2019-04-28 10:00:00.000,51.06001
2019-04-28 12:00:00.000,49.711895
2019-04-28 14:00:00.000,45.6254
2019-04-28 16:00:00.000,43.40675
2019-04-28 18:00:00.000,46.53843
2019-04-28 20:00:00.000,44.4518
2019-04-28 22:00:00.000,28.182178
2019-04-29 00:00:00.000,14.957101
2019-04-29 02:00:00.000,12.2069235
2019-04-29 04:00:00.000,19.799507
2019-04-29 06:00:00.000,34.62671
2019-04-29 08:00:00.000,41.909557
2019-04-29 10:00:00.000,44.64795
2019-04-29 12:00:00.000,46.853954
2019-04-29 14:00:00.000,45.64657
2019-04-29 16:00:00.000,44.89735
2019-04-29 18:00:00.000,50.333374
2019-04-29 20:00:00.000,48.004578
2019-04-29 22:00:00.000,27.950146
2019-04-30 00:00:00.000,14.447858
2019-05-01 02:00:00.000,12.728962
2019-05-01 04:00:00.000,20.475243
2019-05-01 06:00:00.000,39.622547
2019-05-01 08:00:00.000,49.291
2019-05-01 10:00:00.000,47.686123
2019-05-01 12:00:00.000,44.179127
2019-05-01 14:00:00.000,40.902943
2019-05-01 16:00:00.000,39.27765
2019-05-01 18:00:00.000,43.958843
2019-05-01 20:00:00.000,44.67896
2019-05-01 22:00:00.000,29.836777
2019-05-02 00:00:00.000,16.266508
2019-05-02 02:00:00.000,13.102805
2019-05-02 04:00:00.000,20.351498
2019-05-02 06:00:00.000,38.25754
2019-05-02 08:00:00.000,53.25878
2019-05-02 10:00:00.000,54.36368
2019-05-02 12:00:00.000,49.52299
2019-05-02 14:00:00.000,44.473606
2019-05-02 16:00:00.000,43.70433
2019-05-02 18:00:00.000,48.602917
2019-05-02 20:00:00.000,48.44859
2019-05-02 22:00:00.000,31.525646
2019-05-03 00:00:00.000,16.77915
2019-05-03 02:00:00.000,13.124623
2019-05-03 04:00:00.000,19.980923
2019-05-03 06:00:00.000,37.93164
2019-05-03 08:00:00.000,52.953346
2019-05-03 10:00:00.000,53.69824
2019-05-03 12:00:00.000,47.889866
2019-05-03 14:00:00.000,42.727592
2019-05-03 16:00:00.000,42.0146
2019-05-03 18:00:00.000,47.274742
2019-05-03 20:00:00.000,48.087215
2019-05-03 22:00:00.000,32.00863
2019-05-04 00:00:00.000,16.684927
2019-05-04 02:00:00.000,12.451495
2019-05-04 04:00:00.000,18.318428
2019-05-04 06:00:00.000,34.72705
2019-05-04 08:00:00.000,47.559975
2019-05-04 10:00:00.000,48.899246
2019-05-04 12:00:00.000,46.247807
2019-05-04 14:00:00.000,40.664497
2019-05-04 16:00:00.000,38.53775
2019-05-04 18:00:00.000,43.397007
2019-05-04 20:00:00.000,46.512566
2019-05-04 22:00:00.000,32.49677
2019-05-05 00:00:00.000,17.478092
2019-05-05 02:00:00.000,12.773235
2019-05-05 04:00:00.000,17.928461
2019-05-05 06:00:00.000,33.45546
2019-05-05 08:00:00.000,46.319447
2019-05-05 10:00:00.000,47.59973
2019-05-05 12:00:00.000,47.203384
2019-05-05 14:00:00.000,42.61731
2019-05-05 16:00:00.000,40.791008
2019-05-05 18:00:00.000,44.9021
2019-05-05 20:00:00.000,45.045982
2019-05-05 22:00:00.000,29.333961
2019-05-06 00:00:00.000,16.140383
2019-05-06 02:00:00.000,12.069794
2019-05-06 04:00:00.000,18.24007
2019-05-06 06:00:00.000,31.847046
2019-05-06 08:00:00.000,39.479004
2019-05-06 10:00:00.000,42.130787
2019-05-06 12:00:00.000,43.545456
2019-05-06 14:00:00.000,42.12953
2019-05-06 16:00:00.000,41.783978
2019-05-06 18:00:00.000,49.38726
2019-05-06 20:00:00.000,49.85797
2019-05-06 22:00:00.000,29.00798
2019-05-07 00:00:00.000,15.005747
2019-05-07 02:00:00.000,12.111618
2019-05-07 04:00:00.000,18.895903
2019-05-07 06:00:00.000,33.456413
2019-05-07 08:00:00.000,41.831898
2019-05-07 10:00:00.000,44.84649
2019-05-07 12:00:00.000,44.573486
2019-05-07 14:00:00.000,42.210888
2019-05-07 16:00:00.000,41.482903
2019-05-07 18:00:00.000,48.454803
2019-05-07 20:00:00.000,48.645103
2019-05-07 22:00:00.000,28.726807
2019-05-08 00:00:00.000,15.032564
2019-05-08 02:00:00.000,12.003069
2019-05-08 04:00:00.000,19.2542
2019-05-08 06:00:00.000,33.497005
2019-05-08 08:00:00.000,41.21281
2019-05-08 10:00:00.000,45.496758
2019-05-08 12:00:00.000,45.51632
2019-05-08 14:00:00.000,41.959724
2019-05-08 16:00:00.000,40.781227
2019-05-08 18:00:00.000,48.311687
2019-05-08 20:00:00.000,49.893467
2019-05-08 22:00:00.000,31.609777
2019-05-09 00:00:00.000,17.287088
2019-05-09 02:00:00.000,13.661782
2019-05-09 04:00:00.000,20.098686
2019-05-09 06:00:00.000,37.472935
2019-05-09 08:00:00.000,49.84826
2019-05-09 10:00:00.000,50.192608
2019-05-09 12:00:00.000,44.14777
2019-05-09 14:00:00.000,39.589657
2019-05-09 16:00:00.000,37.957756
2019-05-09 18:00:00.000,41.77248
2019-05-09 20:00:00.000,42.9988
2019-05-09 22:00:00.000,31.118124
2019-05-10 00:00:00.000,17.130407
2019-05-10 02:00:00.000,13.20483
2019-05-10 04:00:00.000,19.412544
2019-05-10 06:00:00.000,35.518852
2019-05-10 08:00:00.000,50.669827
2019-05-10 10:00:00.000,51.885643
2019-05-10 12:00:00.000,45.930172
2019-05-10 14:00:00.000,40.145912
2019-05-10 16:00:00.000,37.807922
2019-05-10 18:00:00.000,43.52476
2019-05-10 20:00:00.000,46.89828
2019-05-10 22:00:00.000,31.639381
2019-05-11 00:00:00.000,16.927496
2019-05-11 02:00:00.000,12.70906
2019-05-11 04:00:00.000,17.603615
2019-05-11 06:00:00.000,33.082428
2019-05-11 08:00:00.000,45.437347
2019-05-11 10:00:00.000,47.474575
2019-05-11 12:00:00.000,45.064274
2019-05-11 14:00:00.000,39.744183
2019-05-11 16:00:00.000,36.959976
2019-05-11 18:00:00.000,41.858124
2019-05-11 20:00:00.000,45.97134
2019-05-11 22:00:00.000,32.16897
2019-05-12 00:00:00.000,17.73623
2019-05-12 02:00:00.000,12.641092
2019-05-12 04:00:00.000,17.377258
2019-05-12 06:00:00.000,33.221516
2019-05-12 08:00:00.000,47.02398
2019-05-12 10:00:00.000,49.466873
2019-05-12 12:00:00.000,48.222645
2019-05-12 14:00:00.000,43.064873
2019-05-12 16:00:00.000,40.952473
2019-05-12 18:00:00.000,45.530106
2019-05-12 20:00:00.000,45.567013
2019-05-12 22:00:00.000,29.880117
2019-05-13 00:00:00.000,16.337343
2019-05-13 02:00:00.000,12.542886
2019-05-13 04:00:00.000,18.781246
2019-05-13 06:00:00.000,32.29252
2019-05-13 08:00:00.000,40.75645
2019-05-13 10:00:00.000,44.424892
2019-05-13 12:00:00.000,45.696182
2019-05-13 14:00:00.000,43.41016
2019-05-13 16:00:00.000,41.521626
2019-05-13 18:00:00.000,48.60084
2019-05-13 20:00:00.000,49.70391
2019-05-13 22:00:00.000,28.923452
2019-05-14 00:00:00.000,14.647175
2019-05-14 02:00:00.000,11.871777
2019-05-14 04:00:00.000,18.641197
2019-05-14 06:00:00.000,32.565056
2019-05-14 08:00:00.000,39.822586
2019-05-14 10:00:00.000,43.346504
2019-05-14 12:00:00.000,44.544525
2019-05-14 14:00:00.000,43.465096
2019-05-14 16:00:00.000,42.702442
2019-05-14 18:00:00.000,48.632923
2019-05-14 20:00:00.000,49.298756
2019-05-14 22:00:00.000,29.316767
2019-05-15 00:00:00.000,15.000876
2019-05-15 02:00:00.000,12.199854
2019-05-15 04:00:00.000,19.50704
2019-05-15 06:00:00.000,34.327156
2019-05-15 08:00:00.000,42.103672
2019-05-15 10:00:00.000,45.052803
2019-05-15 12:00:00.000,45.187878
2019-05-15 14:00:00.000,43.23579
2019-05-15 16:00:00.000,42.507175
2019-05-15 18:00:00.000,49.03796
2019-05-15 20:00:00.000,48.950302
2019-05-15 22:00:00.000,29.249493
2019-05-16 00:00:00.000,14.791196
2019-05-16 02:00:00.000,12.208311
2019-05-16 04:00:00.000,19.306208
2019-05-16 06:00:00.000,33.54491
2019-05-16 08:00:00.000,40.75796
2019-05-16 10:00:00.000,44.136158
2019-05-16 12:00:00.000,45.08956
2019-05-16 14:00:00.000,43.37435
2019-05-16 16:00:00.000,42.156513
2019-05-16 18:00:00.000,48.253803
2019-05-16 20:00:00.000,49.05671
2019-05-16 22:00:00.000,29.347086
2019-05-17 00:00:00.000,14.842282
2019-05-17 02:00:00.000,12.052314
2019-05-17 04:00:00.000,19.445559
2019-05-17 06:00:00.000,34.08858
2019-05-17 08:00:00.000,41.220882
2019-05-17 10:00:00.000,44.452724
2019-05-17 12:00:00.000,45.189278
2019-05-17 14:00:00.000,42.364735
2019-05-17 16:00:00.000,40.706554
2019-05-17 18:00:00.000,47.200123
2019-05-17 20:00:00.000,49.445206
2019-05-17 22:00:00.000,30.815304
2019-05-18 00:00:00.000,15.932718
2019-05-18 02:00:00.000,12.549951
2019-05-18 04:00:00.000,19.006758
2019-05-18 06:00:00.000,36.32258
2019-05-18 08:00:00.000,47.3132
2019-05-18 10:00:00.000,48.17558
2019-05-18 12:00:00.000,47.77503
2019-05-18 14:00:00.000,40.89798
2019-05-18 16:00:00.000,37.33983
2019-05-18 18:00:00.000,41.50978
2019-05-18 20:00:00.000,45.80427
2019-05-18 22:00:00.000,32.422283
2019-05-19 00:00:00.000,17.815098
2019-05-19 02:00:00.000,12.492837
2019-05-19 04:00:00.000,17.410524
2019-05-19 06:00:00.000,34.43961
2019-05-19 08:00:00.000,48.78596
2019-05-19 10:00:00.000,50.00723
2019-05-19 12:00:00.000,48.77051
2019-05-19 14:00:00.000,43.484642
2019-05-19 16:00:00.000,40.522614
2019-05-19 18:00:00.000,44.544792
2019-05-19 20:00:00.000,44.640503
2019-05-19 22:00:00.000,29.165955
2019-05-20 00:00:00.000,15.52746
2019-05-20 02:00:00.000,11.962366
2019-05-20 04:00:00.000,18.429422
2019-05-20 06:00:00.000,32.15711
2019-05-20 08:00:00.000,40.642387
2019-05-20 10:00:00.000,44.485897
2019-05-20 12:00:00.000,46.196922
2019-05-20 14:00:00.000,44.655178
2019-05-20 16:00:00.000,43.452427
2019-05-20 18:00:00.000,48.10826
2019-05-20 20:00:00.000,48.980217
2019-05-20 22:00:00.000,29.111437
2019-05-21 00:00:00.000,14.535566
2019-05-21 02:00:00.000,11.657187
2019-05-21 04:00:00.000,18.776482
2019-05-21 06:00:00.000,32.68981
2019-05-21 08:00:00.000,40.91342
2019-05-21 10:00:00.000,44.18701
2019-05-21 12:00:00.000,45.253094
2019-05-21 14:00:00.000,43.883327
2019-05-21 16:00:00.000,42.03635
2019-05-21 18:00:00.000,47.794
2019-05-21 20:00:00.000,47.759216
2019-05-21 22:00:00.000,28.592306
2019-05-22 00:00:00.000,14.586833
2019-05-22 02:00:00.000,11.642692
2019-05-22 04:00:00.000,18.667938
2019-05-22 06:00:00.000,32.92214
2019-05-22 08:00:00.000,40.617844
2019-05-22 10:00:00.000,43.84397
2019-05-22 12:00:00.000,44.00934
2019-05-22 14:00:00.000,41.895996
2019-05-22 16:00:00.000,41.931374
2019-05-22 18:00:00.000,48.288868
2019-05-22 20:00:00.000,48.806572
2019-05-22 22:00:00.000,28.572252
2019-05-23 00:00:00.000,14.451516
2019-05-23 02:00:00.000,11.788122
2019-05-23 04:00:00.000,18.57952
2019-05-23 06:00:00.000,32.054287
2019-05-23 08:00:00.000,40.391064
2019-05-23 10:00:00.000,44.960434
2019-05-23 12:00:00.000,45.552467
2019-05-23 14:00:00.000,42.89848
2019-05-23 16:00:00.000,42.013786
2019-05-23 18:00:00.000,48.99692
2019-05-23 20:00:00.000,48.50838
2019-05-23 22:00:00.000,28.751513
2019-05-24 00:00:00.000,14.637394
2019-05-24 02:00:00.000,11.901523
2019-05-24 04:00:00.000,19.055103
2019-05-24 06:00:00.000,35.002934
2019-05-24 08:00:00.000,45.841537
2019-05-24 10:00:00.000,48.67192
2019-05-24 12:00:00.000,46.580425
2019-05-24 14:00:00.000,41.602417
2019-05-24 16:00:00.000,40.009968
2019-05-24 18:00:00.000,45.76687
2019-05-24 20:00:00.000,48.154045
2019-05-24 22:00:00.000,30.676878
2019-05-25 00:00:00.000,15.899989
2019-05-25 02:00:00.000,12.178507
2019-05-25 04:00:00.000,18.651772
2019-05-25 06:00:00.000,34.998703
2019-05-25 08:00:00.000,46.133385
2019-05-25 10:00:00.000,47.77658
2019-05-25 12:00:00.000,46.300774
2019-05-25 14:00:00.000,39.979202
2019-05-25 16:00:00.000,37.931274
2019-05-25 18:00:00.000,42.303165
2019-05-25 20:00:00.000,45.14019
2019-05-25 22:00:00.000,31.195156
2019-05-26 00:00:00.000,16.724562
2019-05-26 02:00:00.000,11.9535675
2019-05-26 04:00:00.000,16.734455
2019-05-26 06:00:00.000,32.773182
2019-05-26 08:00:00.000,46.977425
2019-05-26 10:00:00.000,48.60909
2019-05-26 12:00:00.000,47.398083
2019-05-26 14:00:00.000,43.5211
2019-05-26 16:00:00.000,41.061745
2019-05-26 18:00:00.000,44.694984
2019-05-26 20:00:00.000,46.15019
2019-05-26 22:00:00.000,30.441496
2019-05-27 00:00:00.000,16.10836
2019-05-27 02:00:00.000,12.238101
2019-05-27 04:00:00.000,18.487234
2019-05-27 06:00:00.000,33.530384
2019-05-27 08:00:00.000,45.070255
2019-05-27 10:00:00.000,48.13286
2019-05-27 12:00:00.000,47.29653
2019-05-27 14:00:00.000,42.84019
2019-05-27 16:00:00.000,40.928864
2019-05-27 18:00:00.000,45.8156
2019-05-27 20:00:00.000,47.737732
2019-05-27 22:00:00.000,30.090603
2019-05-28 00:00:00.000,15.477328
2019-05-28 02:00:00.000,12.252433
2019-05-28 04:00:00.000,19.133928
2019-05-28 06:00:00.000,34.84601
2019-05-28 08:00:00.000,46.340603
2019-05-28 10:00:00.000,48.171173
2019-05-28 12:00:00.000,45.388702
2019-05-28 14:00:00.000,41.30967
2019-05-28 16:00:00.000,39.671192
2019-05-28 18:00:00.000,45.695442
2019-05-28 20:00:00.000,48.004864
2019-05-28 22:00:00.000,29.905554
2019-05-29 00:00:00.000,15.270966
2019-05-29 02:00:00.000,12.019506
2019-05-29 04:00:00.000,18.955566
2019-05-29 06:00:00.000,34.48761
2019-05-29 08:00:00.000,45.426422
2019-05-29 10:00:00.000,48.117916
2019-05-29 12:00:00.000,44.879494
2019-05-29 14:00:00.000,40.405663
2019-05-29 16:00:00.000,39.350704
2019-05-29 18:00:00.000,44.893032
2019-05-29 20:00:00.000,47.433872
2019-05-29 22:00:00.000,29.820675
2019-05-30 00:00:00.000,15.289922
2019-05-30 02:00:00.000,11.95573
2019-05-30 04:00:00.000,19.043743
2019-05-30 06:00:00.000,35.1242
2019-05-30 08:00:00.000,45.871563
2019-05-30 10:00:00.000,47.65929
2019-05-30 12:00:00.000,45.325565
2019-05-30 14:00:00.000,41.164413
2019-05-30 16:00:00.000,40.11598
2019-05-30 18:00:00.000,45.332752
2019-05-30 20:00:00.000,48.146343
2019-05-30 22:00:00.000,30.463593
2019-05-31 00:00:00.000,15.371602
2019-06-01 02:00:00.000,11.751974
2019-06-01 04:00:00.000,17.06508
2019-06-01 06:00:00.000,32.526443
2019-06-01 08:00:00.000,43.885124
2019-06-01 10:00:00.000,44.99523
2019-06-01 12:00:00.000,43.45889
2019-06-01 14:00:00.000,38.379524
2019-06-01 16:00:00.000,35.33989
2019-06-01 18:00:00.000,39.06273
2019-06-01 20:00:00.000,43.773144
2019-06-01 22:00:00.000,31.379028
2019-06-02 00:00:00.000,17.171623
2019-06-02 02:00:00.000,11.861092
2019-06-02 04:00:00.000,16.39496
2019-06-02 06:00:00.000,31.18803
2019-06-02 08:00:00.000,44.78369
2019-06-02 10:00:00.000,47.711533
2019-06-02 12:00:00.000,46.887196
2019-06-02 14:00:00.000,41.953728
2019-06-02 16:00:00.000,38.628616
2019-06-02 18:00:00.000,42.537247
2019-06-02 20:00:00.000,46.91724
2019-06-02 22:00:00.000,32.03166
2019-06-03 00:00:00.000,16.488237
2019-06-03 02:00:00.000,11.874564
2019-06-03 04:00:00.000,18.002195
2019-06-03 06:00:00.000,33.552757
2019-06-03 08:00:00.000,46.139812
2019-06-03 10:00:00.000,49.89767
2019-06-03 12:00:00.000,47.548653
2019-06-03 14:00:00.000,43.028503
2019-06-03 16:00:00.000,41.05917
2019-06-03 18:00:00.000,46.953632
2019-06-03 20:00:00.000,49.71359
2019-06-03 22:00:00.000,31.719454
2019-06-04 00:00:00.000,15.795614
2019-06-04 02:00:00.000,12.232681
2019-06-04 04:00:00.000,18.924578
2019-06-04 06:00:00.000,34.601254
2019-06-04 08:00:00.000,47.533615
2019-06-04 10:00:00.000,50.690395
2019-06-04 12:00:00.000,47.99887
2019-06-04 14:00:00.000,43.645798
2019-06-04 16:00:00.000,42.035076
2019-06-04 18:00:00.000,46.28043
2019-06-04 20:00:00.000,48.92114
2019-06-04 22:00:00.000,31.583963
2019-06-05 00:00:00.000,15.986515
2019-06-05 02:00:00.000,12.319576
2019-06-05 04:00:00.000,19.220083
2019-06-05 06:00:00.000,34.042847
2019-06-05 08:00:00.000,45.723167
2019-06-05 10:00:00.000,49.622936
2019-06-05 12:00:00.000,47.30125
2019-06-05 14:00:00.000,42.550068
2019-06-05 16:00:00.000,40.338024
2019-06-05 18:00:00.000,45.914062
2019-06-05 20:00:00.000,49.382496
2019-06-05 22:00:00.000,31.763926
2019-06-06 00:00:00.000,16.05528
2019-06-06 02:00:00.000,12.327069
2019-06-06 04:00:00.000,18.89449
2019-06-06 06:00:00.000,33.73369
2019-06-06 08:00:00.000,45.462364
2019-06-06 10:00:00.000,48.665375
2019-06-06 12:00:00.000,46.054726
2019-06-06 14:00:00.000,41.570187
2019-06-06 16:00:00.000,40.10302
2019-06-06 18:00:00.000,45.052135
2019-06-06 20:00:00.000,48.310535
2019-06-06 22:00:00.000,32.123863
2019-06-07 00:00:00.000,16.225853
2019-06-07 02:00:00.000,12.201767
2019-06-07 04:00:00.000,18.917185
2019-06-07 06:00:00.000,34.236893
2019-06-07 08:00:00.000,46.143055
2019-06-07 10:00:00.000,48.96446
2019-06-07 12:00:00.000,45.63159
2019-06-07 14:00:00.000,40.732525
2019-06-07 16:00:00.000,38.45319
2019-06-07 18:00:00.000,42.50409
2019-06-07 20:00:00.000,47.254948
2019-06-07 22:00:00.000,32.842422
2019-06-08 00:00:00.000,17.120012
2019-06-08 02:00:00.000,12.047683
2019-06-08 04:00:00.000,17.24821
2019-06-08 06:00:00.000,32.42586
2019-06-08 08:00:00.000,44.0434
2019-06-08 10:00:00.000,45.29808
2019-06-08 12:00:00.000,43.454044
2019-06-08 14:00:00.000,38.10842
2019-06-08 16:00:00.000,35.492077
2019-06-08 18:00:00.000,38.42075
2019-06-08 20:00:00.000,44.25277
2019-06-08 22:00:00.000,32.907486
2019-06-09 00:00:00.000,17.71602
2019-06-09 02:00:00.000,12.254159
2019-06-09 04:00:00.000,16.755266
2019-06-09 06:00:00.000,31.342249
2019-06-09 08:00:00.000,44.24133
2019-06-09 10:00:00.000,46.41037
2019-06-09 12:00:00.000,46.056152
2019-06-09 14:00:00.000,41.075413
2019-06-09 16:00:00.000,38.592743
2019-06-09 18:00:00.000,42.16412
2019-06-09 20:00:00.000,46.528667
2019-06-09 22:00:00.000,33.26148
2019-06-10 00:00:00.000,17.15517
2019-06-10 02:00:00.000,12.784101
2019-06-10 04:00:00.000,18.844841
2019-06-10 06:00:00.000,34.412914
2019-06-10 08:00:00.000,44.962788
2019-06-10 10:00:00.000,46.65716
2019-06-10 12:00:00.000,44.85861
2019-06-10 14:00:00.000,40.887894
2019-06-10 16:00:00.000,38.95416
2019-06-10 18:00:00.000,43.666447
2019-06-10 20:00:00.000,48.22812
2019-06-10 22:00:00.000,32.737495
2019-06-11 00:00:00.000,16.601505
2019-06-11 02:00:00.000,12.625758
2019-06-11 04:00:00.000,19.230946
2019-06-11 06:00:00.000,34.46401
2019-06-11 08:00:00.000,45.554348
2019-06-11 10:00:00.000,47.900227
2019-06-11 12:00:00.000,44.648834
2019-06-11 14:00:00.000,40.04578
2019-06-11 16:00:00.000,38.19556
2019-06-11 18:00:00.000,42.368206
2019-06-11 20:00:00.000,47.83211
2019-06-11 22:00:00.000,33.913177
2019-06-12 00:00:00.000,17.89146
2019-06-12 02:00:00.000,12.771303
2019-06-12 04:00:00.000,18.367462
2019-06-12 06:00:00.000,34.611404
2019-06-12 08:00:00.000,49.016167
2019-06-12 10:00:00.000,50.567135
2019-06-12 12:00:00.000,46.138485
2019-06-12 14:00:00.000,40.691925
2019-06-12 16:00:00.000,39.609894
2019-06-12 18:00:00.000,44.15701
2019-06-12 20:00:00.000,47.432793
2019-06-12 22:00:00.000,32.22767
2019-06-13 00:00:00.000,16.682919
2019-06-13 02:00:00.000,12.411674
2019-06-13 04:00:00.000,18.792692
2019-06-13 06:00:00.000,33.87703
2019-06-13 08:00:00.000,46.029133
2019-06-13 10:00:00.000,48.86535
2019-06-13 12:00:00.000,45.75407
2019-06-13 14:00:00.000,41.06332
2019-06-13 16:00:00.000,39.98338
2019-06-13 18:00:00.000,45.60843
2019-06-13 20:00:00.000,48.385365
2019-06-13 22:00:00.000,31.702925
2019-06-14 00:00:00.000,16.529137
2019-06-14 02:00:00.000,12.689014
2019-06-14 04:00:00.000,19.081573
2019-06-14 06:00:00.000,33.67929
2019-06-14 08:00:00.000,45.53908
2019-06-14 10:00:00.000,48.522316
2019-06-14 12:00:00.000,45.682144
2019-06-14 14:00:00.000,40.692017
2019-06-14 16:00:00.000,39.401978
2019-06-14 18:00:00.000,43.551086
2019-06-14 20:00:00.000,47.30399
2019-06-14 22:00:00.000,32.86397
2019-06-15 00:00:00.000,17.187885
2019-06-15 02:00:00.000,12.347933
2019-06-15 04:00:00.000,17.248045
2019-06-15 06:00:00.000,31.687618
2019-06-15 08:00:00.000,43.75547
2019-06-15 10:00:00.000,45.60718
2019-06-15 12:00:00.000,43.777225
2019-06-15 14:00:00.000,38.75893
2019-06-15 16:00:00.000,36.188877
2019-06-15 18:00:00.000,39.552895
2019-06-15 20:00:00.000,45.3329
2019-06-15 22:00:00.000,33.989326
2019-06-16 00:00:00.000,18.433943
2019-06-16 02:00:00.000,12.379283
2019-06-16 04:00:00.000,16.435179
2019-06-16 06:00:00.000,30.500708
2019-06-16 08:00:00.000,44.29713
2019-06-16 10:00:00.000,47.30123
2019-06-16 12:00:00.000,46.845093
2019-06-16 14:00:00.000,42.1968
2019-06-16 16:00:00.000,40.121666
2019-06-16 18:00:00.000,43.39618
2019-06-16 20:00:00.000,47.460163
2019-06-16 22:00:00.000,33.851826
2019-06-17 00:00:00.000,17.704325
2019-06-17 02:00:00.000,12.835316
2019-06-17 04:00:00.000,18.66357
2019-06-17 06:00:00.000,33.272976
2019-06-17 08:00:00.000,44.765377
2019-06-17 10:00:00.000,47.831577
2019-06-17 12:00:00.000,45.088066
2019-06-17 14:00:00.000,41.084183
2019-06-17 16:00:00.000,39.614273
2019-06-17 18:00:00.000,44.229893
2019-06-17 20:00:00.000,47.183422
2019-06-17 22:00:00.000,32.24573
2019-06-18 00:00:00.000,16.748747
2019-06-18 02:00:00.000,12.496684
2019-06-18 04:00:00.000,18.635374
2019-06-18 06:00:00.000,33.497604
2019-06-18 08:00:00.000,45.26545
2019-06-18 10:00:00.000,47.710243
2019-06-18 12:00:00.000,44.290398
2019-06-18 14:00:00.000,39.958866
2019-06-18 16:00:00.000,38.042793
2019-06-18 18:00:00.000,42.974606
2019-06-18 20:00:00.000,47.41199
2019-06-18 22:00:00.000,32.67616
2019-06-19 00:00:00.000,16.794035
2019-06-19 02:00:00.000,12.392257
2019-06-19 04:00:00.000,18.382204
2019-06-19 06:00:00.000,33.07435
2019-06-19 08:00:00.000,44.251667
2019-06-19 10:00:00.000,47.23016
2019-06-19 12:00:00.000,43.990887
2019-06-19 14:00:00.000,39.20866
2019-06-19 16:00:00.000,37.643955
2019-06-19 18:00:00.000,42.006603
2019-06-19 20:00:00.000,46.84884
2019-06-19 22:00:00.000,32.24254
2019-06-20 00:00:00.000,16.841938
2019-06-20 02:00:00.000,12.390995
2019-06-20 04:00:00.000,18.3518
2019-06-20 06:00:00.000,32.746407
2019-06-20 08:00:00.000,43.57974
2019-06-20 10:00:00.000,46.727932
2019-06-20 12:00:00.000,44.70652
2019-06-20 14:00:00.000,39.09371
2019-06-20 16:00:00.000,36.576202
2019-06-20 18:00:00.000,41.372623
2019-06-20 20:00:00.000,45.739697
2019-06-20 22:00:00.000,32.245464
2019-06-21 00:00:00.000,16.755102
2019-06-21 02:00:00.000,12.538097
2019-06-21 04:00:00.000,18.361977
2019-06-21 06:00:00.000,32.47287
2019-06-21 08:00:00.000,43.365185
2019-06-21 10:00:00.000,45.725864
2019-06-21 12:00:00.000,42.574303
2019-06-21 14:00:00.000,37.544064
2019-06-21 16:00:00.000,35.601406
2019-06-21 18:00:00.000,39.952805
2019-06-21 20:00:00.000,45.328964
2019-06-21 22:00:00.000,32.834957
2019-06-22 00:00:00.000,17.348997
2019-06-22 02:00:00.000,12.05173
2019-06-22 04:00:00.000,16.45988
2019-06-22 06:00:00.000,30.860134
2019-06-22 08:00:00.000,41.98343
2019-06-22 10:00:00.000,43.41794
2019-06-22 12:00:00.000,41.720314
2019-06-22 14:00:00.000,37.059006
2019-06-22 16:00:00.000,34.19083
2019-06-22 18:00:00.000,37.74878
2019-06-22 20:00:00.000,43.389347
2019-06-22 22:00:00.000,33.339382
2019-06-23 00:00:00.000,17.904095
2019-06-23 02:00:00.000,11.883195
2019-06-23 04:00:00.000,15.595857
2019-06-23 06:00:00.000,29.565447
2019-06-23 08:00:00.000,42.97257
2019-06-23 10:00:00.000,45.29626
2019-06-23 12:00:00.000,44.460636
2019-06-23 14:00:00.000,40.380695
2019-06-23 16:00:00.000,38.11756
2019-06-23 18:00:00.000,41.411526
2019-06-23 20:00:00.000,46.760647
2019-06-23 22:00:00.000,34.023083
2019-06-24 00:00:00.000,17.734108
2019-06-24 02:00:00.000,12.702098
2019-06-24 04:00:00.000,18.386988
2019-06-24 06:00:00.000,33.269238
2019-06-24 08:00:00.000,45.405174
2019-06-24 10:00:00.000,47.534203
2019-06-24 12:00:00.000,44.88021
2019-06-24 14:00:00.000,40.288944
2019-06-24 16:00:00.000,38.156006
2019-06-24 18:00:00.000,42.88257
2019-06-24 20:00:00.000,47.293053
2019-06-24 22:00:00.000,32.61241
2019-06-25 00:00:00.000,16.824974
2019-06-25 02:00:00.000,12.465956
2019-06-25 04:00:00.000,18.645216
2019-06-25 06:00:00.000,33.7755
2019-06-25 08:00:00.000,45.556175
2019-06-25 10:00:00.000,48.222744
2019-06-25 12:00:00.000,44.419346
2019-06-25 14:00:00.000,40.022533
2019-06-25 16:00:00.000,37.892395
2019-06-25 18:00:00.000,42.857468
2019-06-25 20:00:00.000,47.014683
2019-06-25 22:00:00.000,32.08262
2019-06-26 00:00:00.000,16.468897
2019-06-26 02:00:00.000,12.223938
2019-06-26 04:00:00.000,18.119171
2019-06-26 06:00:00.000,32.639355
2019-06-26 08:00:00.000,44.572918
2019-06-26 10:00:00.000,47.41414
2019-06-26 12:00:00.000,43.9175
2019-06-26 14:00:00.000,39.49267
2019-06-26 16:00:00.000,39.30487
2019-06-26 18:00:00.000,44.54963
2019-06-26 20:00:00.000,47.81261
2019-06-26 22:00:00.000,31.85915
2019-06-27 00:00:00.000,16.567537
2019-06-27 02:00:00.000,12.125816
2019-06-27 04:00:00.000,17.812763
2019-06-27 06:00:00.000,32.76802
2019-06-27 08:00:00.000,44.7629
2019-06-27 10:00:00.000,47.860344
2019-06-27 12:00:00.000,45.385857
2019-06-27 14:00:00.000,40.583477
2019-06-27 16:00:00.000,40.20549
2019-06-27 18:00:00.000,45.56887
2019-06-27 20:00:00.000,48.1191
2019-06-27 22:00:00.000,32.171658
2019-06-28 00:00:00.000,16.731524
2019-06-28 02:00:00.000,12.376231
2019-06-28 04:00:00.000,17.713982
2019-06-28 06:00:00.000,32.465355
2019-06-28 08:00:00.000,45.20834
2019-06-28 10:00:00.000,48.282207
2019-06-28 12:00:00.000,44.961796
2019-06-28 14:00:00.000,39.259525
2019-06-28 16:00:00.000,38.292355
2019-06-28 18:00:00.000,43.250755
2019-06-28 20:00:00.000,47.796967
2019-06-28 22:00:00.000,33.490673
2019-06-29 00:00:00.000,17.616224
2019-06-29 02:00:00.000,12.146524
2019-06-29 04:00:00.000,16.039572
2019-06-29 06:00:00.000,30.064339
2019-06-29 08:00:00.000,42.912086
2019-06-29 10:00:00.000,45.90203
2019-06-29 12:00:00.000,44.643246
2019-06-29 14:00:00.000,39.530743
2019-06-29 16:00:00.000,37.468533
2019-06-29 18:00:00.000,41.352272
2019-06-29 20:00:00.000,46.416496
2019-06-29 22:00:00.000,35.100677
2019-06-30 00:00:00.000,18.817808
2019-07-01 02:00:00.000,12.25338
2019-07-01 04:00:00.000,17.763851
2019-07-01 06:00:00.000,32.876125
2019-07-01 08:00:00.000,44.784847
2019-07-01 10:00:00.000,47.113163
2019-07-01 12:00:00.000,44.137512
2019-07-01 14:00:00.000,39.01889
2019-07-01 16:00:00.000,37.477654
2019-07-01 18:00:00.000,42.265892
2019-07-01 20:00:00.000,46.479176
2019-07-01 22:00:00.000,32.596806
2019-07-02 00:00:00.000,16.970284
2019-07-02 02:00:00.000,12.257463
2019-07-02 04:00:00.000,18.02715
2019-07-02 06:00:00.000,32.914154
2019-07-02 08:00:00.000,45.055737
2019-07-02 10:00:00.000,47.6091
2019-07-02 12:00:00.000,44.448677
2019-07-02 14:00:00.000,39.662983
2019-07-02 16:00:00.000,38.58513
2019-07-02 18:00:00.000,43.62973
2019-07-02 20:00:00.000,47.185123
2019-07-02 22:00:00.000,32.644333
2019-07-03 00:00:00.000,17.062365
2019-07-03 02:00:00.000,12.545297
2019-07-03 04:00:00.000,17.93149
2019-07-03 06:00:00.000,32.715973
2019-07-03 08:00:00.000,44.461838
2019-07-03 10:00:00.000,46.732346
2019-07-03 12:00:00.000,43.25814
2019-07-03 14:00:00.000,38.4124
2019-07-03 16:00:00.000,37.313515
2019-07-03 18:00:00.000,42.48682
2019-07-03 20:00:00.000,47.071896
2019-07-03 22:00:00.000,31.896233
2019-07-04 00:00:00.000,16.923098
2019-07-04 02:00:00.000,12.455534
2019-07-04 04:00:00.000,17.927755
2019-07-04 06:00:00.000,32.268044
2019-07-04 08:00:00.000,44.044693
2019-07-04 10:00:00.000,46.78739
2019-07-04 12:00:00.000,43.317738
2019-07-04 14:00:00.000,38.807526
2019-07-04 16:00:00.000,37.11067
2019-07-04 18:00:00.000,42.51406
2019-07-04 20:00:00.000,47.827545
2019-07-04 22:00:00.000,33.217392
2019-07-05 00:00:00.000,17.383244
2019-07-05 02:00:00.000,12.86216
2019-07-05 04:00:00.000,18.362633
2019-07-05 06:00:00.000,32.50645
2019-07-05 08:00:00.000,44.056984
2019-07-05 10:00:00.000,46.434242
2019-07-05 12:00:00.000,43.445553
2019-07-05 14:00:00.000,37.85676
2019-07-05 16:00:00.000,36.050053
2019-07-05 18:00:00.000,41.616074
2019-07-05 20:00:00.000,47.436893
2019-07-05 22:00:00.000,33.254704
2019-07-06 00:00:00.000,17.604475
2019-07-06 02:00:00.000,12.232316
2019-07-06 04:00:00.000,16.194551
2019-07-06 06:00:00.000,29.90258
2019-07-06 08:00:00.000,42.752056
2019-07-06 10:00:00.000,44.985756
2019-07-06 12:00:00.000,43.27206
2019-07-06 14:00:00.000,37.490894
2019-07-06 16:00:00.000,35.539524
2019-07-06 18:00:00.000,39.745457
2019-07-06 20:00:00.000,45.664925
2019-07-06 22:00:00.000,34.310326
2019-07-07 00:00:00.000,18.401367
2019-07-07 02:00:00.000,12.037514
2019-07-07 04:00:00.000,15.262633
2019-07-07 06:00:00.000,28.28046
2019-07-07 08:00:00.000,42.25285
2019-07-07 10:00:00.000,45.06821
2019-07-07 12:00:00.000,44.44589
2019-07-07 14:00:00.000,39.852898
2019-07-07 16:00:00.000,37.892765
2019-07-07 18:00:00.000,42.443993
2019-07-07 20:00:00.000,47.06086
2019-07-07 22:00:00.000,34.109375
2019-07-08 00:00:00.000,17.953108
2019-07-08 02:00:00.000,12.683697
2019-07-08 04:00:00.000,17.993353
2019-07-08 06:00:00.000,32.821373
2019-07-08 08:00:00.000,45.172543
2019-07-08 10:00:00.000,47.49581
2019-07-08 12:00:00.000,43.92189
2019-07-08 14:00:00.000,38.842823
2019-07-08 16:00:00.000,37.6531
2019-07-08 18:00:00.000,43.153725
2019-07-08 20:00:00.000,47.54066
2019-07-08 22:00:00.000,31.966333
2019-07-09 00:00:00.000,16.771719
2019-07-09 02:00:00.000,12.435746
2019-07-09 04:00:00.000,17.978008
2019-07-09 06:00:00.000,32.98841
2019-07-09 08:00:00.000,45.686974
2019-07-09 10:00:00.000,47.719097
2019-07-09 12:00:00.000,44.178116
2019-07-09 14:00:00.000,38.997173
2019-07-09 16:00:00.000,37.6814
2019-07-09 18:00:00.000,43.639534
2019-07-09 20:00:00.000,47.710224
2019-07-09 22:00:00.000,32.403675
2019-07-10 00:00:00.000,16.89214
2019-07-10 02:00:00.000,12.421242
2019-07-10 04:00:00.000,17.904264
2019-07-10 06:00:00.000,32.710987
2019-07-10 08:00:00.000,44.863052
2019-07-10 10:00:00.000,46.981052
2019-07-10 12:00:00.000,43.738373
2019-07-10 14:00:00.000,38.713406
2019-07-10 16:00:00.000,36.924026
2019-07-10 18:00:00.000,42.895252
2019-07-10 20:00:00.000,46.473698
2019-07-10 22:00:00.000,31.784746
2019-07-11 00:00:00.000,16.720747
2019-07-11 02:00:00.000,12.142876
2019-07-11 04:00:00.000,17.312567
2019-07-11 06:00:00.000,31.675177
2019-07-11 08:00:00.000,43.923775
2019-07-11 10:00:00.000,46.33866
2019-07-11 12:00:00.000,42.905315
2019-07-11 14:00:00.000,37.54647
2019-07-11 16:00:00.000,36.618763
2019-07-11 18:00:00.000,42.28548
2019-07-11 20:00:00.000,46.36604
2019-07-11 22:00:00.000,31.828644
2019-07-12 00:00:00.000,16.985804
2019-07-12 02:00:00.000,12.599349
2019-07-12 04:00:00.000,17.778107
2019-07-12 06:00:00.000,31.954166
2019-07-12 08:00:00.000,44.27913
2019-07-12 10:00:00.000,45.091038
2019-07-12 12:00:00.000,41.59641
2019-07-12 14:00:00.000,36.451958
2019-07-12 16:00:00.000,34.882988
2019-07-12 18:00:00.000,40.160107
2019-07-12 20:00:00.000,45.3304
2019-07-12 22:00:00.000,32.409534
2019-07-13 00:00:00.000,17.349201
2019-07-13 02:00:00.000,11.7446
2019-07-13 04:00:00.000,15.573474
2019-07-13 06:00:00.000,28.56015
2019-07-13 08:00:00.000,40.26207
2019-07-13 10:00:00.000,41.936718
2019-07-13 12:00:00.000,40.154423
2019-07-13 14:00:00.000,34.9962
2019-07-13 16:00:00.000,32.95098
2019-07-13 18:00:00.000,36.803707
2019-07-13 20:00:00.000,43.42766
2019-07-13 22:00:00.000,33.224236
2019-07-14 00:00:00.000,18.203169
2019-07-14 02:00:00.000,11.965056
2019-07-14 04:00:00.000,14.884127
2019-07-14 06:00:00.000,27.163918
2019-07-14 08:00:00.000,40.586998
2019-07-14 10:00:00.000,42.927853
2019-07-14 12:00:00.000,42.27068
2019-07-14 14:00:00.000,37.94007
2019-07-14 16:00:00.000,35.990616
2019-07-14 18:00:00.000,40.814
2019-07-14 20:00:00.000,45.723362
2019-07-14 22:00:00.000,32.923275
2019-07-15 00:00:00.000,17.62263
2019-07-15 02:00:00.000,12.373633
2019-07-15 04:00:00.000,17.4522
2019-07-15 06:00:00.000,31.385565
2019-07-15 08:00:00.000,43.23904
2019-07-15 10:00:00.000,45.473988
2019-07-15 12:00:00.000,42.94813
2019-07-15 14:00:00.000,38.363556
2019-07-15 16:00:00.000,36.409157
2019-07-15 18:00:00.000,41.655598
2019-07-15 20:00:00.000,46.146088
2019-07-15 22:00:00.000,31.984812
2019-07-16 00:00:00.000,16.881365
2019-07-16 02:00:00.000,12.366809
2019-07-16 04:00:00.000,17.370798
2019-07-16 06:00:00.000,31.37046
2019-07-16 08:00:00.000,43.01476
2019-07-16 10:00:00.000,45.075333
2019-07-16 12:00:00.000,42.116257
2019-07-16 14:00:00.000,37.90707
2019-07-16 16:00:00.000,36.572372
2019-07-16 18:00:00.000,42.4285
2019-07-16 20:00:00.000,46.58434
2019-07-16 22:00:00.000,32.117744
2019-07-17 00:00:00.000,16.953325
2019-07-17 02:00:00.000,12.188669
2019-07-17 04:00:00.000,17.41652
2019-07-17 06:00:00.000,31.706202
2019-07-17 08:00:00.000,43.41286
2019-07-17 10:00:00.000,45.46644
2019-07-17 12:00:00.000,42.661354
2019-07-17 14:00:00.000,37.949326
2019-07-17 16:00:00.000,36.947865
2019-07-17 18:00:00.000,42.70873
2019-07-17 20:00:00.000,47.053295
2019-07-17 22:00:00.000,32.03308
2019-07-18 00:00:00.000,17.161522
2019-07-18 02:00:00.000,12.589653
2019-07-18 04:00:00.000,17.790545
2019-07-18 06:00:00.000,32.17751
2019-07-18 08:00:00.000,43.327766
2019-07-18 10:00:00.000,44.777283
2019-07-18 12:00:00.000,42.03305
2019-07-18 14:00:00.000,37.06442
2019-07-18 16:00:00.000,35.295017
2019-07-18 18:00:00.000,41.703835
2019-07-18 20:00:00.000,46.972973
2019-07-18 22:00:00.000,32.076492
2019-07-19 00:00:00.000,16.892452
2019-07-19 02:00:00.000,12.417312
2019-07-19 04:00:00.000,17.44813
2019-07-19 06:00:00.000,31.48301
2019-07-19 08:00:00.000,43.732838
2019-07-19 10:00:00.000,45.15386
2019-07-19 12:00:00.000,41.677574
2019-07-19 14:00:00.000,36.30247
2019-07-19 16:00:00.000,34.414787
2019-07-19 18:00:00.000,39.48314
2019-07-19 20:00:00.000,45.567284
2019-07-19 22:00:00.000,33.30148
2019-07-20 00:00:00.000,17.88529
2019-07-20 02:00:00.000,12.119698
2019-07-20 04:00:00.000,16.08296
2019-07-20 06:00:00.000,29.096806
2019-07-20 08:00:00.000,40.487747
2019-07-20 10:00:00.000,42.36356
2019-07-20 12:00:00.000,40.77248
2019-07-20 14:00:00.000,35.653057
2019-07-20 16:00:00.000,32.801075
2019-07-20 18:00:00.000,36.61179
2019-07-20 20:00:00.000,43.13541
2019-07-20 22:00:00.000,33.454025
2019-07-21 00:00:00.000,18.52824
2019-07-21 02:00:00.000,11.942578
2019-07-21 04:00:00.000,14.860457
2019-07-21 06:00:00.000,27.345928
2019-07-21 08:00:00.000,40.668427
2019-07-21 10:00:00.000,44.023342
2019-07-21 12:00:00.000,42.886913
2019-07-21 14:00:00.000,38.40865
2019-07-21 16:00:00.000,36.246952
2019-07-21 18:00:00.000,40.94536
2019-07-21 20:00:00.000,46.423965
2019-07-21 22:00:00.000,34.02923
2019-07-22 00:00:00.000,18.32421
2019-07-22 02:00:00.000,12.913407
2019-07-22 04:00:00.000,17.858862
2019-07-22 06:00:00.000,32.321644
2019-07-22 08:00:00.000,44.009815
2019-07-22 10:00:00.000,45.261246
2019-07-22 12:00:00.000,42.408455
2019-07-22 14:00:00.000,37.45934
2019-07-22 16:00:00.000,35.850212
2019-07-22 18:00:00.000,41.407818
2019-07-22 20:00:00.000,46.87207
2019-07-22 22:00:00.000,33.3686
2019-07-23 00:00:00.000,17.478859
2019-07-23 02:00:00.000,12.680231
2019-07-23 04:00:00.000,17.927168
2019-07-23 06:00:00.000,32.4686
2019-07-23 08:00:00.000,44.56881
2019-07-23 10:00:00.000,45.87742
2019-07-23 12:00:00.000,43.111126
2019-07-23 14:00:00.000,38.497154
2019-07-23 16:00:00.000,36.74971
2019-07-23 18:00:00.000,42.246487
2019-07-23 20:00:00.000,47.45822
2019-07-23 22:00:00.000,32.79002
2019-07-24 00:00:00.000,17.205702
2019-07-24 02:00:00.000,12.713586
2019-07-24 04:00:00.000,17.996752
2019-07-24 06:00:00.000,32.673313
2019-07-24 08:00:00.000,44.4987
2019-07-24 10:00:00.000,46.125813
2019-07-24 12:00:00.000,42.900776
2019-07-24 14:00:00.000,37.838516
2019-07-24 16:00:00.000,36.79002
2019-07-24 18:00:00.000,43.054474
2019-07-24 20:00:00.000,47.917126
2019-07-24 22:00:00.000,33.343155
2019-07-25 00:00:00.000,17.8612
2019-07-25 02:00:00.000,13.148031
2019-07-25 04:00:00.000,18.240944
2019-07-25 06:00:00.000,32.86468
2019-07-25 08:00:00.000,44.192337
2019-07-25 10:00:00.000,45.449425
2019-07-25 12:00:00.000,42.72502
2019-07-25 14:00:00.000,37.556816
2019-07-25 16:00:00.000,36.231358
2019-07-25 18:00:00.000,42.244877
2019-07-25 20:00:00.000,47.14788
2019-07-25 22:00:00.000,33.358963
2019-07-26 00:00:00.000,17.816189
2019-07-26 02:00:00.000,12.8618555
2019-07-26 04:00:00.000,17.931889
2019-07-26 06:00:00.000,31.951904
2019-07-26 08:00:00.000,43.461937
2019-07-26 10:00:00.000,44.49565
2019-07-26 12:00:00.000,41.414127
2019-07-26 14:00:00.000,36.092415
2019-07-26 16:00:00.000,34.17764
2019-07-26 18:00:00.000,39.063995
2019-07-26 20:00:00.000,45.138096
2019-07-26 22:00:00.000,33.406857
2019-07-27 00:00:00.000,18.222837
2019-07-27 02:00:00.000,12.43819
2019-07-27 04:00:00.000,16.246729
2019-07-27 06:00:00.000,29.715246
2019-07-27 08:00:00.000,41.21879
2019-07-27 10:00:00.000,42.505505
2019-07-27 12:00:00.000,41.787056
2019-07-27 14:00:00.000,36.947903
2019-07-27 16:00:00.000,33.7557
2019-07-27 18:00:00.000,37.647457
2019-07-27 20:00:00.000,43.725685
2019-07-27 22:00:00.000,33.584892
2019-07-28 00:00:00.000,19.192877
2019-07-28 02:00:00.000,13.1637
2019-07-28 04:00:00.000,16.175632
2019-07-28 06:00:00.000,29.118206
2019-07-28 08:00:00.000,42.044
2019-07-28 10:00:00.000,44.37718
2019-07-28 12:00:00.000,43.98583
2019-07-28 14:00:00.000,39.60342
2019-07-28 16:00:00.000,37.168247
2019-07-28 18:00:00.000,41.09807
2019-07-28 20:00:00.000,46.633408
2019-07-28 22:00:00.000,33.846275
2019-07-29 00:00:00.000,18.451418
2019-07-29 02:00:00.000,13.2360525
2019-07-29 04:00:00.000,17.97018
2019-07-29 06:00:00.000,33.205677
2019-07-29 08:00:00.000,45.532955
2019-07-29 10:00:00.000,47.548717
2019-07-29 12:00:00.000,44.8002
2019-07-29 14:00:00.000,39.40566
2019-07-29 16:00:00.000,37.932514
2019-07-29 18:00:00.000,43.80776
2019-07-29 20:00:00.000,48.19848
2019-07-29 22:00:00.000,32.541744
2019-07-30 00:00:00.000,17.437096
2019-07-30 02:00:00.000,12.854101
2019-07-30 04:00:00.000,18.319063
2019-07-30 06:00:00.000,33.701603
2019-07-30 08:00:00.000,46.65812
2019-07-30 10:00:00.000,48.51019
2019-07-30 12:00:00.000,45.06484
2019-07-30 14:00:00.000,40.0207
2019-07-30 16:00:00.000,38.30972
2019-07-30 18:00:00.000,44.644775
2019-07-30 20:00:00.000,48.481762
2019-07-30 22:00:00.000,33.060524
2019-07-31 00:00:00.000,17.548744
2019-08-01 02:00:00.000,13.642046
2019-08-01 04:00:00.000,18.932838
2019-08-01 06:00:00.000,34.406757
2019-08-01 08:00:00.000,47.209896
2019-08-01 10:00:00.000,47.89872
2019-08-01 12:00:00.000,44.752083
2019-08-01 14:00:00.000,40.067448
2019-08-01 16:00:00.000,39.671833
2019-08-01 18:00:00.000,45.58657
2019-08-01 20:00:00.000,49.020317
2019-08-01 22:00:00.000,33.268135
2019-08-02 00:00:00.000,18.056082
2019-08-02 02:00:00.000,13.311607
2019-08-02 04:00:00.000,18.38864
2019-08-02 06:00:00.000,33.189964
2019-08-02 08:00:00.000,45.361374
2019-08-02 10:00:00.000,46.652695
2019-08-02 12:00:00.000,44.18587
2019-08-02 14:00:00.000,39.0657
2019-08-02 16:00:00.000,37.93736
2019-08-02 18:00:00.000,44.100994
2019-08-02 20:00:00.000,48.601116
2019-08-02 22:00:00.000,34.667004
2019-08-03 00:00:00.000,19.24317
2019-08-03 02:00:00.000,13.848968
2019-08-03 04:00:00.000,16.879038
2019-08-03 06:00:00.000,30.667538
2019-08-03 08:00:00.000,42.99373
2019-08-03 10:00:00.000,45.6592
2019-08-03 12:00:00.000,44.974358
2019-08-03 14:00:00.000,39.721504
2019-08-03 16:00:00.000,37.263126
2019-08-03 18:00:00.000,41.40128
2019-08-03 20:00:00.000,46.63649
2019-08-03 22:00:00.000,35.216034
2019-08-04 00:00:00.000,19.8202
2019-08-04 02:00:00.000,13.264079
2019-08-04 04:00:00.000,15.957165
2019-08-04 06:00:00.000,29.79617
2019-08-04 08:00:00.000,44.062077
2019-08-04 10:00:00.000,47.35147
2019-08-04 12:00:00.000,46.345966
2019-08-04 14:00:00.000,41.56579
2019-08-04 16:00:00.000,39.930058
2019-08-04 18:00:00.000,45.135513
2019-08-04 20:00:00.000,48.526264
2019-08-04 22:00:00.000,33.657566
2019-08-05 00:00:00.000,18.784336
2019-08-05 02:00:00.000,13.602481
2019-08-05 04:00:00.000,18.73738
2019-08-05 06:00:00.000,33.96811
2019-08-05 08:00:00.000,46.532257
2019-08-05 10:00:00.000,48.62085
2019-08-05 12:00:00.000,45.579094
2019-08-05 14:00:00.000,41.24139
2019-08-05 16:00:00.000,40.29356
2019-08-05 18:00:00.000,46.81244
2019-08-05 20:00:00.000,49.335228
2019-08-05 22:00:00.000,33.078667
2019-08-06 00:00:00.000,17.7641
2019-08-06 02:00:00.000,13.465701
2019-08-06 04:00:00.000,18.920982
2019-08-06 06:00:00.000,34.919136
2019-08-06 08:00:00.000,46.98515
2019-08-06 10:00:00.000,48.124763
2019-08-06 12:00:00.000,44.68476
2019-08-06 14:00:00.000,40.15864
2019-08-06 16:00:00.000,39.578728
2019-08-06 18:00:00.000,46.259506
2019-08-06 20:00:00.000,49.935394
2019-08-06 22:00:00.000,33.959633
2019-08-07 00:00:00.000,18.197334
2019-08-07 02:00:00.000,13.543719
2019-08-07 04:00:00.000,18.902245
2019-08-07 06:00:00.000,34.479496
2019-08-07 08:00:00.000,46.49669
2019-08-07 10:00:00.000,47.174526
2019-08-07 12:00:00.000,43.772984
2019-08-07 14:00:00.000,38.49545
2019-08-07 16:00:00.000,37.570858
2019-08-07 18:00:00.000,45.18132
2019-08-07 20:00:00.000,49.147163
2019-08-07 22:00:00.000,33.126774
2019-08-08 00:00:00.000,18.073856
2019-08-08 02:00:00.000,13.854107
2019-08-08 04:00:00.000,19.355518
2019-08-08 06:00:00.000,34.87294
2019-08-08 08:00:00.000,46.696266
2019-08-08 10:00:00.000,48.29898
2019-08-08 12:00:00.000,45.689922
2019-08-08 14:00:00.000,39.789463
2019-08-08 16:00:00.000,38.862484
2019-08-08 18:00:00.000,45.6331
2019-08-08 20:00:00.000,49.854015
2019-08-08 22:00:00.000,34.50601
2019-08-09 00:00:00.000,19.243599
2019-08-09 02:00:00.000,14.539527
2019-08-09 04:00:00.000,19.6907
2019-08-09 06:00:00.000,34.697994
2019-08-09 08:00:00.000,47.324974
2019-08-09 10:00:00.000,49.00361
2019-08-09 12:00:00.000,45.850563
2019-08-09 14:00:00.000,40.23997
2019-08-09 16:00:00.000,38.510136
2019-08-09 18:00:00.000,43.97793
2019-08-09 20:00:00.000,48.728046
2019-08-09 22:00:00.000,34.937717
2019-08-10 00:00:00.000,19.374018
2019-08-10 02:00:00.000,13.508351
2019-08-10 04:00:00.000,17.283472
2019-08-10 06:00:00.000,31.858278
2019-08-10 08:00:00.000,44.85297
2019-08-10 10:00:00.000,47.215805
2019-08-10 12:00:00.000,46.846073
2019-08-10 14:00:00.000,41.433792
2019-08-10 16:00:00.000,37.929127
2019-08-10 18:00:00.000,42.059864
2019-08-10 20:00:00.000,46.721836
2019-08-10 22:00:00.000,35.17549
2019-08-11 00:00:00.000,19.957727
2019-08-11 02:00:00.000,13.798154
2019-08-11 04:00:00.000,17.036001
2019-08-11 06:00:00.000,30.304497
2019-08-11 08:00:00.000,44.143192
2019-08-11 10:00:00.000,47.6663
2019-08-11 12:00:00.000,46.81423
2019-08-11 14:00:00.000,42.034523
2019-08-11 16:00:00.000,40.223312
2019-08-11 18:00:00.000,45.35166
2019-08-11 20:00:00.000,48.769283
2019-08-11 22:00:00.000,34.707603
2019-08-12 00:00:00.000,19.155636
2019-08-12 02:00:00.000,13.678844
2019-08-12 04:00:00.000,18.41561
2019-08-12 06:00:00.000,32.560165
2019-08-12 08:00:00.000,44.76199
2019-08-12 10:00:00.000,47.834606
2019-08-12 12:00:00.000,45.81129
2019-08-12 14:00:00.000,40.840286
2019-08-12 16:00:00.000,39.50548
2019-08-12 18:00:00.000,46.244385
2019-08-12 20:00:00.000,50.142666
2019-08-12 22:00:00.000,34.843246
2019-08-13 00:00:00.000,18.484953
2019-08-13 02:00:00.000,13.271466
2019-08-13 04:00:00.000,19.060446
2019-08-13 06:00:00.000,35.120148
2019-08-13 08:00:00.000,47.403023
2019-08-13 10:00:00.000,48.71246
2019-08-13 12:00:00.000,45.46043
2019-08-13 14:00:00.000,40.501976
2019-08-13 16:00:00.000,39.52309
2019-08-13 18:00:00.000,46.48994
2019-08-13 20:00:00.000,50.3344
2019-08-13 22:00:00.000,35.258705
2019-08-14 00:00:00.000,18.741735
2019-08-14 02:00:00.000,14.162759
2019-08-14 04:00:00.000,19.217491
2019-08-14 06:00:00.000,35.057236
2019-08-14 08:00:00.000,47.41074
2019-08-14 10:00:00.000,48.039852
2019-08-14 12:00:00.000,44.593067
2019-08-14 14:00:00.000,39.473873
2019-08-14 16:00:00.000,38.426823
2019-08-14 18:00:00.000,45.043453
2019-08-14 20:00:00.000,49.34068
2019-08-14 22:00:00.000,33.355846
2019-08-15 00:00:00.000,18.030222
2019-08-15 02:00:00.000,13.144115
2019-08-15 04:00:00.000,18.491503
2019-08-15 06:00:00.000,33.182697
2019-08-15 08:00:00.000,45.799755
2019-08-15 10:00:00.000,47.466347
2019-08-15 12:00:00.000,44.742367
2019-08-15 14:00:00.000,40.02707
2019-08-15 16:00:00.000,38.340862
2019-08-15 18:00:00.000,45.48617
2019-08-15 20:00:00.000,50.12923
2019-08-15 22:00:00.000,34.16472
2019-08-16 00:00:00.000,18.448862
2019-08-16 02:00:00.000,14.120248
2019-08-16 04:00:00.000,19.692177
2019-08-16 06:00:00.000,35.389164
2019-08-16 08:00:00.000,48.177116
2019-08-16 10:00:00.000,48.560318
2019-08-16 12:00:00.000,44.664078
2019-08-16 14:00:00.000,39.28015
2019-08-16 16:00:00.000,37.941284
2019-08-16 18:00:00.000,44.547085
2019-08-16 20:00:00.000,49.228916
2019-08-16 22:00:00.000,35.10945
2019-08-17 00:00:00.000,19.475666
2019-08-17 02:00:00.000,13.803756
2019-08-17 04:00:00.000,17.901129
2019-08-17 06:00:00.000,32.72251
2019-08-17 08:00:00.000,45.42962
2019-08-17 10:00:00.000,47.24764
2019-08-17 12:00:00.000,45.012016
2019-08-17 14:00:00.000,39.215088
2019-08-17 16:00:00.000,36.739227
2019-08-17 18:00:00.000,42.210316
2019-08-17 20:00:00.000,46.822727
2019-08-17 22:00:00.000,34.39102
2019-08-18 00:00:00.000,19.43035
2019-08-18 02:00:00.000,13.07095
2019-08-18 04:00:00.000,16.209978
2019-08-18 06:00:00.000,30.099743
2019-08-18 08:00:00.000,43.817764
2019-08-18 10:00:00.000,47.21833
2019-08-18 12:00:00.000,45.973927
2019-08-18 14:00:00.000,40.76419
2019-08-18 16:00:00.000,38.65039
2019-08-18 18:00:00.000,44.448204
2019-08-18 20:00:00.000,48.173737
2019-08-18 22:00:00.000,34.62834
2019-08-19 00:00:00.000,19.004204
2019-08-19 02:00:00.000,13.668229
2019-08-19 04:00:00.000,19.412174
2019-08-19 06:00:00.000,36.40108
2019-08-19 08:00:00.000,49.680126
2019-08-19 10:00:00.000,50.834206
2019-08-19 12:00:00.000,47.305527
2019-08-19 14:00:00.000,41.77901
2019-08-19 16:00:00.000,39.821384
2019-08-19 18:00:00.000,46.68435
2019-08-19 20:00:00.000,51.14859
2019-08-19 22:00:00.000,34.798145
2019-08-20 00:00:00.000,18.691929
2019-08-20 02:00:00.000,14.127806
2019-08-20 04:00:00.000,20.057796
2019-08-20 06:00:00.000,36.45187
2019-08-20 08:00:00.000,48.61349
2019-08-20 10:00:00.000,48.60141
2019-08-20 12:00:00.000,44.90052
2019-08-20 14:00:00.000,40.366356
2019-08-20 16:00:00.000,38.91834
2019-08-20 18:00:00.000,46.089878
2019-08-20 20:00:00.000,51.052876
2019-08-20 22:00:00.000,34.39873
2019-08-21 00:00:00.000,18.376307
2019-08-21 02:00:00.000,13.693965
2019-08-21 04:00:00.000,19.904922
2019-08-21 06:00:00.000,36.763615
2019-08-21 08:00:00.000,48.880062
2019-08-21 10:00:00.000,49.234306
2019-08-21 12:00:00.000,45.24218
2019-08-21 14:00:00.000,40.798325
2019-08-21 16:00:00.000,39.323368
2019-08-21 18:00:00.000,46.209442
2019-08-21 20:00:00.000,50.705345
2019-08-21 22:00:00.000,34.535435
2019-08-22 00:00:00.000,18.922539
2019-08-22 02:00:00.000,14.80322
2019-08-22 04:00:00.000,21.211512
2019-08-22 06:00:00.000,37.881027
2019-08-22 08:00:00.000,50.004913
2019-08-22 10:00:00.000,49.572166
2019-08-22 12:00:00.000,46.532135
2019-08-22 14:00:00.000,41.373302
2019-08-22 16:00:00.000,39.495174
2019-08-22 18:00:00.000,46.997047
2019-08-22 20:00:00.000,50.30831
2019-08-22 22:00:00.000,34.092197
2019-08-23 00:00:00.000,18.339355
2019-08-23 02:00:00.000,14.025475
2019-08-23 04:00:00.000,19.91156
2019-08-23 06:00:00.000,36.326965
2019-08-23 08:00:00.000,48.332237
2019-08-23 10:00:00.000,48.737953
2019-08-23 12:00:00.000,45.18091
2019-08-23 14:00:00.000,39.994728
2019-08-23 16:00:00.000,38.622677
2019-08-23 18:00:00.000,46.16374
2019-08-23 20:00:00.000,49.92084
2019-08-23 22:00:00.000,34.945454
2019-08-24 00:00:00.000,19.586554
2019-08-24 02:00:00.000,14.304911
2019-08-24 04:00:00.000,18.70506
2019-08-24 06:00:00.000,34.18587
2019-08-24 08:00:00.000,45.69211
2019-08-24 10:00:00.000,46.956055
2019-08-24 12:00:00.000,44.912125
2019-08-24 14:00:00.000,39.03657
2019-08-24 16:00:00.000,36.394413
2019-08-24 18:00:00.000,41.700893
2019-08-24 20:00:00.000,46.236034
2019-08-24 22:00:00.000,34.603676
2019-08-25 00:00:00.000,20.093218
2019-08-25 02:00:00.000,14.02917
2019-08-25 04:00:00.000,17.635855
2019-08-25 06:00:00.000,32.610886
2019-08-25 08:00:00.000,45.563488
2019-08-25 10:00:00.000,47.724
2019-08-25 12:00:00.000,46.656086
2019-08-25 14:00:00.000,42.05618
2019-08-25 16:00:00.000,39.94388
2019-08-25 18:00:00.000,46.069736
2019-08-25 20:00:00.000,51.57633
2019-08-25 22:00:00.000,34.040627
2019-08-26 00:00:00.000,18.888899
2019-08-26 02:00:00.000,14.526493
2019-08-26 04:00:00.000,20.8044
2019-08-26 06:00:00.000,38.28904
2019-08-26 08:00:00.000,51.06739
2019-08-26 10:00:00.000,51.265236
2019-08-26 12:00:00.000,46.346153
2019-08-26 14:00:00.000,41.546062
2019-08-26 16:00:00.000,41.174774
2019-08-26 18:00:00.000,48.70268
2019-08-26 20:00:00.000,51.356434
2019-08-26 22:00:00.000,33.37617
2019-08-27 00:00:00.000,18.10146
2019-08-27 02:00:00.000,14.206117
2019-08-27 04:00:00.000,20.913237
2019-08-27 06:00:00.000,38.675358
2019-08-27 08:00:00.000,51.240936
2019-08-27 10:00:00.000,50.82171
2019-08-27 12:00:00.000,46.47962
2019-08-27 14:00:00.000,42.17056
2019-08-27 16:00:00.000,41.708473
2019-08-27 18:00:00.000,49.494987
2019-08-27 20:00:00.000,51.984257
2019-08-27 22:00:00.000,34.23001
2019-08-28 00:00:00.000,18.758572
2019-08-28 02:00:00.000,14.681457
2019-08-28 04:00:00.000,21.464024
2019-08-28 06:00:00.000,39.60215
2019-08-28 08:00:00.000,53.398827
2019-08-28 10:00:00.000,51.704582
2019-08-28 12:00:00.000,46.624508
2019-08-28 14:00:00.000,42.184826
2019-08-28 16:00:00.000,42.049107
2019-08-28 18:00:00.000,49.762276
2019-08-28 20:00:00.000,51.95127
2019-08-28 22:00:00.000,33.687496
2019-08-29 00:00:00.000,18.315125
2019-08-29 02:00:00.000,14.367915
2019-08-29 04:00:00.000,21.132305
2019-08-29 06:00:00.000,39.18487
2019-08-29 08:00:00.000,51.666214
2019-08-29 10:00:00.000,50.626793
2019-08-29 12:00:00.000,45.920433
2019-08-29 14:00:00.000,41.598927
2019-08-29 16:00:00.000,41.577007
2019-08-29 18:00:00.000,49.12426
2019-08-29 20:00:00.000,51.83687
2019-08-29 22:00:00.000,33.735176
2019-08-30 00:00:00.000,18.072432
2019-08-30 02:00:00.000,14.054869
2019-08-30 04:00:00.000,20.034683
2019-08-30 06:00:00.000,37.896843
2019-08-30 08:00:00.000,50.323166
2019-08-30 10:00:00.000,49.622307
2019-08-30 12:00:00.000,45.9698
2019-08-30 14:00:00.000,43.680176
2019-08-30 16:00:00.000,41.002327
2019-08-30 18:00:00.000,47.95484
2019-08-30 20:00:00.000,51.635563
2019-08-30 22:00:00.000,35.31456
2019-08-31 00:00:00.000,19.193855
2019-09-01 02:00:00.000,13.615087
2019-09-01 04:00:00.000,17.365274
2019-09-01 06:00:00.000,33.256207
2019-09-01 08:00:00.000,46.197163
2019-09-01 10:00:00.000,47.62228
2019-09-01 12:00:00.000,46.147057
2019-09-01 14:00:00.000,41.39166
2019-09-01 16:00:00.000,39.243668
2019-09-01 18:00:00.000,44.97514
2019-09-01 20:00:00.000,46.976776
2019-09-01 22:00:00.000,31.356596
2019-09-02 00:00:00.000,17.719294
2019-09-02 02:00:00.000,14.417102
2019-09-02 04:00:00.000,20.438843
2019-09-02 06:00:00.000,34.036858
2019-09-02 08:00:00.000,40.151573
2019-09-02 10:00:00.000,44.62952
2019-09-02 12:00:00.000,45.596237
2019-09-02 14:00:00.000,41.791157
2019-09-02 16:00:00.000,40.628834
2019-09-02 18:00:00.000,46.979
2019-09-02 20:00:00.000,46.461567
2019-09-02 22:00:00.000,28.467913
2019-09-03 00:00:00.000,15.735071
2019-09-03 02:00:00.000,13.372944
2019-09-03 04:00:00.000,20.640669
2019-09-03 06:00:00.000,34.83754
2019-09-03 08:00:00.000,41.084568
2019-09-03 10:00:00.000,42.743904
2019-09-03 12:00:00.000,42.86392
2019-09-03 14:00:00.000,42.1598
2019-09-03 16:00:00.000,42.411926
2019-09-03 18:00:00.000,49.604813
2019-09-03 20:00:00.000,48.745705
2019-09-03 22:00:00.000,28.382801
2019-09-04 00:00:00.000,14.84068
2019-09-04 02:00:00.000,12.311006
2019-09-04 04:00:00.000,19.8349
2019-09-04 06:00:00.000,34.6583
2019-09-04 08:00:00.000,39.977943
2019-09-04 10:00:00.000,41.48499
2019-09-04 12:00:00.000,41.923344
2019-09-04 14:00:00.000,40.793587
2019-09-04 16:00:00.000,41.29635
2019-09-04 18:00:00.000,48.740803
2019-09-04 20:00:00.000,47.537415
2019-09-04 22:00:00.000,27.66162
2019-09-05 00:00:00.000,15.115458
2019-09-05 02:00:00.000,13.113706
2019-09-05 04:00:00.000,20.624636
2019-09-05 06:00:00.000,35.275852
2019-09-05 08:00:00.000,41.220345
2019-09-05 10:00:00.000,43.195698
2019-09-05 12:00:00.000,44.58633
2019-09-05 14:00:00.000,42.62882
2019-09-05 16:00:00.000,42.83442
2019-09-05 18:00:00.000,49.984005
2019-09-05 20:00:00.000,48.83034
2019-09-05 22:00:00.000,29.526329
2019-09-06 00:00:00.000,14.80469
2019-09-06 02:00:00.000,12.607856
2019-09-06 04:00:00.000,20.374134
2019-09-06 06:00:00.000,35.059746
2019-09-06 08:00:00.000,40.95702
2019-09-06 10:00:00.000,43.47723
2019-09-06 12:00:00.000,44.4363
2019-09-06 14:00:00.000,42.052345
2019-09-06 16:00:00.000,41.748074
2019-09-06 18:00:00.000,49.49188
2019-09-06 20:00:00.000,50.122192
2019-09-06 22:00:00.000,31.436766
2019-09-07 00:00:00.000,17.351576
2019-09-07 02:00:00.000,13.925779
2019-09-07 04:00:00.000,20.262016
2019-09-07 06:00:00.000,38.153522
2019-09-07 08:00:00.000,47.17442
2019-09-07 10:00:00.000,46.179356
2019-09-07 12:00:00.000,43.47586
2019-09-07 14:00:00.000,38.88162
2019-09-07 16:00:00.000,37.204304
2019-09-07 18:00:00.000,42.75546
2019-09-07 20:00:00.000,45.206367
2019-09-07 22:00:00.000,33.40124
2019-09-08 00:00:00.000,19.421526
2019-09-08 02:00:00.000,14.065497
2019-09-08 04:00:00.000,19.17197
2019-09-08 06:00:00.000,36.240475
2019-09-08 08:00:00.000,49.23651
2019-09-08 10:00:00.000,49.683506
2019-09-08 12:00:00.000,47.785675
2019-09-08 14:00:00.000,42.386433
2019-09-08 16:00:00.000,40.515446
2019-09-08 18:00:00.000,47.24226
2019-09-08 20:00:00.000,47.34473
2019-09-08 22:00:00.000,32.016914
2019-09-09 00:00:00.000,17.791378
2019-09-09 02:00:00.000,14.249811
2019-09-09 04:00:00.000,21.128908
2019-09-09 06:00:00.000,36.44408
2019-09-09 08:00:00.000,43.363693
2019-09-09 10:00:00.000,45.659927
2019-09-09 12:00:00.000,44.979347
2019-09-09 14:00:00.000,43.27496
2019-09-09 16:00:00.000,42.750473
2019-09-09 18:00:00.000,49.27967
2019-09-09 20:00:00.000,48.045803
2019-09-09 22:00:00.000,28.508883
2019-09-10 00:00:00.000,15.194924
2019-09-10 02:00:00.000,13.054088
2019-09-10 04:00:00.000,21.213984
2019-09-10 06:00:00.000,35.417473
2019-09-10 08:00:00.000,41.729485
2019-09-10 10:00:00.000,44.463993
2019-09-10 12:00:00.000,44.128067
2019-09-10 14:00:00.000,42.89383
2019-09-10 16:00:00.000,42.351303
2019-09-10 18:00:00.000,50.661385
2019-09-10 20:00:00.000,49.470318
2019-09-10 22:00:00.000,29.696009
2019-09-11 00:00:00.000,16.27483
2019-09-11 02:00:00.000,13.786915
2019-09-11 04:00:00.000,21.81227
2019-09-11 06:00:00.000,36.92748
2019-09-11 08:00:00.000,42.986282
2019-09-11 10:00:00.000,45.016697
2019-09-11 12:00:00.000,44.348373
2019-09-11 14:00:00.000,42.385723
2019-09-11 16:00:00.000,40.059673
2019-09-11 18:00:00.000,47.098846
2019-09-11 20:00:00.000,47.97436
2019-09-11 22:00:00.000,29.33502
2019-09-12 00:00:00.000,15.09769
2019-09-12 02:00:00.000,12.930665
2019-09-12 04:00:00.000,20.847654
2019-09-12 06:00:00.000,35.95359
2019-09-12 08:00:00.000,42.345177
2019-09-12 10:00:00.000,44.579
2019-09-12 12:00:00.000,44.39217
2019-09-12 14:00:00.000,42.38133
2019-09-12 16:00:00.000,41.698643
2019-09-12 18:00:00.000,49.54865
2019-09-12 20:00:00.000,48.410397
2019-09-12 22:00:00.000,29.30391
2019-09-13 00:00:00.000,15.224869
2019-09-13 02:00:00.000,12.729606
2019-09-13 04:00:00.000,21.49477
2019-09-13 06:00:00.000,36.93539
2019-09-13 08:00:00.000,43.072735
2019-09-13 10:00:00.000,45.24196
2019-09-13 12:00:00.000,44.70845
2019-09-13 14:00:00.000,41.91984
2019-09-13 16:00:00.000,41.666885
2019-09-13 18:00:00.000,49.26642
2019-09-13 20:00:00.000,49.62146
2019-09-13 22:00:00.000,32.323666
2019-09-14 00:00:00.000,17.603666
2019-09-14 02:00:00.000,14.401089
2019-09-14 04:00:00.000,20.712357
2019-09-14 06:00:00.000,38.490833
2019-09-14 08:00:00.000,47.5664
2019-09-14 10:00:00.000,47.677845
2019-09-14 12:00:00.000,45.656193
2019-09-14 14:00:00.000,40.25113
2019-09-14 16:00:00.000,38.531746
2019-09-14 18:00:00.000,44.695045
2019-09-14 20:00:00.000,45.63508
2019-09-14 22:00:00.000,32.345764
2019-09-15 00:00:00.000,18.09459
2019-09-15 02:00:00.000,13.310139
2019-09-15 04:00:00.000,18.740633
2019-09-15 06:00:00.000,36.541985
2019-09-15 08:00:00.000,49.473724
2019-09-15 10:00:00.000,51.014477
2019-09-15 12:00:00.000,49.84298
2019-09-15 14:00:00.000,44.151424
2019-09-15 16:00:00.000,42.059654
2019-09-15 18:00:00.000,47.451786
2019-09-15 20:00:00.000,45.987644
2019-09-15 22:00:00.000,29.979214
2019-09-16 00:00:00.000,16.185253
2019-09-16 02:00:00.000,13.208687
2019-09-16 04:00:00.000,20.370106
2019-09-16 06:00:00.000,35.067635
2019-09-16 08:00:00.000,42.76838
2019-09-16 10:00:00.000,46.28911
2019-09-16 12:00:00.000,46.04094
2019-09-16 14:00:00.000,44.065666
2019-09-16 16:00:00.000,43.613857
2019-09-16 18:00:00.000,49.910336
2019-09-16 20:00:00.000,48.608414
2019-09-16 22:00:00.000,29.387918
2019-09-17 00:00:00.000,15.144875
2019-09-17 02:00:00.000,13.519106
2019-09-17 04:00:00.000,21.04074
2019-09-17 06:00:00.000,36.310154
2019-09-17 08:00:00.000,43.822235
2019-09-17 10:00:00.000,46.051003
2019-09-17 12:00:00.000,45.23349
2019-09-17 14:00:00.000,43.129444
2019-09-17 16:00:00.000,43.943687
2019-09-17 18:00:00.000,50.807842
2019-09-17 20:00:00.000,49.57403
2019-09-17 22:00:00.000,30.764877
2019-09-18 00:00:00.000,15.853268
2019-09-18 02:00:00.000,13.105707
2019-09-18 04:00:00.000,20.74124
2019-09-18 06:00:00.000,36.6366
2019-09-18 08:00:00.000,43.470554
2019-09-18 10:00:00.000,45.67751
2019-09-18 12:00:00.000,44.754856
2019-09-18 14:00:00.000,43.413902
2019-09-18 16:00:00.000,44.058323
2019-09-18 18:00:00.000,50.921833
2019-09-18 20:00:00.000,49.39197
2019-09-18 22:00:00.000,29.615864
2019-09-19 00:00:00.000,15.64181
2019-09-19 02:00:00.000,13.268903
2019-09-19 04:00:00.000,20.572866
2019-09-19 06:00:00.000,35.461906
2019-09-19 08:00:00.000,43.690125
2019-09-19 10:00:00.000,45.779655
2019-09-19 12:00:00.000,44.91446
2019-09-19 14:00:00.000,43.457237
2019-09-19 16:00:00.000,43.943886
2019-09-19 18:00:00.000,51.19391
2019-09-19 20:00:00.000,48.93878
2019-09-19 22:00:00.000,29.584585
2019-09-20 00:00:00.000,15.544286
2019-09-20 02:00:00.000,13.094277
2019-09-20 04:00:00.000,21.056105
2019-09-20 06:00:00.000,35.51137
2019-09-20 08:00:00.000,42.741344
2019-09-20 10:00:00.000,45.367474
2019-09-20 12:00:00.000,44.46655
2019-09-20 14:00:00.000,42.25868
2019-09-20 16:00:00.000,43.068752
2019-09-20 18:00:00.000,50.70131
2019-09-20 20:00:00.000,49.845375
2019-09-20 22:00:00.000,31.135263
2019-09-21 00:00:00.000,17.058455
2019-09-21 02:00:00.000,13.233097
2019-09-21 04:00:00.000,19.578318
2019-09-21 06:00:00.000,37.193623
2019-09-21 08:00:00.000,47.52932
2019-09-21 10:00:00.000,48.367226
2019-09-21 12:00:00.000,46.705284
2019-09-21 14:00:00.000,41.513264
2019-09-21 16:00:00.000,40.626446
2019-09-21 18:00:00.000,45.692276
2019-09-21 20:00:00.000,46.65906
2019-09-21 22:00:00.000,32.815186
2019-09-22 00:00:00.000,18.155394
2019-09-22 02:00:00.000,13.171937
2019-09-22 04:00:00.000,18.082943
2019-09-22 06:00:00.000,34.67322
2019-09-22 08:00:00.000,49.042656
2019-09-22 10:00:00.000,51.330624
2019-09-22 12:00:00.000,50.03405
2019-09-22 14:00:00.000,45.02884
2019-09-22 16:00:00.000,43.249676
2019-09-22 18:00:00.000,47.753372
2019-09-22 20:00:00.000,46.502502
2019-09-22 22:00:00.000,30.33059
2019-09-23 00:00:00.000,16.567616
2019-09-23 02:00:00.000,13.105181
2019-09-23 04:00:00.000,19.60056
2019-09-23 06:00:00.000,33.983727
2019-09-23 08:00:00.000,42.88764
2019-09-23 10:00:00.000,46.533604
2019-09-23 12:00:00.000,45.29878
2019-09-23 14:00:00.000,43.602856
2019-09-23 16:00:00.000,43.779526
2019-09-23 18:00:00.000,50.249557
2019-09-23 20:00:00.000,48.817097
2019-09-23 22:00:00.000,29.884644
2019-09-24 00:00:00.000,16.00055
2019-09-24 02:00:00.000,13.035906
2019-09-24 04:00:00.000,19.660652
2019-09-24 06:00:00.000,34.673927
2019-09-24 08:00:00.000,42.924713
2019-09-24 10:00:00.000,45.490936
2019-09-24 12:00:00.000,44.835876
2019-09-24 14:00:00.000,42.86875
2019-09-24 16:00:00.000,43.35963
2019-09-24 18:00:00.000,51.35353
2019-09-24 20:00:00.000,49.538033
2019-09-24 22:00:00.000,29.778278
2019-09-25 00:00:00.000,15.774355
2019-09-25 02:00:00.000,12.955323
2019-09-25 04:00:00.000,20.184923
2019-09-25 06:00:00.000,34.9299
2019-09-25 08:00:00.000,42.151653
2019-09-25 10:00:00.000,44.985203
2019-09-25 12:00:00.000,44.712326
2019-09-25 14:00:00.000,43.161327
2019-09-25 16:00:00.000,43.947647
2019-09-25 18:00:00.000,50.831825
2019-09-25 20:00:00.000,49.317497
2019-09-25 22:00:00.000,30.028269
2019-09-26 00:00:00.000,16.343485
2019-09-26 02:00:00.000,14.044051
2019-09-26 04:00:00.000,20.667398
2019-09-26 06:00:00.000,35.849926
2019-09-26 08:00:00.000,43.14152
2019-09-26 10:00:00.000,45.210354
2019-09-26 12:00:00.000,44.70986
2019-09-26 14:00:00.000,43.074978
2019-09-26 16:00:00.000,43.473576
2019-09-26 18:00:00.000,51.561836
2019-09-26 20:00:00.000,49.733097
2019-09-26 22:00:00.000,30.051392
2019-09-27 00:00:00.000,16.182833
2019-09-27 02:00:00.000,13.318316
2019-09-27 04:00:00.000,20.388313
2019-09-27 06:00:00.000,35.27135
2019-09-27 08:00:00.000,42.738297
2019-09-27 10:00:00.000,45.150993
2019-09-27 12:00:00.000,45.04831
2019-09-27 14:00:00.000,42.85077
2019-09-27 16:00:00.000,43.568592
2019-09-27 18:00:00.000,51.10582
2019-09-27 20:00:00.000,51.392387
2019-09-27 22:00:00.000,33.443775
2019-09-28 00:00:00.000,18.15072
2019-09-28 02:00:00.000,14.00839
2019-09-28 04:00:00.000,19.796959
2019-09-28 06:00:00.000,37.55843
2019-09-28 08:00:00.000,48.35842
2019-09-28 10:00:00.000,49.081993
2019-09-28 12:00:00.000,47.01296
2019-09-28 14:00:00.000,41.17075
2019-09-28 16:00:00.000,40.12938
2019-09-28 18:00:00.000,45.70768
2019-09-28 20:00:00.000,47.417477
2019-09-28 22:00:00.000,33.860497
2019-09-29 00:00:00.000,18.911167
2019-09-29 02:00:00.000,13.964043
2019-09-29 04:00:00.000,18.563608
2019-09-29 06:00:00.000,35.52837
2019-09-29 08:00:00.000,49.987633
2019-09-29 10:00:00.000,51.881718
2019-09-29 12:00:00.000,50.032413
2019-09-29 14:00:00.000,44.83137
2019-09-29 16:00:00.000,43.381935
2019-09-29 18:00:00.000,48.805496
2019-09-29 20:00:00.000,46.927376
2019-09-29 22:00:00.000,31.376005
2019-09-30 00:00:00.000,17.524809
2019-10-01 02:00:00.000,13.518984
2019-10-01 04:00:00.000,20.251509
2019-10-01 06:00:00.000,34.632423
2019-10-01 08:00:00.000,43.04495
2019-10-01 10:00:00.000,45.5438
2019-10-01 12:00:00.000,45.2345
2019-10-01 14:00:00.000,43.643757
2019-10-01 16:00:00.000,44.554478
2019-10-01 18:00:00.000,51.048653
2019-10-01 20:00:00.000,49.31223
2019-10-01 22:00:00.000,31.72595
2019-10-02 00:00:00.000,16.847515
2019-10-02 02:00:00.000,13.463178
2019-10-02 04:00:00.000,20.221584
2019-10-02 06:00:00.000,34.066936
2019-10-02 08:00:00.000,40.972588
2019-10-02 10:00:00.000,43.937035
2019-10-02 12:00:00.000,44.37829
2019-10-02 14:00:00.000,42.687263
2019-10-02 16:00:00.000,44.2765
2019-10-02 18:00:00.000,51.96799
2019-10-02 20:00:00.000,51.33285
2019-10-02 22:00:00.000,32.259975
2019-10-03 00:00:00.000,17.649517
2019-10-03 02:00:00.000,14.25387
2019-10-03 04:00:00.000,21.135761
2019-10-03 06:00:00.000,36.235672
2019-10-03 08:00:00.000,42.116
2019-10-03 10:00:00.000,44.811947
2019-10-03 12:00:00.000,44.71318
2019-10-03 14:00:00.000,42.66725
2019-10-03 16:00:00.000,43.839466
2019-10-03 18:00:00.000,51.437653
2019-10-03 20:00:00.000,50.20828
2019-10-03 22:00:00.000,31.510115
2019-10-04 00:00:00.000,16.714949
2019-10-04 02:00:00.000,13.93169
2019-10-04 04:00:00.000,21.399866
2019-10-04 06:00:00.000,36.76579
2019-10-04 08:00:00.000,46.02518
2019-10-04 10:00:00.000,50.040104
2019-10-04 12:00:00.000,49.01714
2019-10-04 14:00:00.000,44.157467
2019-10-04 16:00:00.000,43.93385
2019-10-04 18:00:00.000,51.406696
2019-10-04 20:00:00.000,51.62523
2019-10-04 22:00:00.000,33.729214
2019-10-05 00:00:00.000,18.65633
2019-10-05 02:00:00.000,14.70456
2019-10-05 04:00:00.000,20.931107
2019-10-05 06:00:00.000,38.583626
2019-10-05 08:00:00.000,49.420536
2019-10-05 10:00:00.000,49.78308
2019-10-05 12:00:00.000,47.387093
2019-10-05 14:00:00.000,41.46689
2019-10-05 16:00:00.000,41.00804
2019-10-05 18:00:00.000,46.49878
2019-10-05 20:00:00.000,47.921803
2019-10-05 22:00:00.000,35.00942
2019-10-06 00:00:00.000,20.172628
2019-10-06 02:00:00.000,14.776016
2019-10-06 04:00:00.000,20.037636
2019-10-06 06:00:00.000,36.35424
2019-10-06 08:00:00.000,50.71846
2019-10-06 10:00:00.000,52.70706
2019-10-06 12:00:00.000,50.95775
2019-10-06 14:00:00.000,45.584965
2019-10-06 16:00:00.000,45.17727
2019-10-06 18:00:00.000,49.60467
2019-10-06 20:00:00.000,47.319668
2019-10-06 22:00:00.000,31.833496
2019-10-07 00:00:00.000,18.367407
2019-10-07 02:00:00.000,14.25741
2019-10-07 04:00:00.000,20.444473
2019-10-07 06:00:00.000,34.423153
2019-10-07 08:00:00.000,43.60748
2019-10-07 10:00:00.000,47.528027
2019-10-07 12:00:00.000,47.05938
2019-10-07 14:00:00.000,44.592342
2019-10-07 16:00:00.000,45.77755
2019-10-07 18:00:00.000,52.17374
2019-10-07 20:00:00.000,49.76838
2019-10-07 22:00:00.000,31.79196
2019-10-08 00:00:00.000,17.333504
2019-10-08 02:00:00.000,14.382935
2019-10-08 04:00:00.000,20.936617
2019-10-08 06:00:00.000,34.475357
2019-10-08 08:00:00.000,43.280296
2019-10-08 10:00:00.000,46.42519
2019-10-08 12:00:00.000,45.64832
2019-10-08 14:00:00.000,44.370007
2019-10-08 16:00:00.000,46.013664
2019-10-08 18:00:00.000,52.587936
2019-10-08 20:00:00.000,50.935947
2019-10-08 22:00:00.000,31.967348
2019-10-09 00:00:00.000,17.160099
2019-10-09 02:00:00.000,14.345646
2019-10-09 04:00:00.000,21.153692
2019-10-09 06:00:00.000,34.603962
2019-10-09 08:00:00.000,43.391216
2019-10-09 10:00:00.000,46.699024
2019-10-09 12:00:00.000,46.281937
2019-10-09 14:00:00.000,44.27958
2019-10-09 16:00:00.000,45.738567
2019-10-09 18:00:00.000,51.760822
2019-10-09 20:00:00.000,50.22194
2019-10-09 22:00:00.000,31.621748
2019-10-10 00:00:00.000,17.261332
2019-10-10 02:00:00.000,13.808164
2019-10-10 04:00:00.000,20.078928
2019-10-10 06:00:00.000,34.592167
2019-10-10 08:00:00.000,43.65442
2019-10-10 10:00:00.000,46.7055
2019-10-10 12:00:00.000,45.67567
2019-10-10 14:00:00.000,43.920048
2019-10-10 16:00:00.000,45.297066
2019-10-10 18:00:00.000,52.1101
2019-10-10 20:00:00.000,50.1359
2019-10-10 22:00:00.000,32.12504
2019-10-11 00:00:00.000,17.44492
2019-10-11 02:00:00.000,14.182501
2019-10-11 04:00:00.000,20.897137
2019-10-11 06:00:00.000,35.342518
2019-10-11 08:00:00.000,44.12322
2019-10-11 10:00:00.000,46.95174
2019-10-11 12:00:00.000,46.757557
2019-10-11 14:00:00.000,43.70814
2019-10-11 16:00:00.000,44.266003
2019-10-11 18:00:00.000,50.561775
2019-10-11 20:00:00.000,51.176533
2019-10-11 22:00:00.000,34.767406
2019-10-12 00:00:00.000,19.431229
2019-10-12 02:00:00.000,15.025751
2019-10-12 04:00:00.000,20.308542
2019-10-12 06:00:00.000,36.663635
2019-10-12 08:00:00.000,47.579193
2019-10-12 10:00:00.000,49.271744
2019-10-12 12:00:00.000,48.575123
2019-10-12 14:00:00.000,42.97859
2019-10-12 16:00:00.000,42.281033
2019-10-12 18:00:00.000,47.50617
2019-10-12 20:00:00.000,49.26127
2019-10-12 22:00:00.000,36.47266
2019-10-13 00:00:00.000,21.13085
2019-10-13 02:00:00.000,15.2476425
2019-10-13 04:00:00.000,19.17585
2019-10-13 06:00:00.000,35.145264
2019-10-13 08:00:00.000,50.026985
2019-10-13 10:00:00.000,52.290134
2019-10-13 12:00:00.000,50.44462
2019-10-13 14:00:00.000,44.985443
2019-10-13 16:00:00.000,43.7231
2019-10-13 18:00:00.000,47.525578
2019-10-13 20:00:00.000,46.073685
2019-10-13 22:00:00.000,31.554258
2019-10-14 00:00:00.000,17.458546
2019-10-14 02:00:00.000,13.547231
2019-10-14 04:00:00.000,19.384516
2019-10-14 06:00:00.000,33.39655
2019-10-14 08:00:00.000,41.60973
2019-10-14 10:00:00.000,45.29481
2019-10-14 12:00:00.000,45.82186
2019-10-14 14:00:00.000,44.06807
2019-10-14 16:00:00.000,44.339405
2019-10-14 18:00:00.000,50.37323
2019-10-14 20:00:00.000,48.081768
2019-10-14 22:00:00.000,31.16999
2019-10-15 00:00:00.000,16.938448
2019-10-15 02:00:00.000,13.33532
2019-10-15 04:00:00.000,19.928465
2019-10-15 06:00:00.000,34.44683
2019-10-15 08:00:00.000,41.64991
2019-10-15 10:00:00.000,44.52345
2019-10-15 12:00:00.000,44.435932
2019-10-15 14:00:00.000,42.24336
2019-10-15 16:00:00.000,44.056664
2019-10-15 18:00:00.000,51.0103
2019-10-15 20:00:00.000,49.456734
2019-10-15 22:00:00.000,30.91051
2019-10-16 00:00:00.000,16.601917
2019-10-16 02:00:00.000,13.238782
2019-10-16 04:00:00.000,20.154142
2019-10-16 06:00:00.000,34.170753
2019-10-16 08:00:00.000,41.284866
2019-10-16 10:00:00.000,44.455147
2019-10-16 12:00:00.000,43.89574
2019-10-16 14:00:00.000,42.591816
2019-10-16 16:00:00.000,44.217373
2019-10-16 18:00:00.000,51.430252
2019-10-16 20:00:00.000,49.73139
2019-10-16 22:00:00.000,30.931343
2019-10-17 00:00:00.000,16.567427
2019-10-17 02:00:00.000,13.343739
2019-10-17 04:00:00.000,20.019197
2019-10-17 06:00:00.000,34.617897
2019-10-17 08:00:00.000,42.28157
2019-10-17 10:00:00.000,46.04235
2019-10-17 12:00:00.000,44.226734
2019-10-17 14:00:00.000,42.301575
2019-10-17 16:00:00.000,44.055584
2019-10-17 18:00:00.000,51.20426
2019-10-17 20:00:00.000,49.102776
2019-10-17 22:00:00.000,30.72487
2019-10-18 00:00:00.000,16.677774
2019-10-18 02:00:00.000,13.157977
2019-10-18 04:00:00.000,19.807693
2019-10-18 06:00:00.000,34.283142
2019-10-18 08:00:00.000,41.917995
2019-10-18 10:00:00.000,44.700108
2019-10-18 12:00:00.000,45.2913
2019-10-18 14:00:00.000,42.36545
2019-10-18 16:00:00.000,43.68977
2019-10-18 18:00:00.000,51.06895
2019-10-18 20:00:00.000,51.065742
2019-10-18 22:00:00.000,33.946915
2019-10-19 00:00:00.000,18.846445
2019-10-19 02:00:00.000,13.941779
2019-10-19 04:00:00.000,19.36787
2019-10-19 06:00:00.000,36.716305
2019-10-19 08:00:00.000,48.646282
2019-10-19 10:00:00.000,49.54852
2019-10-19 12:00:00.000,48.01761
2019-10-19 14:00:00.000,41.59668
2019-10-19 16:00:00.000,41.198524
2019-10-19 18:00:00.000,46.650143
2019-10-19 20:00:00.000,48.725143
2019-10-19 22:00:00.000,34.821632
2019-10-20 00:00:00.000,20.015013
2019-10-20 02:00:00.000,13.951503
2019-10-20 04:00:00.000,17.971504
2019-10-20 06:00:00.000,35.156796
2019-10-20 08:00:00.000,50.582752
2019-10-20 10:00:00.000,52.40455
2019-10-20 12:00:00.000,50.304935
2019-10-20 14:00:00.000,44.120987
2019-10-20 16:00:00.000,43.693363
2019-10-20 18:00:00.000,48.85707
2019-10-20 20:00:00.000,47.475746
2019-10-20 22:00:00.000,32.06772
2019-10-21 00:00:00.000,17.622063
2019-10-21 02:00:00.000,13.488713
2019-10-21 04:00:00.000,19.677633
2019-10-21 06:00:00.000,33.972473
2019-10-21 08:00:00.000,42.299976
2019-10-21 10:00:00.000,44.966885
2019-10-21 12:00:00.000,45.51371
2019-10-21 14:00:00.000,43.265892
2019-10-21 16:00:00.000,44.97564
2019-10-21 18:00:00.000,52.642498
2019-10-21 20:00:00.000,51.027096
2019-10-21 22:00:00.000,31.961536
2019-10-22 00:00:00.000,17.044436
2019-10-22 02:00:00.000,13.043121
2019-10-22 04:00:00.000,20.00654
2019-10-22 06:00:00.000,34.359383
2019-10-22 08:00:00.000,41.82343
2019-10-22 10:00:00.000,44.37044
2019-10-22 12:00:00.000,45.10983
2019-10-22 14:00:00.000,43.23082
2019-10-22 16:00:00.000,45.43698
2019-10-22 18:00:00.000,52.169178
2019-10-22 20:00:00.000,50.454227
2019-10-22 22:00:00.000,31.34359
2019-10-23 00:00:00.000,17.387644
2019-10-23 02:00:00.000,13.944723
2019-10-23 04:00:00.000,20.484861
2019-10-23 06:00:00.000,35.25169
2019-10-23 08:00:00.000,43.474632
2019-10-23 10:00:00.000,45.64403
2019-10-23 12:00:00.000,44.958344
2019-10-23 14:00:00.000,43.7367
2019-10-23 16:00:00.000,45.828213
2019-10-23 18:00:00.000,52.74317
2019-10-23 20:00:00.000,51.548084
2019-10-23 22:00:00.000,31.833227
2019-10-24 00:00:00.000,16.869614
2019-10-24 02:00:00.000,13.488409
2019-10-24 04:00:00.000,19.706219
2019-10-24 06:00:00.000,34.08883
2019-10-24 08:00:00.000,41.734203
2019-10-24 10:00:00.000,44.27492
2019-10-24 12:00:00.000,44.531307
2019-10-24 14:00:00.000,43.137222
2019-10-24 16:00:00.000,44.949024
2019-10-24 18:00:00.000,52.097168
2019-10-24 20:00:00.000,49.961105
2019-10-24 22:00:00.000,30.865042
2019-10-25 00:00:00.000,16.289026
2019-10-25 02:00:00.000,12.788253
2019-10-25 04:00:00.000,19.524923
2019-10-25 06:00:00.000,34.109436
2019-10-25 08:00:00.000,42.284767
2019-10-25 10:00:00.000,45.00605
2019-10-25 12:00:00.000,44.79531
2019-10-25 14:00:00.000,41.888
2019-10-25 16:00:00.000,43.865532
2019-10-25 18:00:00.000,51.329533
2019-10-25 20:00:00.000,51.084427
2019-10-25 22:00:00.000,33.63669
2019-10-26 00:00:00.000,18.477531
2019-10-26 02:00:00.000,14.082285
2019-10-26 04:00:00.000,19.499813
2019-10-26 06:00:00.000,37.01075
2019-10-26 08:00:00.000,50.09849
2019-10-26 10:00:00.000,50.907192
2019-10-26 12:00:00.000,48.028122
2019-10-26 14:00:00.000,42.3089
2019-10-26 16:00:00.000,42.317894
2019-10-26 18:00:00.000,47.4832
2019-10-26 20:00:00.000,48.51976
2019-10-26 22:00:00.000,35.537
2019-10-27 00:00:00.000,20.614006
2019-10-27 02:00:00.000,14.112908
2019-10-27 04:00:00.000,17.826756
2019-10-27 06:00:00.000,34.622066
2019-10-27 08:00:00.000,51.40891
2019-10-27 10:00:00.000,53.361526
2019-10-27 12:00:00.000,51.491425
2019-10-27 14:00:00.000,46.48558
2019-10-27 16:00:00.000,45.36241
2019-10-27 18:00:00.000,50.087475
2019-10-27 20:00:00.000,48.776886
2019-10-27 22:00:00.000,33.95454
2019-10-28 00:00:00.000,18.499502
2019-10-28 02:00:00.000,14.51538
2019-10-28 04:00:00.000,20.366955
2019-10-28 06:00:00.000,36.8042
2019-10-28 08:00:00.000,48.325996
2019-10-28 10:00:00.000,50.46377
2019-10-28 12:00:00.000,47.337738
2019-10-28 14:00:00.000,44.100204
2019-10-28 16:00:00.000,46.82249
2019-10-28 18:00:00.000,53.61191
2019-10-28 20:00:00.000,51.840866
2019-10-28 22:00:00.000,32.116318
2019-10-29 00:00:00.000,17.274529
2019-10-29 02:00:00.000,13.83495
2019-10-29 04:00:00.000,20.265593
2019-10-29 06:00:00.000,36.97373
2019-10-29 08:00:00.000,48.17944
2019-10-29 10:00:00.000,49.801636
2019-10-29 12:00:00.000,47.136726
2019-10-29 14:00:00.000,43.7906
2019-10-29 16:00:00.000,46.62201
2019-10-29 18:00:00.000,53.81374
2019-10-29 20:00:00.000,52.215973
2019-10-29 22:00:00.000,33.0575
2019-10-30 00:00:00.000,17.328213
2019-10-30 02:00:00.000,13.736095
2019-10-30 04:00:00.000,20.147694
2019-10-30 06:00:00.000,37.551693
2019-10-30 08:00:00.000,49.348267
2019-10-30 10:00:00.000,51.239075
2019-10-30 12:00:00.000,47.806458
2019-10-30 14:00:00.000,44.494297
2019-10-30 16:00:00.000,46.690723
2019-10-30 18:00:00.000,53.343204
2019-10-30 20:00:00.000,52.008163
2019-10-30 22:00:00.000,32.620605
2019-10-31 00:00:00.000,17.62647
2019-11-01 02:00:00.000,14.43801
2019-11-01 04:00:00.000,20.49813
2019-11-01 06:00:00.000,37.41093
2019-11-01 08:00:00.000,49.596054
2019-11-01 10:00:00.000,50.117268
2019-11-01 12:00:00.000,47.08694
2019-11-01 14:00:00.000,43.02523
2019-11-01 16:00:00.000,44.546715
2019-11-01 18:00:00.000,51.069057
2019-11-01 20:00:00.000,51.42724
2019-11-01 22:00:00.000,34.5377
2019-11-02 00:00:00.000,18.417479
2019-11-02 02:00:00.000,13.714646
2019-11-02 04:00:00.000,18.527122
2019-11-02 06:00:00.000,35.101223
2019-11-02 08:00:00.000,50.663567
2019-11-02 10:00:00.000,51.432934
2019-11-02 12:00:00.000,48.305023
2019-11-02 14:00:00.000,42.026104
2019-11-02 16:00:00.000,42.14914
2019-11-02 18:00:00.000,46.88998
2019-11-02 20:00:00.000,48.16965
2019-11-02 22:00:00.000,35.526115
2019-11-03 00:00:00.000,20.034319
2019-11-03 02:00:00.000,14.077142
2019-11-03 04:00:00.000,17.494015
2019-11-03 06:00:00.000,32.9189
2019-11-03 08:00:00.000,50.041294
2019-11-03 10:00:00.000,53.05301
2019-11-03 12:00:00.000,50.68437
2019-11-03 14:00:00.000,44.74725
2019-11-03 16:00:00.000,44.24811
2019-11-03 18:00:00.000,49.494865
2019-11-03 20:00:00.000,50.625515
2019-11-03 22:00:00.000,37.969448
2019-11-04 00:00:00.000,21.495441
2019-11-04 02:00:00.000,15.328742
2019-11-04 04:00:00.000,19.677061
2019-11-04 06:00:00.000,36.76467
2019-11-04 08:00:00.000,56.31839
2019-11-04 10:00:00.000,61.482494
2019-11-04 12:00:00.000,56.66512
2019-11-04 14:00:00.000,48.936325
2019-11-04 16:00:00.000,48.94236
2019-11-04 18:00:00.000,52.8838
2019-11-04 20:00:00.000,51.59819
2019-11-04 22:00:00.000,34.516624
2019-11-05 00:00:00.000,18.79861
2019-11-05 02:00:00.000,13.923764
2019-11-05 04:00:00.000,19.601646
2019-11-05 06:00:00.000,34.306454
2019-11-05 08:00:00.000,45.58959
2019-11-05 10:00:00.000,49.355297
2019-11-05 12:00:00.000,49.471535
2019-11-05 14:00:00.000,45.957867
2019-11-05 16:00:00.000,48.007133
2019-11-05 18:00:00.000,54.27198
2019-11-05 20:00:00.000,53.078636
2019-11-05 22:00:00.000,34.491367
2019-11-06 00:00:00.000,18.212759
2019-11-06 02:00:00.000,14.061824
2019-11-06 04:00:00.000,19.982012
2019-11-06 06:00:00.000,35.275406
2019-11-06 08:00:00.000,44.956753
2019-11-06 10:00:00.000,48.201744
2019-11-06 12:00:00.000,48.436947
2019-11-06 14:00:00.000,45.38239
2019-11-06 16:00:00.000,47.559982
2019-11-06 18:00:00.000,54.64088
2019-11-06 20:00:00.000,53.62762
2019-11-06 22:00:00.000,34.94023
2019-11-07 00:00:00.000,18.5396
2019-11-07 02:00:00.000,14.344124
2019-11-07 04:00:00.000,20.190662
2019-11-07 06:00:00.000,34.89245
2019-11-07 08:00:00.000,43.746014
2019-11-07 10:00:00.000,47.219654
2019-11-07 12:00:00.000,48.208126
2019-11-07 14:00:00.000,45.437275
2019-11-07 16:00:00.000,47.74976
2019-11-07 18:00:00.000,55.0095
2019-11-07 20:00:00.000,53.199272
2019-11-07 22:00:00.000,33.474194
2019-11-08 00:00:00.000,17.491257
2019-11-08 02:00:00.000,13.6790695
2019-11-08 04:00:00.000,19.953726
2019-11-08 06:00:00.000,34.87272
2019-11-08 08:00:00.000,44.4068
2019-11-08 10:00:00.000,48.11936
2019-11-08 12:00:00.000,48.721775
2019-11-08 14:00:00.000,45.356884
2019-11-08 16:00:00.000,47.22624
2019-11-08 18:00:00.000,54.334038
2019-11-08 20:00:00.000,55.10009
2019-11-08 22:00:00.000,36.425938
2019-11-09 00:00:00.000,18.911314
2019-11-09 02:00:00.000,13.591363
2019-11-09 04:00:00.000,17.920864
2019-11-09 06:00:00.000,33.1963
2019-11-09 08:00:00.000,48.54523
2019-11-09 10:00:00.000,51.79185
2019-11-09 12:00:00.000,50.655693
2019-11-09 14:00:00.000,45.726307
2019-11-09 16:00:00.000,45.23803
2019-11-09 18:00:00.000,49.643986
2019-11-09 20:00:00.000,50.94353
2019-11-09 22:00:00.000,37.554592
2019-11-10 00:00:00.000,21.362238
2019-11-10 02:00:00.000,14.110029
2019-11-10 04:00:00.000,17.300434
2019-11-10 06:00:00.000,31.890108
2019-11-10 08:00:00.000,50.085697
2019-11-10 10:00:00.000,54.254917
2019-11-10 12:00:00.000,52.287685
2019-11-10 14:00:00.000,46.613235
2019-11-10 16:00:00.000,46.81346
2019-11-10 18:00:00.000,51.261013
2019-11-10 20:00:00.000,49.1097
2019-11-10 22:00:00.000,33.864994
2019-11-11 00:00:00.000,18.284899
2019-11-11 02:00:00.000,13.625238
2019-11-11 04:00:00.000,19.091328
2019-11-11 06:00:00.000,32.794296
2019-11-11 08:00:00.000,42.034573
2019-11-11 10:00:00.000,45.678673
2019-11-11 12:00:00.000,47.105034
2019-11-11 14:00:00.000,45.084618
2019-11-11 16:00:00.000,47.112385
2019-11-11 18:00:00.000,52.749344
2019-11-11 20:00:00.000,51.109085
2019-11-11 22:00:00.000,32.88468
2019-11-12 00:00:00.000,17.707745
2019-11-12 02:00:00.000,13.489335
2019-11-12 04:00:00.000,19.164345
2019-11-12 06:00:00.000,32.897636
2019-11-12 08:00:00.000,41.671993
2019-11-12 10:00:00.000,46.42891
2019-11-12 12:00:00.000,47.6166
2019-11-12 14:00:00.000,44.9083
2019-11-12 16:00:00.000,47.39357
2019-11-12 18:00:00.000,53.80639
2019-11-12 20:00:00.000,52.071857
2019-11-12 22:00:00.000,33.005203
2019-11-13 00:00:00.000,17.535921
2019-11-13 02:00:00.000,13.431288
2019-11-13 04:00:00.000,18.952332
2019-11-13 06:00:00.000,33.400047
2019-11-13 08:00:00.000,42.186825
2019-11-13 10:00:00.000,45.982674
2019-11-13 12:00:00.000,46.98942
2019-11-13 14:00:00.000,44.25798
2019-11-13 16:00:00.000,47.09036
2019-11-13 18:00:00.000,53.733105
2019-11-13 20:00:00.000,52.254993
2019-11-13 22:00:00.000,32.90063
2019-11-14 00:00:00.000,17.572617
2019-11-14 02:00:00.000,13.571579
2019-11-14 04:00:00.000,19.314436
2019-11-14 06:00:00.000,33.955956
2019-11-14 08:00:00.000,42.93103
2019-11-14 10:00:00.000,46.617653
2019-11-14 12:00:00.000,47.280945
2019-11-14 14:00:00.000,44.488125
2019-11-14 16:00:00.000,46.601273
2019-11-14 18:00:00.000,53.648014
2019-11-14 20:00:00.000,51.68709
2019-11-14 22:00:00.000,32.063286
2019-11-15 00:00:00.000,16.9966
2019-11-15 02:00:00.000,13.622876
2019-11-15 04:00:00.000,19.27042
2019-11-15 06:00:00.000,33.679554
2019-11-15 08:00:00.000,43.123863
2019-11-15 10:00:00.000,47.530384
2019-11-15 12:00:00.000,47.861336
2019-11-15 14:00:00.000,44.21542
2019-11-15 16:00:00.000,45.734627
2019-11-15 18:00:00.000,51.965965
2019-11-15 20:00:00.000,52.27771
2019-11-15 22:00:00.000,34.575935
2019-11-16 00:00:00.000,18.562298
2019-11-16 02:00:00.000,13.815236
2019-11-16 04:00:00.000,18.535206
2019-11-16 06:00:00.000,34.797302
2019-11-16 08:00:00.000,49.886303
2019-11-16 10:00:00.000,51.654427
2019-11-16 12:00:00.000,50.33561
2019-11-16 14:00:00.000,44.576447
2019-11-16 16:00:00.000,43.54694
2019-11-16 18:00:00.000,46.857254
2019-11-16 20:00:00.000,48.644764
2019-11-16 22:00:00.000,36.34519
2019-11-17 00:00:00.000,20.227732
2019-11-17 02:00:00.000,14.273409
2019-11-17 04:00:00.000,17.541645
2019-11-17 06:00:00.000,32.4995
2019-11-17 08:00:00.000,51.11194
2019-11-17 10:00:00.000,54.227875
2019-11-17 12:00:00.000,52.48316
2019-11-17 14:00:00.000,47.117386
2019-11-17 16:00:00.000,46.08273
2019-11-17 18:00:00.000,50.19543
2019-11-17 20:00:00.000,48.478886
2019-11-17 22:00:00.000,33.16676
2019-11-18 00:00:00.000,18.720425
2019-11-18 02:00:00.000,14.005635
2019-11-18 04:00:00.000,19.32699
2019-11-18 06:00:00.000,33.39006
2019-11-18 08:00:00.000,43.87411
2019-11-18 10:00:00.000,48.40353
2019-11-18 12:00:00.000,48.715393
2019-11-18 14:00:00.000,45.366695
2019-11-18 16:00:00.000,46.81483
2019-11-18 18:00:00.000,52.788326
2019-11-18 20:00:00.000,51.168987
2019-11-18 22:00:00.000,32.767014
2019-11-19 00:00:00.000,17.569315
2019-11-19 02:00:00.000,13.719729
2019-11-19 04:00:00.000,19.275423
2019-11-19 06:00:00.000,33.99487
2019-11-19 08:00:00.000,44.338287
2019-11-19 10:00:00.000,48.060238
2019-11-19 12:00:00.000,48.498886
2019-11-19 14:00:00.000,44.859894
2019-11-19 16:00:00.000,47.270607
2019-11-19 18:00:00.000,53.140224
2019-11-19 20:00:00.000,51.662956
2019-11-19 22:00:00.000,32.90041
2019-11-20 00:00:00.000,17.621962
2019-11-20 02:00:00.000,13.465276
2019-11-20 04:00:00.000,18.994137
2019-11-20 06:00:00.000,34.171085
2019-11-20 08:00:00.000,43.87835
2019-11-20 10:00:00.000,47.78605
2019-11-20 12:00:00.000,48.369625
2019-11-20 14:00:00.000,44.808567
2019-11-20 16:00:00.000,46.644424
2019-11-20 18:00:00.000,52.650764
2019-11-20 20:00:00.000,51.191906
2019-11-20 22:00:00.000,32.72909
2019-11-21 00:00:00.000,17.661396
2019-11-21 02:00:00.000,13.72447
2019-11-21 04:00:00.000,19.621105
2019-11-21 06:00:00.000,34.361042
2019-11-21 08:00:00.000,45.21964
2019-11-21 10:00:00.000,49.382706
2019-11-21 12:00:00.000,49.54165
2019-11-21 14:00:00.000,45.210857
2019-11-21 16:00:00.000,46.76529
2019-11-21 18:00:00.000,53.34469
2019-11-21 20:00:00.000,51.27515
2019-11-21 22:00:00.000,32.161217
2019-11-22 00:00:00.000,17.08217
2019-11-22 02:00:00.000,13.306892
2019-11-22 04:00:00.000,18.819715
2019-11-22 06:00:00.000,33.400185
2019-11-22 08:00:00.000,44.276123
2019-11-22 10:00:00.000,48.520065
2019-11-22 12:00:00.000,48.975082
2019-11-22 14:00:00.000,44.66793
2019-11-22 16:00:00.000,46.57842
2019-11-22 18:00:00.000,52.856117
2019-11-22 20:00:00.000,53.007744
2019-11-22 22:00:00.000,35.179928
2019-11-23 00:00:00.000,18.742071
2019-11-23 02:00:00.000,13.557314
2019-11-23 04:00:00.000,18.15639
2019-11-23 06:00:00.000,34.500957
2019-11-23 08:00:00.000,50.870937
2019-11-23 10:00:00.000,52.25285
2019-11-23 12:00:00.000,50.479115
2019-11-23 14:00:00.000,44.677204
2019-11-23 16:00:00.000,44.098446
2019-11-23 18:00:00.000,48.563114
2019-11-23 20:00:00.000,49.947124
2019-11-23 22:00:00.000,36.762943
2019-11-24 00:00:00.000,20.237915
2019-11-24 02:00:00.000,13.803271
2019-11-24 04:00:00.000,17.140182
2019-11-24 06:00:00.000,32.546974
2019-11-24 08:00:00.000,51.94458
2019-11-24 10:00:00.000,55.04704
2019-11-24 12:00:00.000,52.231255
2019-11-24 14:00:00.000,46.90622
2019-11-24 16:00:00.000,46.216076
2019-11-24 18:00:00.000,50.72072
2019-11-24 20:00:00.000,48.512875
2019-11-24 22:00:00.000,32.664707
2019-11-25 00:00:00.000,17.896027
2019-11-25 02:00:00.000,13.837562
2019-11-25 04:00:00.000,19.216082
2019-11-25 06:00:00.000,33.509605
2019-11-25 08:00:00.000,44.387836
2019-11-25 10:00:00.000,48.404907
2019-11-25 12:00:00.000,49.351955
2019-11-25 14:00:00.000,46.227547
2019-11-25 16:00:00.000,47.4578
2019-11-25 18:00:00.000,52.886692
2019-11-25 20:00:00.000,51.038273
2019-11-25 22:00:00.000,31.86128
2019-11-26 00:00:00.000,16.780203
2019-11-26 02:00:00.000,13.612724
2019-11-26 04:00:00.000,19.250154
2019-11-26 06:00:00.000,33.77473
2019-11-26 08:00:00.000,43.7147
2019-11-26 10:00:00.000,48.079502
2019-11-26 12:00:00.000,48.63735
2019-11-26 14:00:00.000,45.75584
2019-11-26 16:00:00.000,47.271378
2019-11-26 18:00:00.000,52.734188
2019-11-26 20:00:00.000,50.717514
2019-11-26 22:00:00.000,32.460056
2019-11-27 00:00:00.000,17.626423
2019-11-27 02:00:00.000,13.84233
2019-11-27 04:00:00.000,19.466375
2019-11-27 06:00:00.000,33.547474
2019-11-27 08:00:00.000,43.38175
2019-11-27 10:00:00.000,48.016758
2019-11-27 12:00:00.000,49.11144
2019-11-27 14:00:00.000,45.784176
2019-11-27 16:00:00.000,46.371666
2019-11-27 18:00:00.000,50.948547
2019-11-27 20:00:00.000,48.626667
2019-11-27 22:00:00.000,31.43742
2019-11-28 00:00:00.000,16.977482
2019-11-28 02:00:00.000,13.672071
2019-11-28 04:00:00.000,19.286736
2019-11-28 06:00:00.000,33.142117
2019-11-28 08:00:00.000,42.36881
2019-11-28 10:00:00.000,46.965042
2019-11-28 12:00:00.000,48.983112
2019-11-28 14:00:00.000,46.099194
2019-11-28 16:00:00.000,46.38713
2019-11-28 18:00:00.000,51.00243
2019-11-28 20:00:00.000,49.404877
2019-11-28 22:00:00.000,32.46873
2019-11-29 00:00:00.000,18.060394
2019-11-29 02:00:00.000,14.281379
2019-11-29 04:00:00.000,20.079119
2019-11-29 06:00:00.000,34.046074
2019-11-29 08:00:00.000,43.271015
2019-11-29 10:00:00.000,47.7244
2019-11-29 12:00:00.000,49.356327
2019-11-29 14:00:00.000,46.333115
2019-11-29 16:00:00.000,46.768173
2019-11-29 18:00:00.000,52.1239
2019-11-29 20:00:00.000,52.366802
2019-11-29 22:00:00.000,35.798794
2019-11-30 00:00:00.000,20.550312
2019-12-01 02:00:00.000,14.208196
2019-12-01 04:00:00.000,17.205563
2019-12-01 06:00:00.000,31.245922
2019-12-01 08:00:00.000,50.360394
2019-12-01 10:00:00.000,54.578197
2019-12-01 12:00:00.000,52.77485
2019-12-01 14:00:00.000,47.431747
2019-12-01 16:00:00.000,46.749176
2019-12-01 18:00:00.000,51.00793
2019-12-01 20:00:00.000,48.301918
2019-12-01 22:00:00.000,33.64362
2019-12-02 00:00:00.000,18.813246
2019-12-02 02:00:00.000,14.287056
2019-12-02 04:00:00.000,19.35876
2019-12-02 06:00:00.000,32.70408
2019-12-02 08:00:00.000,43.278194
2019-12-02 10:00:00.000,48.36331
2019-12-02 12:00:00.000,48.924454
2019-12-02 14:00:00.000,46.29408
2019-12-02 16:00:00.000,47.950844
2019-12-02 18:00:00.000,53.597786
2019-12-02 20:00:00.000,51.99119
2019-12-02 22:00:00.000,33.457783
2019-12-03 00:00:00.000,18.1089
2019-12-03 02:00:00.000,14.000425
2019-12-03 04:00:00.000,19.310726
2019-12-03 06:00:00.000,33.2208
2019-12-03 08:00:00.000,43.980946
2019-12-03 10:00:00.000,48.17857
2019-12-03 12:00:00.000,49.04379
2019-12-03 14:00:00.000,45.81655
2019-12-03 16:00:00.000,47.5721
2019-12-03 18:00:00.000,53.549465
2019-12-03 20:00:00.000,52.40058
2019-12-03 22:00:00.000,33.72147
2019-12-04 00:00:00.000,18.045776
2019-12-04 02:00:00.000,14.230018
2019-12-04 04:00:00.000,19.90408
2019-12-04 06:00:00.000,34.29554
2019-12-04 08:00:00.000,45.17747
2019-12-04 10:00:00.000,49.54455
2019-12-04 12:00:00.000,49.660828
2019-12-04 14:00:00.000,45.483376
2019-12-04 16:00:00.000,46.774837
2019-12-04 18:00:00.000,52.86749
2019-12-04 20:00:00.000,51.849472
2019-12-04 22:00:00.000,33.435516
2019-12-05 00:00:00.000,18.056871
2019-12-05 02:00:00.000,13.911802
2019-12-05 04:00:00.000,19.206253
2019-12-05 06:00:00.000,33.208664
2019-12-05 08:00:00.000,43.289764
2019-12-05 10:00:00.000,46.499336
2019-12-05 12:00:00.000,48.55118
2019-12-05 14:00:00.000,45.412052
2019-12-05 16:00:00.000,47.262676
2019-12-05 18:00:00.000,53.236374
2019-12-05 20:00:00.000,51.992775
2019-12-05 22:00:00.000,33.29611
2019-12-06 00:00:00.000,18.068642
2019-12-06 02:00:00.000,13.86192
2019-12-06 04:00:00.000,19.289251
2019-12-06 06:00:00.000,33.5437
2019-12-06 08:00:00.000,43.67515
2019-12-06 10:00:00.000,47.619614
2019-12-06 12:00:00.000,48.635735
2019-12-06 14:00:00.000,45.230106
2019-12-06 16:00:00.000,46.53789
2019-12-06 18:00:00.000,53.153908
2019-12-06 20:00:00.000,53.78375
2019-12-06 22:00:00.000,36.526295
2019-12-07 00:00:00.000,19.614132
2019-12-07 02:00:00.000,13.844028
2019-12-07 04:00:00.000,18.032415
2019-12-07 06:00:00.000,33.81278
2019-12-07 08:00:00.000,50.62578
2019-12-07 10:00:00.000,53.05076
2019-12-07 12:00:00.000,51.39007
2019-12-07 14:00:00.000,45.494156
2019-12-07 16:00:00.000,44.844685
2019-12-07 18:00:00.000,49.266907
2019-12-07 20:00:00.000,51.23298
2019-12-07 22:00:00.000,37.69047
2019-12-08 00:00:00.000,21.533997
2019-12-08 02:00:00.000,14.341293
2019-12-08 04:00:00.000,17.233002
2019-12-08 06:00:00.000,31.680716
2019-12-08 08:00:00.000,51.393078
2019-12-08 10:00:00.000,55.67947
2019-12-08 12:00:00.000,53.56472
2019-12-08 14:00:00.000,48.463028
2019-12-08 16:00:00.000,47.520542
2019-12-08 18:00:00.000,51.40368
2019-12-08 20:00:00.000,49.66384
2019-12-08 22:00:00.000,34.536625
2019-12-09 00:00:00.000,19.291279
2019-12-09 02:00:00.000,14.41947
2019-12-09 04:00:00.000,19.341427
2019-12-09 06:00:00.000,32.830303
2019-12-09 08:00:00.000,43.56185
2019-12-09 10:00:00.000,48.879112
2019-12-09 12:00:00.000,49.015312
2019-12-09 14:00:00.000,46.001892
2019-12-09 16:00:00.000,47.335274
2019-12-09 18:00:00.000,52.867935
2019-12-09 20:00:00.000,51.990715
2019-12-09 22:00:00.000,34.4806
2019-12-10 00:00:00.000,18.956175
2019-12-10 02:00:00.000,14.113454
2019-12-10 04:00:00.000,19.187424
2019-12-10 06:00:00.000,33.24608
2019-12-10 08:00:00.000,43.675392
2019-12-10 10:00:00.000,47.46847
2019-12-10 12:00:00.000,48.20047
2019-12-10 14:00:00.000,44.986378
2019-12-10 16:00:00.000,46.772408
2019-12-10 18:00:00.000,52.725803
2019-12-10 20:00:00.000,52.115723
2019-12-10 22:00:00.000,33.878193
2019-12-11 00:00:00.000,18.565214
2019-12-11 02:00:00.000,14.181575
2019-12-11 04:00:00.000,19.309944
2019-12-11 06:00:00.000,33.434776
2019-12-11 08:00:00.000,43.742966
2019-12-11 10:00:00.000,48.0632
2019-12-11 12:00:00.000,48.300697
2019-12-11 14:00:00.000,45.08743
2019-12-11 16:00:00.000,47.796062
2019-12-11 18:00:00.000,53.758762
2019-12-11 20:00:00.000,52.403984
2019-12-11 22:00:00.000,34.365314
2019-12-12 00:00:00.000,18.796848
2019-12-12 02:00:00.000,14.147756
2019-12-12 04:00:00.000,19.219114
2019-12-12 06:00:00.000,33.468864
2019-12-12 08:00:00.000,43.562477
2019-12-12 10:00:00.000,47.799873
2019-12-12 12:00:00.000,48.48701
2019-12-12 14:00:00.000,45.595
2019-12-12 16:00:00.000,47.19757
2019-12-12 18:00:00.000,53.23625
2019-12-12 20:00:00.000,51.689697
2019-12-12 22:00:00.000,33.83392
2019-12-13 00:00:00.000,18.485926
2019-12-13 02:00:00.000,14.118756
2019-12-13 04:00:00.000,19.186453
2019-12-13 06:00:00.000,33.371773
2019-12-13 08:00:00.000,43.67263
2019-12-13 10:00:00.000,48.462845
2019-12-13 12:00:00.000,49.13365
2019-12-13 14:00:00.000,45.484875
2019-12-13 16:00:00.000,46.70301
2019-12-13 18:00:00.000,53.421352
2019-12-13 20:00:00.000,54.082924
2019-12-13 22:00:00.000,36.930943
2019-12-14 00:00:00.000,19.7158
2019-12-14 02:00:00.000,14.249029
2019-12-14 04:00:00.000,18.133617
2019-12-14 06:00:00.000,33.407307
2019-12-14 08:00:00.000,50.039696
2019-12-14 10:00:00.000,52.681637
2019-12-14 12:00:00.000,51.09238
2019-12-14 14:00:00.000,45.52282
2019-12-14 16:00:00.000,44.38994
2019-12-14 18:00:00.000,48.84517
2019-12-14 20:00:00.000,51.01731
2019-12-14 22:00:00.000,38.579643
2019-12-15 00:00:00.000,21.766304
2019-12-15 02:00:00.000,14.357637
2019-12-15 04:00:00.000,16.93349
2019-12-15 06:00:00.000,31.020018
2019-12-15 08:00:00.000,50.48765
2019-12-15 10:00:00.000,55.57635
2019-12-15 12:00:00.000,53.63311
2019-12-15 14:00:00.000,48.022484
2019-12-15 16:00:00.000,47.423088
2019-12-15 18:00:00.000,50.988785
2019-12-15 20:00:00.000,48.95023
2019-12-15 22:00:00.000,34.158672
2019-12-16 00:00:00.000,19.14978
2019-12-16 02:00:00.000,14.171704
2019-12-16 04:00:00.000,18.777363
2019-12-16 06:00:00.000,31.913416
2019-12-16 08:00:00.000,42.338455
2019-12-16 10:00:00.000,47.763042
2019-12-16 12:00:00.000,49.047207
2019-12-16 14:00:00.000,45.98323
2019-12-16 16:00:00.000,47.040276
2019-12-16 18:00:00.000,52.59876
2019-12-16 20:00:00.000,51.658096
2019-12-16 22:00:00.000,34.265297
2019-12-17 00:00:00.000,18.612694
2019-12-17 02:00:00.000,13.950658
2019-12-17 04:00:00.000,18.536734
2019-12-17 06:00:00.000,32.475037
2019-12-17 08:00:00.000,42.409023
2019-12-17 10:00:00.000,47.32571
2019-12-17 12:00:00.000,48.28564
2019-12-17 14:00:00.000,45.781334
2019-12-17 16:00:00.000,47.047794
2019-12-17 18:00:00.000,52.912098
2019-12-17 20:00:00.000,51.699196
2019-12-17 22:00:00.000,33.954857
2019-12-18 00:00:00.000,18.393597
2019-12-18 02:00:00.000,14.374569
2019-12-18 04:00:00.000,19.400629
2019-12-18 06:00:00.000,33.209724
2019-12-18 08:00:00.000,43.49016
2019-12-18 10:00:00.000,48.039577
2019-12-18 12:00:00.000,49.359123
2019-12-18 14:00:00.000,45.878117
2019-12-18 16:00:00.000,47.019543
2019-12-18 18:00:00.000,52.77013
2019-12-18 20:00:00.000,51.27834
2019-12-18 22:00:00.000,33.86476
2019-12-19 00:00:00.000,18.54693
2019-12-19 02:00:00.000,14.449435
2019-12-19 04:00:00.000,19.109688
2019-12-19 06:00:00.000,32.82171
2019-12-19 08:00:00.000,43.110363
2019-12-19 10:00:00.000,49.19111
2019-12-19 12:00:00.000,50.07014
2019-12-19 14:00:00.000,46.410355
2019-12-19 16:00:00.000,47.277527
2019-12-19 18:00:00.000,53.17031
2019-12-19 20:00:00.000,52.253002
2019-12-19 22:00:00.000,34.22405
2019-12-20 00:00:00.000,18.938997
2019-12-20 02:00:00.000,14.351607
2019-12-20 04:00:00.000,19.252455
2019-12-20 06:00:00.000,33.122143
2019-12-20 08:00:00.000,43.407257
2019-12-20 10:00:00.000,47.925323
2019-12-20 12:00:00.000,48.987232
2019-12-20 14:00:00.000,45.196274
2019-12-20 16:00:00.000,46.247723
2019-12-20 18:00:00.000,52.29125
2019-12-20 20:00:00.000,53.520584
2019-12-20 22:00:00.000,37.165035
2019-12-21 00:00:00.000,20.765726
2019-12-21 02:00:00.000,14.769393
2019-12-21 04:00:00.000,18.626917
2019-12-21 06:00:00.000,34.12437
2019-12-21 08:00:00.000,51.14391
2019-12-21 10:00:00.000,53.85723
2019-12-21 12:00:00.000,51.889305
2019-12-21 14:00:00.000,46.310066
2019-12-21 16:00:00.000,45.243214
2019-12-21 18:00:00.000,49.68506
2019-12-21 20:00:00.000,52.07729
2019-12-21 22:00:00.000,39.669403
2019-12-22 00:00:00.000,22.97674
2019-12-22 02:00:00.000,15.233553
2019-12-22 04:00:00.000,17.943079
2019-12-22 06:00:00.000,32.290363
2019-12-22 08:00:00.000,52.15736
2019-12-22 10:00:00.000,56.07305
2019-12-22 12:00:00.000,54.09948
2019-12-22 14:00:00.000,49.306927
2019-12-22 16:00:00.000,48.21866
2019-12-22 18:00:00.000,51.75507
2019-12-22 20:00:00.000,50.674023
2019-12-22 22:00:00.000,35.683815
2019-12-23 00:00:00.000,20.187515
2019-12-23 02:00:00.000,14.918539
2019-12-23 04:00:00.000,19.18585
2019-12-23 06:00:00.000,32.19056
2019-12-23 08:00:00.000,42.331375
2019-12-23 10:00:00.000,45.790237
2019-12-23 12:00:00.000,47.703503
2019-12-23 14:00:00.000,45.5191
2019-12-23 16:00:00.000,45.94636
2019-12-23 18:00:00.000,51.425022
2019-12-23 20:00:00.000,51.137505
2019-12-23 22:00:00.000,34.770386
2019-12-24 00:00:00.000,19.301128
2019-12-24 02:00:00.000,14.647745
2019-12-24 04:00:00.000,19.0231
2019-12-24 06:00:00.000,31.845076
2019-12-24 08:00:00.000,41.74169
2019-12-24 10:00:00.000,45.679832
2019-12-24 12:00:00.000,47.637543
2019-12-24 14:00:00.000,45.287987
2019-12-24 16:00:00.000,45.569214
2019-12-24 18:00:00.000,51.5367
2019-12-24 20:00:00.000,51.788082
2019-12-24 22:00:00.000,35.39241
2019-12-25 00:00:00.000,19.469887
2019-12-25 02:00:00.000,14.845335
2019-12-25 04:00:00.000,19.327217
2019-12-25 06:00:00.000,31.545189
2019-12-25 08:00:00.000,40.865025
2019-12-25 10:00:00.000,45.7873
2019-12-25 12:00:00.000,49.02763
2019-12-25 14:00:00.000,47.84858
2019-12-25 16:00:00.000,48.82916
2019-12-25 18:00:00.000,55.025887
2019-12-25 20:00:00.000,55.137638
2019-12-25 22:00:00.000,37.80044
2019-12-26 00:00:00.000,20.734467
2019-12-26 02:00:00.000,15.553668
2019-12-26 04:00:00.000,19.292547
2019-12-26 06:00:00.000,32.270206
2019-12-26 08:00:00.000,44.871166
2019-12-26 10:00:00.000,48.368576
2019-12-26 12:00:00.000,49.630554
2019-12-26 14:00:00.000,46.94212
2019-12-26 16:00:00.000,47.12276
2019-12-26 18:00:00.000,53.14685
2019-12-26 20:00:00.000,52.777454
2019-12-26 22:00:00.000,36.049126
2019-12-27 00:00:00.000,19.528023
2019-12-27 02:00:00.000,14.999562
2019-12-27 04:00:00.000,19.92201
2019-12-27 06:00:00.000,34.289715
2019-12-27 08:00:00.000,47.29728
2019-12-27 10:00:00.000,51.98125
2019-12-27 12:00:00.000,51.60581
2019-12-27 14:00:00.000,46.509956
2019-12-27 16:00:00.000,45.911335
2019-12-27 18:00:00.000,50.939266
2019-12-27 20:00:00.000,52.45211
2019-12-27 22:00:00.000,38.16402
2019-12-28 00:00:00.000,21.575779
2019-12-28 02:00:00.000,15.046654
2019-12-28 04:00:00.000,18.73069
2019-12-28 06:00:00.000,33.646976
2019-12-28 08:00:00.000,51.68963
2019-12-28 10:00:00.000,55.54161
2019-12-28 12:00:00.000,53.34601
2019-12-28 14:00:00.000,47.402626
2019-12-28 16:00:00.000,45.967937
2019-12-28 18:00:00.000,50.701828
2019-12-28 20:00:00.000,52.214153
2019-12-28 22:00:00.000,39.760883
2019-12-29 00:00:00.000,22.638226
2019-12-29 02:00:00.000,14.980294
2019-12-29 04:00:00.000,17.722332
2019-12-29 06:00:00.000,31.337263
2019-12-29 08:00:00.000,51.00774
2019-12-29 10:00:00.000,58.176445
2019-12-29 12:00:00.000,54.485764
2019-12-29 14:00:00.000,49.185776
2019-12-29 16:00:00.000,47.477173
2019-12-29 18:00:00.000,51.57857
2019-12-29 20:00:00.000,51.778004
2019-12-29 22:00:00.000,38.765694
2019-12-30 00:00:00.000,22.613266
2019-12-30 02:00:00.000,15.580255
2019-12-30 04:00:00.000,18.7863
2019-12-30 06:00:00.000,32.918636
2019-12-30 08:00:00.000,50.36398
2019-12-30 10:00:00.000,55.297836
2019-12-30 12:00:00.000,52.75888
2019-12-30 14:00:00.000,46.624405
2019-12-30 16:00:00.000,44.63293
2019-12-30 18:00:00.000,48.592426
2019-12-30 20:00:00.000,50.57008
2019-12-30 22:00:00.000,38.99301
2019-12-31 00:00:00.000,22.413559
2020-01-01 02:00:00.000,17.815403
2020-01-01 04:00:00.000,15.074169
2020-01-01 06:00:00.000,21.721003
2020-01-01 08:00:00.000,36.891174
2020-01-01 10:00:00.000,47.290226
2020-01-01 12:00:00.000,49.402378
2020-01-01 14:00:00.000,45.11517
2020-01-01 16:00:00.000,44.242832
2020-01-01 18:00:00.000,47.565617
2020-01-01 20:00:00.000,50.395203
2020-01-01 22:00:00.000,41.26305
2020-01-02 00:00:00.000,25.528404
2020-01-02 02:00:00.000,16.327002
2020-01-02 04:00:00.000,16.743473
2020-01-02 06:00:00.000,26.436275
2020-01-02 08:00:00.000,44.34555
2020-01-02 10:00:00.000,52.065617
2020-01-02 12:00:00.000,49.678993
2020-01-02 14:00:00.000,43.966923
2020-01-02 16:00:00.000,42.81537
2020-01-02 18:00:00.000,46.76065
2020-01-02 20:00:00.000,50.04218
2020-01-02 22:00:00.000,40.642162
2020-01-03 00:00:00.000,24.73755
2020-01-03 02:00:00.000,15.774613
2020-01-03 04:00:00.000,16.389261
2020-01-03 06:00:00.000,26.488308
2020-01-03 08:00:00.000,44.106197
2020-01-03 10:00:00.000,52.18204
2020-01-03 12:00:00.000,49.765316
2020-01-03 14:00:00.000,44.57015
2020-01-03 16:00:00.000,43.18862
2020-01-03 18:00:00.000,47.518818
2020-01-03 20:00:00.000,50.52921
2020-01-03 22:00:00.000,40.504868
2020-01-04 00:00:00.000,24.675076
2020-01-04 02:00:00.000,15.442734
2020-01-04 04:00:00.000,15.770027
2020-01-04 06:00:00.000,25.509066
2020-01-04 08:00:00.000,42.867825
2020-01-04 10:00:00.000,50.69377
2020-01-04 12:00:00.000,49.74098
2020-01-04 14:00:00.000,44.88916
2020-01-04 16:00:00.000,43.21126
2020-01-04 18:00:00.000,46.43176
2020-01-04 20:00:00.000,49.89048
2020-01-04 22:00:00.000,41.128254
2020-01-05 00:00:00.000,25.101873
2020-01-05 02:00:00.000,15.269108
2020-01-05 04:00:00.000,15.244049
2020-01-05 06:00:00.000,24.857433
2020-01-05 08:00:00.000,42.4314
2020-01-05 10:00:00.000,50.88574
2020-01-05 12:00:00.000,50.384098
2020-01-05 14:00:00.000,45.912037
2020-01-05 16:00:00.000,45.082813
2020-01-05 18:00:00.000,49.25461
2020-01-05 20:00:00.000,51.11171
2020-01-05 22:00:00.000,41.35403
2020-01-06 00:00:00.000,25.764353
2020-01-06 02:00:00.000,16.567493
2020-01-06 04:00:00.000,17.378485
2020-01-06 06:00:00.000,28.108152
2020-01-06 08:00:00.000,46.953655
2020-01-06 10:00:00.000,54.538837
2020-01-06 12:00:00.000,51.19436
2020-01-06 14:00:00.000,45.29884
2020-01-06 16:00:00.000,44.81416
2020-01-06 18:00:00.000,49.401073
2020-01-06 20:00:00.000,53.669243
2020-01-06 22:00:00.000,43.537174
2020-01-07 00:00:00.000,26.989399
2020-01-07 02:00:00.000,17.299282
2020-01-07 04:00:00.000,17.415537
2020-01-07 06:00:00.000,27.995129
2020-01-07 08:00:00.000,46.986797
2020-01-07 10:00:00.000,56.08228
2020-01-07 12:00:00.000,53.17952
2020-01-07 14:00:00.000,46.293198
2020-01-07 16:00:00.000,45.63948
2020-01-07 18:00:00.000,50.07109
2020-01-07 20:00:00.000,53.987877
2020-01-07 22:00:00.000,43.513824
2020-01-08 00:00:00.000,26.765116
2020-01-08 02:00:00.000,17.1521
2020-01-08 04:00:00.000,17.427252
2020-01-08 06:00:00.000,28.269035
2020-01-08 08:00:00.000,47.926853
2020-01-08 10:00:00.000,57.534687
2020-01-08 12:00:00.000,54.578953
2020-01-08 14:00:00.000,47.435715
2020-01-08 16:00:00.000,46.35626
2020-01-08 18:00:00.000,51.098385
2020-01-08 20:00:00.000,52.915283
2020-01-08 22:00:00.000,40.0313
2020-01-09 00:00:00.000,23.83675
2020-01-09 02:00:00.000,16.43087
2020-01-09 04:00:00.000,18.947582
2020-01-09 06:00:00.000,31.40471
2020-01-09 08:00:00.000,45.77366
2020-01-09 10:00:00.000,53.224045
2020-01-09 12:00:00.000,51.924618
2020-01-09 14:00:00.000,46.65617
2020-01-09 16:00:00.000,46.162926
2020-01-09 18:00:00.000,51.951736
2020-01-09 20:00:00.000,53.146732
2020-01-09 22:00:00.000,38.627743
2020-01-10 00:00:00.000,22.746645
2020-01-10 02:00:00.000,16.00658
2020-01-10 04:00:00.000,19.174013
2020-01-10 06:00:00.000,31.961283
2020-01-10 08:00:00.000,45.195126
2020-01-10 10:00:00.000,52.059937
2020-01-10 12:00:00.000,51.06882
2020-01-10 14:00:00.000,45.58632
2020-01-10 16:00:00.000,45.659344
2020-01-10 18:00:00.000,51.508904
2020-01-10 20:00:00.000,54.842495
2020-01-10 22:00:00.000,41.657856
2020-01-11 00:00:00.000,23.942776
2020-01-11 02:00:00.000,15.175084
2020-01-11 04:00:00.000,16.645369
2020-01-11 06:00:00.000,29.026276
2020-01-11 08:00:00.000,46.032894
2020-01-11 10:00:00.000,51.688984
2020-01-11 12:00:00.000,51.351524
2020-01-11 14:00:00.000,45.832767
2020-01-11 16:00:00.000,44.20019
2020-01-11 18:00:00.000,48.28041
2020-01-11 20:00:00.000,51.62389
2020-01-11 22:00:00.000,41.79324
2020-01-12 00:00:00.000,25.446064
2020-01-12 02:00:00.000,15.669101
2020-01-12 04:00:00.000,16.187792
2020-01-12 06:00:00.000,27.254696
2020-01-12 08:00:00.000,46.274933
2020-01-12 10:00:00.000,54.139484
2020-01-12 12:00:00.000,53.578617
2020-01-12 14:00:00.000,48.801064
2020-01-12 16:00:00.000,46.322254
2020-01-12 18:00:00.000,49.654037
2020-01-12 20:00:00.000,49.002605
2020-01-12 22:00:00.000,36.497612
2020-01-13 00:00:00.000,22.006767
2020-01-13 02:00:00.000,15.379719
2020-01-13 04:00:00.000,18.521597
2020-01-13 06:00:00.000,30.00561
2020-01-13 08:00:00.000,40.325527
2020-01-13 10:00:00.000,46.818256
2020-01-13 12:00:00.000,49.00468
2020-01-13 14:00:00.000,45.496685
2020-01-13 16:00:00.000,45.758266
2020-01-13 18:00:00.000,51.42501
2020-01-13 20:00:00.000,52.313095
2020-01-13 22:00:00.000,36.5351
2020-01-14 00:00:00.000,20.47638
2020-01-14 02:00:00.000,14.725381
2020-01-14 04:00:00.000,18.223993
2020-01-14 06:00:00.000,30.568129
2020-01-14 08:00:00.000,41.87885
2020-01-14 10:00:00.000,48.225166
2020-01-14 12:00:00.000,49.08777
2020-01-14 14:00:00.000,45.63622
2020-01-14 16:00:00.000,46.09947
2020-01-14 18:00:00.000,51.783054
2020-01-14 20:00:00.000,52.483227
2020-01-14 22:00:00.000,35.469563
2020-01-15 00:00:00.000,19.58503
2020-01-15 02:00:00.000,14.713131
2020-01-15 04:00:00.000,18.56248
2020-01-15 06:00:00.000,31.108494
2020-01-15 08:00:00.000,41.06772
2020-01-15 10:00:00.000,46.876625
2020-01-15 12:00:00.000,48.29732
2020-01-15 14:00:00.000,44.760094
2020-01-15 16:00:00.000,45.902676
2020-01-15 18:00:00.000,52.230057
2020-01-15 20:00:00.000,52.496918
2020-01-15 22:00:00.000,35.49906
2020-01-16 00:00:00.000,20.102688
2020-01-16 02:00:00.000,14.790448
2020-01-16 04:00:00.000,18.727215
2020-01-16 06:00:00.000,31.677416
2020-01-16 08:00:00.000,41.89694
2020-01-16 10:00:00.000,47.454792
2020-01-16 12:00:00.000,49.09865
2020-01-16 14:00:00.000,45.67535
2020-01-16 16:00:00.000,45.767643
2020-01-16 18:00:00.000,51.809216
2020-01-16 20:00:00.000,51.858616
2020-01-16 22:00:00.000,35.287933
2020-01-17 00:00:00.000,19.392288
2020-01-17 02:00:00.000,14.4742365
2020-01-17 04:00:00.000,18.671202
2020-01-17 06:00:00.000,31.923008
2020-01-17 08:00:00.000,42.412106
2020-01-17 10:00:00.000,47.788536
2020-01-17 12:00:00.000,49.4085
2020-01-17 14:00:00.000,45.371338
2020-01-17 16:00:00.000,45.433342
2020-01-17 18:00:00.000,51.34391
2020-01-17 20:00:00.000,53.723118
2020-01-17 22:00:00.000,38.02477
2020-01-18 00:00:00.000,21.36952
2020-01-18 02:00:00.000,14.829369
2020-01-18 04:00:00.000,17.71927
2020-01-18 06:00:00.000,32.271816
2020-01-18 08:00:00.000,49.776653
2020-01-18 10:00:00.000,55.069653
2020-01-18 12:00:00.000,51.84353
2020-01-18 14:00:00.000,45.85697
2020-01-18 16:00:00.000,43.75486
2020-01-18 18:00:00.000,47.646324
2020-01-18 20:00:00.000,50.520794
2020-01-18 22:00:00.000,39.355003
2020-01-19 00:00:00.000,23.153852
2020-01-19 02:00:00.000,15.029424
2020-01-19 04:00:00.000,17.14106
2020-01-19 06:00:00.000,31.034988
2020-01-19 08:00:00.000,51.499676
2020-01-19 10:00:00.000,56.61258
2020-01-19 12:00:00.000,54.946095
2020-01-19 14:00:00.000,49.104797
2020-01-19 16:00:00.000,46.929295
2020-01-19 18:00:00.000,49.77485
2020-01-19 20:00:00.000,48.948044
2020-01-19 22:00:00.000,35.16632
2020-01-20 00:00:00.000,20.555386
2020-01-20 02:00:00.000,14.697605
2020-01-20 04:00:00.000,18.826773
2020-01-20 06:00:00.000,32.315876
2020-01-20 08:00:00.000,42.572384
2020-01-20 10:00:00.000,47.78442
2020-01-20 12:00:00.000,49.267696
2020-01-20 14:00:00.000,46.30495
2020-01-20 16:00:00.000,45.461155
2020-01-20 18:00:00.000,49.783794
2020-01-20 20:00:00.000,49.105778
2020-01-20 22:00:00.000,33.571003
2020-01-21 00:00:00.000,19.181738
2020-01-21 02:00:00.000,14.336175
2020-01-21 04:00:00.000,18.893715
2020-01-21 06:00:00.000,32.793407
2020-01-21 08:00:00.000,42.922127
2020-01-21 10:00:00.000,47.81086
2020-01-21 12:00:00.000,49.230217
2020-01-21 14:00:00.000,46.1954
2020-01-21 16:00:00.000,46.198055
2020-01-21 18:00:00.000,51.77568
2020-01-21 20:00:00.000,51.291706
2020-01-21 22:00:00.000,34.466785
2020-01-22 00:00:00.000,19.1628
2020-01-22 02:00:00.000,14.151225
2020-01-22 04:00:00.000,18.744354
2020-01-22 06:00:00.000,32.789116
2020-01-22 08:00:00.000,43.365353
2020-01-22 10:00:00.000,48.53332
2020-01-22 12:00:00.000,50.07512
2020-01-22 14:00:00.000,46.42387
2020-01-22 16:00:00.000,46.26584
2020-01-22 18:00:00.000,51.74477
2020-01-22 20:00:00.000,51.09943
2020-01-22 22:00:00.000,33.96649
2020-01-23 00:00:00.000,18.975342
2020-01-23 02:00:00.000,13.992057
2020-01-23 04:00:00.000,18.691938
2020-01-23 06:00:00.000,33.11397
2020-01-23 08:00:00.000,43.543335
2020-01-23 10:00:00.000,48.60957
2020-01-23 12:00:00.000,49.867474
2020-01-23 14:00:00.000,46.064537
2020-01-23 16:00:00.000,45.697464
2020-01-23 18:00:00.000,50.751263
2020-01-23 20:00:00.000,50.17305
2020-01-23 22:00:00.000,33.213078
2020-01-24 00:00:00.000,18.700836
2020-01-24 02:00:00.000,14.031157
2020-01-24 04:00:00.000,18.655008
2020-01-24 06:00:00.000,33.35547
2020-01-24 08:00:00.000,44.12865
2020-01-24 10:00:00.000,48.7893
2020-01-24 12:00:00.000,50.10731
2020-01-24 14:00:00.000,46.297447
2020-01-24 16:00:00.000,45.170345
2020-01-24 18:00:00.000,49.857384
2020-01-24 20:00:00.000,51.716183
2020-01-24 22:00:00.000,35.732002
2020-01-25 00:00:00.000,20.291037
2020-01-25 02:00:00.000,14.098415
2020-01-25 04:00:00.000,17.695875
2020-01-25 06:00:00.000,33.5597
2020-01-25 08:00:00.000,51.23606
2020-01-25 10:00:00.000,54.077923
2020-01-25 12:00:00.000,53.03611
2020-01-25 14:00:00.000,46.71158
2020-01-25 16:00:00.000,43.683
2020-01-25 18:00:00.000,46.94903
2020-01-25 20:00:00.000,49.270966
2020-01-25 22:00:00.000,37.291176
2020-01-26 00:00:00.000,21.841518
2020-01-26 02:00:00.000,14.198777
2020-01-26 04:00:00.000,16.835455
2020-01-26 06:00:00.000,31.593193
2020-01-26 08:00:00.000,51.801178
2020-01-26 10:00:00.000,56.26354
2020-01-26 12:00:00.000,54.36883
2020-01-26 14:00:00.000,49.435223
2020-01-26 16:00:00.000,45.842636
2020-01-26 18:00:00.000,48.661793
2020-01-26 20:00:00.000,47.523964
2020-01-26 22:00:00.000,33.288925
2020-01-27 00:00:00.000,19.58804
2020-01-27 02:00:00.000,14.037344
2020-01-27 04:00:00.000,18.304482
2020-01-27 06:00:00.000,32.088833
2020-01-27 08:00:00.000,42.81487
2020-01-27 10:00:00.000,48.158367
2020-01-27 12:00:00.000,49.617794
2020-01-27 14:00:00.000,46.270073
2020-01-27 16:00:00.000,45.699245
2020-01-27 18:00:00.000,50.358532
2020-01-27 20:00:00.000,50.143986
2020-01-27 22:00:00.000,33.2641
2020-01-28 00:00:00.000,18.741285
2020-01-28 02:00:00.000,13.961623
2020-01-28 04:00:00.000,18.38212
2020-01-28 06:00:00.000,33.674942
2020-01-28 08:00:00.000,45.07928
2020-01-28 10:00:00.000,49.62967
2020-01-28 12:00:00.000,50.37183
2020-01-28 14:00:00.000,47.010437
2020-01-28 16:00:00.000,46.570316
2020-01-28 18:00:00.000,51.440678
2020-01-28 20:00:00.000,50.460285
2020-01-28 22:00:00.000,33.282486
2020-01-29 00:00:00.000,18.607668
2020-01-29 02:00:00.000,13.918506
2020-01-29 04:00:00.000,18.807146
2020-01-29 06:00:00.000,34.224556
2020-01-29 08:00:00.000,45.43136
2020-01-29 10:00:00.000,49.830025
2020-01-29 12:00:00.000,50.023808
2020-01-29 14:00:00.000,46.25299
2020-01-29 16:00:00.000,46.42744
2020-01-29 18:00:00.000,51.635395
2020-01-29 20:00:00.000,52.722866
2020-01-29 22:00:00.000,32.801838
2020-01-30 00:00:00.000,18.491198
2020-01-30 02:00:00.000,13.983687
2020-01-30 04:00:00.000,19.013083
2020-01-30 06:00:00.000,34.5145
2020-01-30 08:00:00.000,46.10377
2020-01-30 10:00:00.000,50.95028
2020-01-30 12:00:00.000,50.965183
2020-01-30 14:00:00.000,47.210464
2020-01-30 16:00:00.000,46.855186
2020-01-30 18:00:00.000,52.130417
2020-01-30 20:00:00.000,50.866543
2020-01-30 22:00:00.000,33.39964
2020-01-31 00:00:00.000,18.690702
2020-02-01 02:00:00.000,14.745367
2020-02-01 04:00:00.000,18.027565
2020-02-01 06:00:00.000,33.292496
2020-02-01 08:00:00.000,50.56982
2020-02-01 10:00:00.000,53.45358
2020-02-01 12:00:00.000,52.357426
2020-02-01 14:00:00.000,46.639008
2020-02-01 16:00:00.000,43.575993
2020-02-01 18:00:00.000,47.123043
2020-02-01 20:00:00.000,49.433716
2020-02-01 22:00:00.000,37.519947
2020-02-02 00:00:00.000,21.685993
2020-02-02 02:00:00.000,14.6157465
2020-02-02 04:00:00.000,17.219753
2020-02-02 06:00:00.000,31.938148
2020-02-02 08:00:00.000,51.964783
2020-02-02 10:00:00.000,56.46228
2020-02-02 12:00:00.000,54.252926
2020-02-02 14:00:00.000,48.919502
2020-02-02 16:00:00.000,45.947445
2020-02-02 18:00:00.000,48.978176
2020-02-02 20:00:00.000,48.424088
2020-02-02 22:00:00.000,34.398354
2020-02-03 00:00:00.000,20.469007
2020-02-03 02:00:00.000,15.354041
2020-02-03 04:00:00.000,19.685495
2020-02-03 06:00:00.000,33.87222
2020-02-03 08:00:00.000,46.004044
2020-02-03 10:00:00.000,51.026783
2020-02-03 12:00:00.000,51.182915
2020-02-03 14:00:00.000,47.078876
2020-02-03 16:00:00.000,46.540092
2020-02-03 18:00:00.000,51.227413
2020-02-03 20:00:00.000,50.83072
2020-02-03 22:00:00.000,34.338276
2020-02-04 00:00:00.000,19.08606
2020-02-04 02:00:00.000,14.535659
2020-02-04 04:00:00.000,19.259726
2020-02-04 06:00:00.000,34.743988
2020-02-04 08:00:00.000,46.85534
2020-02-04 10:00:00.000,50.78872
2020-02-04 12:00:00.000,50.3535
2020-02-04 14:00:00.000,46.4285
2020-02-04 16:00:00.000,45.853672
2020-02-04 18:00:00.000,51.666424
2020-02-04 20:00:00.000,51.99332
2020-02-04 22:00:00.000,34.71903
2020-02-05 00:00:00.000,18.919285
2020-02-05 02:00:00.000,14.019174
2020-02-05 04:00:00.000,19.084423
2020-02-05 06:00:00.000,34.92016
2020-02-05 08:00:00.000,46.80297
2020-02-05 10:00:00.000,51.264515
2020-02-05 12:00:00.000,50.33538
2020-02-05 14:00:00.000,46.303154
2020-02-05 16:00:00.000,46.521763
2020-02-05 18:00:00.000,52.255894
2020-02-05 20:00:00.000,52.139187
2020-02-05 22:00:00.000,34.38843
2020-02-06 00:00:00.000,19.084517
2020-02-06 02:00:00.000,14.611278
2020-02-06 04:00:00.000,19.20519
2020-02-06 06:00:00.000,35.05528
2020-02-06 08:00:00.000,46.935158
2020-02-06 10:00:00.000,50.83369
2020-02-06 12:00:00.000,50.64561
2020-02-06 14:00:00.000,46.48204
2020-02-06 16:00:00.000,46.45438
2020-02-06 18:00:00.000,52.62313
2020-02-06 20:00:00.000,51.311245
2020-02-06 22:00:00.000,33.722225
2020-02-07 00:00:00.000,18.78251
2020-02-07 02:00:00.000,14.452478
2020-02-07 04:00:00.000,19.580326
2020-02-07 06:00:00.000,35.625317
2020-02-07 08:00:00.000,47.68657
2020-02-07 10:00:00.000,51.320145
2020-02-07 12:00:00.000,51.505226
2020-02-07 14:00:00.000,47.098198
2020-02-07 16:00:00.000,46.628902
2020-02-07 18:00:00.000,52.192924
2020-02-07 20:00:00.000,53.827675
2020-02-07 22:00:00.000,37.156174
2020-02-08 00:00:00.000,20.329586
2020-02-08 02:00:00.000,14.594217
2020-02-08 04:00:00.000,18.296911
2020-02-08 06:00:00.000,35.72331
2020-02-08 08:00:00.000,52.506763
2020-02-08 10:00:00.000,54.510036
2020-02-08 12:00:00.000,52.74506
2020-02-08 14:00:00.000,47.045162
2020-02-08 16:00:00.000,44.620766
2020-02-08 18:00:00.000,47.89022
2020-02-08 20:00:00.000,49.709297
2020-02-08 22:00:00.000,37.483456
2020-02-09 00:00:00.000,21.568096
2020-02-09 02:00:00.000,14.710556
2020-02-09 04:00:00.000,17.449036
2020-02-09 06:00:00.000,33.348186
2020-02-09 08:00:00.000,53.250923
2020-02-09 10:00:00.000,57.18523
2020-02-09 12:00:00.000,55.335514
2020-02-09 14:00:00.000,50.686268
2020-02-09 16:00:00.000,47.077553
2020-02-09 18:00:00.000,49.864353
2020-02-09 20:00:00.000,48.708122
2020-02-09 22:00:00.000,34.12536
2020-02-10 00:00:00.000,19.728508
2020-02-10 02:00:00.000,14.64987
2020-02-10 04:00:00.000,19.379011
2020-02-10 06:00:00.000,35.840508
2020-02-10 08:00:00.000,48.06147
2020-02-10 10:00:00.000,51.539207
2020-02-10 12:00:00.000,51.084152
2020-02-10 14:00:00.000,47.513058
2020-02-10 16:00:00.000,47.267044
2020-02-10 18:00:00.000,52.995705
2020-02-10 20:00:00.000,52.249363
2020-02-10 22:00:00.000,34.23262
2020-02-11 00:00:00.000,18.347364
2020-02-11 02:00:00.000,13.955637
2020-02-11 04:00:00.000,19.218462
2020-02-11 06:00:00.000,35.459957
2020-02-11 08:00:00.000,46.842308
2020-02-11 10:00:00.000,50.90703
2020-02-11 12:00:00.000,50.511875
2020-02-11 14:00:00.000,47.38863
2020-02-11 16:00:00.000,46.80382
2020-02-11 18:00:00.000,52.621323
2020-02-11 20:00:00.000,52.64432
2020-02-11 22:00:00.000,34.58066
2020-02-12 00:00:00.000,19.057703
2020-02-12 02:00:00.000,14.591329
2020-02-12 04:00:00.000,20.13087
2020-02-12 06:00:00.000,37.586384
2020-02-12 08:00:00.000,49.966972
2020-02-12 10:00:00.000,53.255142
2020-02-12 12:00:00.000,52.561447
2020-02-12 14:00:00.000,47.389126
2020-02-12 16:00:00.000,47.18157
2020-02-12 18:00:00.000,52.863583
2020-02-12 20:00:00.000,52.93487
2020-02-12 22:00:00.000,34.28098
2020-02-13 00:00:00.000,18.747635
2020-02-13 02:00:00.000,14.426532
2020-02-13 04:00:00.000,19.741432
2020-02-13 06:00:00.000,36.879402
2020-02-13 08:00:00.000,48.038578
2020-02-13 10:00:00.000,51.33242
2020-02-13 12:00:00.000,51.117966
2020-02-13 14:00:00.000,47.10982
2020-02-13 16:00:00.000,46.458656
2020-02-13 18:00:00.000,52.255985
2020-02-13 20:00:00.000,51.98266
2020-02-13 22:00:00.000,33.735077
2020-02-14 00:00:00.000,18.502373
2020-02-14 02:00:00.000,14.229201
2020-02-14 04:00:00.000,19.548033
2020-02-14 06:00:00.000,36.040836
2020-02-14 08:00:00.000,47.047665
2020-02-14 10:00:00.000,49.577938
2020-02-14 12:00:00.000,49.812977
2020-02-14 14:00:00.000,45.342125
2020-02-14 16:00:00.000,45.13904
2020-02-14 18:00:00.000,50.443516
2020-02-14 20:00:00.000,52.66172
2020-02-14 22:00:00.000,36.257675
2020-02-15 00:00:00.000,20.079159
2020-02-15 02:00:00.000,14.370909
2020-02-15 04:00:00.000,18.421562
2020-02-15 06:00:00.000,34.990208
2020-02-15 08:00:00.000,52.21444
2020-02-15 10:00:00.000,53.526157
2020-02-15 12:00:00.000,51.16989
2020-02-15 14:00:00.000,46.044968
2020-02-15 16:00:00.000,43.33169
2020-02-15 18:00:00.000,46.792774
2020-02-15 20:00:00.000,48.924194
2020-02-15 22:00:00.000,36.85896
2020-02-16 00:00:00.000,21.085102
2020-02-16 02:00:00.000,14.602251
2020-02-16 04:00:00.000,17.649332
2020-02-16 06:00:00.000,33.067528
2020-02-16 08:00:00.000,51.932957
2020-02-16 10:00:00.000,55.108326
2020-02-16 12:00:00.000,53.644707
2020-02-16 14:00:00.000,48.97097
2020-02-16 16:00:00.000,46.286137
2020-02-16 18:00:00.000,49.419514
2020-02-16 20:00:00.000,48.815025
2020-02-16 22:00:00.000,33.93539
2020-02-17 00:00:00.000,19.50305
2020-02-17 02:00:00.000,14.75247
2020-02-17 04:00:00.000,19.565094
2020-02-17 06:00:00.000,34.471195
2020-02-17 08:00:00.000,46.828323
2020-02-17 10:00:00.000,50.537464
2020-02-17 12:00:00.000,50.814934
2020-02-17 14:00:00.000,46.31299
2020-02-17 16:00:00.000,45.48579
2020-02-17 18:00:00.000,50.240593
2020-02-17 20:00:00.000,49.575825
2020-02-17 22:00:00.000,33.05843
2020-02-18 00:00:00.000,18.296871
2020-02-18 02:00:00.000,13.986205
2020-02-18 04:00:00.000,19.282911
2020-02-18 06:00:00.000,35.195274
2020-02-18 08:00:00.000,46.847523
2020-02-18 10:00:00.000,50.121136
2020-02-18 12:00:00.000,50.4139
2020-02-18 14:00:00.000,46.60996
2020-02-18 16:00:00.000,46.650047
2020-02-18 18:00:00.000,52.628643
2020-02-18 20:00:00.000,52.24705
2020-02-18 22:00:00.000,33.934307
2020-02-19 00:00:00.000,18.318586
2020-02-19 02:00:00.000,13.926711
2020-02-19 04:00:00.000,19.288887
2020-02-19 06:00:00.000,35.40458
2020-02-19 08:00:00.000,46.775154
2020-02-19 10:00:00.000,50.266983
2020-02-19 12:00:00.000,50.288624
2020-02-19 14:00:00.000,45.601162
2020-02-19 16:00:00.000,45.907486
2020-02-19 18:00:00.000,52.19005
2020-02-19 20:00:00.000,52.684402
2020-02-19 22:00:00.000,34.110565
2020-02-20 00:00:00.000,18.758163
2020-02-20 02:00:00.000,14.308658
2020-02-20 04:00:00.000,19.589525
2020-02-20 06:00:00.000,35.443886
2020-02-20 08:00:00.000,47.46091
2020-02-20 10:00:00.000,49.973763
2020-02-20 12:00:00.000,49.2081
2020-02-20 14:00:00.000,45.161774
2020-02-20 16:00:00.000,45.46543
2020-02-20 18:00:00.000,51.61926
2020-02-20 20:00:00.000,51.21003
2020-02-20 22:00:00.000,33.634483
2020-02-21 00:00:00.000,18.30642
2020-02-21 02:00:00.000,14.032894
2020-02-21 04:00:00.000,19.29712
2020-02-21 06:00:00.000,34.472
2020-02-21 08:00:00.000,45.79335
2020-02-21 10:00:00.000,48.871773
2020-02-21 12:00:00.000,49.70162
2020-02-21 14:00:00.000,45.137226
2020-02-21 16:00:00.000,45.077267
2020-02-21 18:00:00.000,51.451256
2020-02-21 20:00:00.000,52.696976
2020-02-21 22:00:00.000,36.042423
2020-02-22 00:00:00.000,19.235466
2020-02-22 02:00:00.000,14.130466
2020-02-22 04:00:00.000,18.667202
2020-02-22 06:00:00.000,35.443253
2020-02-22 08:00:00.000,50.49957
2020-02-22 10:00:00.000,52.090874
2020-02-22 12:00:00.000,50.373703
2020-02-22 14:00:00.000,44.64935
2020-02-22 16:00:00.000,42.813747
2020-02-22 18:00:00.000,46.918568
2020-02-22 20:00:00.000,48.782578
2020-02-22 22:00:00.000,36.09732
2020-02-23 00:00:00.000,20.960686
2020-02-23 02:00:00.000,14.595517
2020-02-23 04:00:00.000,17.27858
2020-02-23 06:00:00.000,32.565624
2020-02-23 08:00:00.000,50.53023
2020-02-23 10:00:00.000,53.98826
2020-02-23 12:00:00.000,52.01176
2020-02-23 14:00:00.000,46.73163
2020-02-23 16:00:00.000,44.5969
2020-02-23 18:00:00.000,48.451035
2020-02-23 20:00:00.000,50.3849
2020-02-23 22:00:00.000,38.592346
2020-02-24 00:00:00.000,22.911005
2020-02-24 02:00:00.000,15.73035
2020-02-24 04:00:00.000,19.283543
2020-02-24 06:00:00.000,36.085354
2020-02-24 08:00:00.000,56.135735
2020-02-24 10:00:00.000,60.61246
2020-02-24 12:00:00.000,56.85604
2020-02-24 14:00:00.000,49.478245
2020-02-24 16:00:00.000,47.54592
2020-02-24 18:00:00.000,51.649906
2020-02-24 20:00:00.000,50.776844
2020-02-24 22:00:00.000,34.519386
2020-02-25 00:00:00.000,18.833038
2020-02-25 02:00:00.000,14.09122
2020-02-25 04:00:00.000,18.837452
2020-02-25 06:00:00.000,33.162045
2020-02-25 08:00:00.000,43.326122
2020-02-25 10:00:00.000,47.244175
2020-02-25 12:00:00.000,48.62363
2020-02-25 14:00:00.000,45.60824
2020-02-25 16:00:00.000,45.75031
2020-02-25 18:00:00.000,51.20045
2020-02-25 20:00:00.000,50.57605
2020-02-25 22:00:00.000,32.696426
2020-02-26 00:00:00.000,17.572691
2020-02-26 02:00:00.000,13.419954
2020-02-26 04:00:00.000,18.767195
2020-02-26 06:00:00.000,34.26674
2020-02-26 08:00:00.000,43.938892
2020-02-26 10:00:00.000,47.800213
2020-02-26 12:00:00.000,49.354576
2020-02-26 14:00:00.000,46.29734
2020-02-26 16:00:00.000,46.291172
2020-02-26 18:00:00.000,52.203312
2020-02-26 20:00:00.000,51.16683
2020-02-26 22:00:00.000,32.915955
2020-02-27 00:00:00.000,18.288069
2020-02-27 02:00:00.000,13.985179
2020-02-27 04:00:00.000,19.133617
2020-02-27 06:00:00.000,34.098156
2020-02-27 08:00:00.000,43.378643
2020-02-27 10:00:00.000,46.892082
2020-02-27 12:00:00.000,48.903152
2020-02-27 14:00:00.000,45.728367
2020-02-27 16:00:00.000,46.25026
2020-02-27 18:00:00.000,52.185215
2020-02-27 20:00:00.000,51.386818
2020-02-27 22:00:00.000,33.643856
2020-02-28 00:00:00.000,18.500957
2020-02-28 02:00:00.000,14.224254
2020-02-28 04:00:00.000,19.51787
2020-02-28 06:00:00.000,34.64463
2020-02-28 08:00:00.000,44.061337
2020-02-28 10:00:00.000,47.567837
2020-02-28 12:00:00.000,49.989582
2020-02-28 14:00:00.000,46.77945
2020-02-28 16:00:00.000,46.037754
2020-02-28 18:00:00.000,51.35992
2020-02-28 20:00:00.000,52.76297
2020-02-28 22:00:00.000,36.135178
2020-02-29 00:00:00.000,19.722025
2020-03-01 02:00:00.000,14.499328
2020-03-01 04:00:00.000,18.208
2020-03-01 06:00:00.000,34.62861
2020-03-01 08:00:00.000,51.691315
2020-03-01 10:00:00.000,53.972897
2020-03-01 12:00:00.000,53.14301
2020-03-01 14:00:00.000,48.615887
2020-03-01 16:00:00.000,45.615345
2020-03-01 18:00:00.000,48.170162
2020-03-01 20:00:00.000,47.33234
2020-03-01 22:00:00.000,32.44271
2020-03-02 00:00:00.000,18.328266
2020-03-02 02:00:00.000,13.523029
2020-03-02 04:00:00.000,18.984856
2020-03-02 06:00:00.000,34.484577
2020-03-02 08:00:00.000,43.492477
2020-03-02 10:00:00.000,47.686493
2020-03-02 12:00:00.000,49.84165
2020-03-02 14:00:00.000,47.131985
2020-03-02 16:00:00.000,47.174458
2020-03-02 18:00:00.000,52.404705
2020-03-02 20:00:00.000,51.642555
2020-03-02 22:00:00.000,33.86559
2020-03-03 00:00:00.000,18.440075
2020-03-03 02:00:00.000,14.192912
2020-03-03 04:00:00.000,19.958141
2020-03-03 06:00:00.000,34.459743
2020-03-03 08:00:00.000,43.158997
2020-03-03 10:00:00.000,47.262413
2020-03-03 12:00:00.000,49.665756
2020-03-03 14:00:00.000,46.75983
2020-03-03 16:00:00.000,46.470818
2020-03-03 18:00:00.000,52.34875
2020-03-03 20:00:00.000,51.881287
2020-03-03 22:00:00.000,33.185104
2020-03-04 00:00:00.000,17.821102
2020-03-04 02:00:00.000,13.342618
2020-03-04 04:00:00.000,19.1793
2020-03-04 06:00:00.000,34.322094
2020-03-04 08:00:00.000,42.465622
2020-03-04 10:00:00.000,46.0548
2020-03-04 12:00:00.000,48.317146
2020-03-04 14:00:00.000,46.57456
2020-03-04 16:00:00.000,47.49231
2020-03-04 18:00:00.000,52.440754
2020-03-04 20:00:00.000,53.508022
2020-03-04 22:00:00.000,35.451706
2020-03-05 00:00:00.000,20.206877
2020-03-05 02:00:00.000,15.734214
2020-03-05 04:00:00.000,21.511862
2020-03-05 06:00:00.000,36.7119
2020-03-05 08:00:00.000,45.166348
2020-03-05 10:00:00.000,48.219025
2020-03-05 12:00:00.000,48.53066
2020-03-05 14:00:00.000,46.011623
2020-03-05 16:00:00.000,46.00233
2020-03-05 18:00:00.000,52.26956
2020-03-05 20:00:00.000,51.642624
2020-03-05 22:00:00.000,32.99669
2020-03-06 00:00:00.000,18.236456
2020-03-06 02:00:00.000,14.00413
2020-03-06 04:00:00.000,19.933395
2020-03-06 06:00:00.000,34.93774
2020-03-06 08:00:00.000,43.82164
2020-03-06 10:00:00.000,49.23236
2020-03-06 12:00:00.000,50.524834
2020-03-06 14:00:00.000,45.782265
2020-03-06 16:00:00.000,45.244965
2020-03-06 18:00:00.000,50.67958
2020-03-06 20:00:00.000,51.407135
2020-03-06 22:00:00.000,34.90246
2020-03-07 00:00:00.000,19.810087
2020-03-07 02:00:00.000,14.8735895
2020-03-07 04:00:00.000,20.121708
2020-03-07 06:00:00.000,37.63439
2020-03-07 08:00:00.000,51.18207
2020-03-07 10:00:00.000,52.086266
2020-03-07 12:00:00.000,49.90553
2020-03-07 14:00:00.000,43.938046
2020-03-07 16:00:00.000,41.65205
2020-03-07 18:00:00.000,45.88008
2020-03-07 20:00:00.000,47.842556
2020-03-07 22:00:00.000,36.16074
2020-03-08 00:00:00.000,21.14197
2020-03-08 02:00:00.000,14.973777
2020-03-08 04:00:00.000,19.114075
2020-03-08 06:00:00.000,36.057114
2020-03-08 08:00:00.000,51.035854
2020-03-08 10:00:00.000,52.165836
2020-03-08 12:00:00.000,49.400883
2020-03-08 14:00:00.000,44.229572
2020-03-08 16:00:00.000,41.73248
2020-03-08 18:00:00.000,46.097023
2020-03-08 20:00:00.000,50.014355
2020-03-08 22:00:00.000,37.883286
2020-03-09 00:00:00.000,21.543146
2020-03-09 02:00:00.000,15.375444
2020-03-09 04:00:00.000,20.51963
2020-03-09 06:00:00.000,38.48567
2020-03-09 08:00:00.000,55.924137
2020-03-09 10:00:00.000,58.18973
2020-03-09 12:00:00.000,54.344673
2020-03-09 14:00:00.000,48.226967
2020-03-09 16:00:00.000,46.254013
2020-03-09 18:00:00.000,50.41003
2020-03-09 20:00:00.000,49.542812
2020-03-09 22:00:00.000,33.405964
2020-03-10 00:00:00.000,18.447325
2020-03-10 02:00:00.000,13.831308
2020-03-10 04:00:00.000,19.48946
2020-03-10 06:00:00.000,33.658268
2020-03-10 08:00:00.000,42.046314
2020-03-10 10:00:00.000,46.09972
2020-03-10 12:00:00.000,47.109486
2020-03-10 14:00:00.000,45.24669
2020-03-10 16:00:00.000,45.30115
2020-03-10 18:00:00.000,52.352776
2020-03-10 20:00:00.000,51.031937
2020-03-10 22:00:00.000,32.223396
2020-03-11 00:00:00.000,17.91852
2020-03-11 02:00:00.000,14.044981
2020-03-11 04:00:00.000,20.321537
2020-03-11 06:00:00.000,35.34265
2020-03-11 08:00:00.000,42.574005
2020-03-11 10:00:00.000,45.177975
2020-03-11 12:00:00.000,45.862675
2020-03-11 14:00:00.000,44.395348
2020-03-11 16:00:00.000,44.521503
2020-03-11 18:00:00.000,51.380558
2020-03-11 20:00:00.000,50.02676
2020-03-11 22:00:00.000,31.541992
2020-03-12 00:00:00.000,18.115772
2020-03-12 02:00:00.000,14.082359
2020-03-12 04:00:00.000,20.43098
2020-03-12 06:00:00.000,35.95735
2020-03-12 08:00:00.000,43.060745
2020-03-12 10:00:00.000,46.563976
2020-03-12 12:00:00.000,47.495583
2020-03-12 14:00:00.000,45.422905
2020-03-12 16:00:00.000,45.415894
2020-03-12 18:00:00.000,52.03901
2020-03-12 20:00:00.000,50.57461
2020-03-12 22:00:00.000,32.4697
2020-03-13 00:00:00.000,18.019194
2020-03-13 02:00:00.000,13.852126
2020-03-13 04:00:00.000,20.045118
2020-03-13 06:00:00.000,35.699127
2020-03-13 08:00:00.000,43.482727
2020-03-13 10:00:00.000,46.1713
2020-03-13 12:00:00.000,47.67782
2020-03-13 14:00:00.000,44.873592
2020-03-13 16:00:00.000,44.094864
2020-03-13 18:00:00.000,50.60867
2020-03-13 20:00:00.000,51.055527
2020-03-13 22:00:00.000,34.97414
2020-03-14 00:00:00.000,19.847221
2020-03-14 02:00:00.000,15.014734
2020-03-14 04:00:00.000,20.281929
2020-03-14 06:00:00.000,38.272064
2020-03-14 08:00:00.000,51.166553
2020-03-14 10:00:00.000,51.811695
2020-03-14 12:00:00.000,49.919025
2020-03-14 14:00:00.000,44.391476
2020-03-14 16:00:00.000,41.996937
2020-03-14 18:00:00.000,46.15383
2020-03-14 20:00:00.000,48.044254
2020-03-14 22:00:00.000,35.81478
2020-03-15 00:00:00.000,20.820488
2020-03-15 02:00:00.000,15.056522
2020-03-15 04:00:00.000,19.00779
2020-03-15 06:00:00.000,36.775326
2020-03-15 08:00:00.000,53.07318
2020-03-15 10:00:00.000,54.88091
2020-03-15 12:00:00.000,52.60392
2020-03-15 14:00:00.000,47.116535
2020-03-15 16:00:00.000,43.94266
2020-03-15 18:00:00.000,46.360992
2020-03-15 20:00:00.000,45.854298
2020-03-15 22:00:00.000,32.255642
2020-03-16 00:00:00.000,18.689869
2020-03-16 02:00:00.000,14.143164
2020-03-16 04:00:00.000,19.634283
2020-03-16 06:00:00.000,33.904552
2020-03-16 08:00:00.000,42.05595
2020-03-16 10:00:00.000,44.121376
2020-03-16 12:00:00.000,46.58456
2020-03-16 14:00:00.000,44.278538
2020-03-16 16:00:00.000,43.0526
2020-03-16 18:00:00.000,47.470596
2020-03-16 20:00:00.000,46.26667
2020-03-16 22:00:00.000,30.818756
2020-03-17 00:00:00.000,17.181408
2020-03-17 02:00:00.000,12.870771
2020-03-17 04:00:00.000,19.037975
2020-03-17 06:00:00.000,34.707985
2020-03-17 08:00:00.000,44.178707
2020-03-17 10:00:00.000,46.11554
2020-03-17 12:00:00.000,46.20083
2020-03-17 14:00:00.000,43.18839
2020-03-17 16:00:00.000,42.108906
2020-03-17 18:00:00.000,46.35964
2020-03-17 20:00:00.000,45.32988
2020-03-17 22:00:00.000,30.874847
2020-03-18 00:00:00.000,17.315676
2020-03-18 02:00:00.000,13.419673
2020-03-18 04:00:00.000,19.529299
2020-03-18 06:00:00.000,35.028492
2020-03-18 08:00:00.000,44.42187
2020-03-18 10:00:00.000,46.16426
2020-03-18 12:00:00.000,45.829674
2020-03-18 14:00:00.000,42.877964
2020-03-18 16:00:00.000,42.11789
2020-03-18 18:00:00.000,46.029938
2020-03-18 20:00:00.000,45.05304
2020-03-18 22:00:00.000,30.56791
2020-03-19 00:00:00.000,17.121147
2020-03-19 02:00:00.000,13.073312
2020-03-19 04:00:00.000,19.233475
2020-03-19 06:00:00.000,34.950397
2020-03-19 08:00:00.000,46.38199
2020-03-19 10:00:00.000,48.55977
2020-03-19 12:00:00.000,47.73198
2020-03-19 14:00:00.000,43.27678
2020-03-19 16:00:00.000,41.606876
2020-03-19 18:00:00.000,45.84666
2020-03-19 20:00:00.000,44.866272
2020-03-19 22:00:00.000,30.646666
2020-03-20 00:00:00.000,17.12782
2020-03-20 02:00:00.000,13.030828
2020-03-20 04:00:00.000,19.27056
2020-03-20 06:00:00.000,35.38824
2020-03-20 08:00:00.000,47.083694
2020-03-20 10:00:00.000,47.65098
2020-03-20 12:00:00.000,47.609077
2020-03-20 14:00:00.000,42.99263
2020-03-20 16:00:00.000,41.076366
2020-03-20 18:00:00.000,45.352673
2020-03-20 20:00:00.000,45.940586
2020-03-20 22:00:00.000,32.75495
2020-03-21 00:00:00.000,18.402248
2020-03-21 02:00:00.000,13.521889
2020-03-21 04:00:00.000,18.774536
2020-03-21 06:00:00.000,35.39665
2020-03-21 08:00:00.000,49.38835
2020-03-21 10:00:00.000,50.259296
2020-03-21 12:00:00.000,47.709606
2020-03-21 14:00:00.000,42.5705
2020-03-21 16:00:00.000,39.755955
2020-03-21 18:00:00.000,42.7015
2020-03-21 20:00:00.000,43.648827
2020-03-21 22:00:00.000,32.293896
2020-03-22 00:00:00.000,18.531359
2020-03-22 02:00:00.000,13.047499
2020-03-22 04:00:00.000,16.776892
2020-03-22 06:00:00.000,31.989025
2020-03-22 08:00:00.000,46.893753
2020-03-22 10:00:00.000,49.441113
2020-03-22 12:00:00.000,47.85619
2020-03-22 14:00:00.000,43.044575
2020-03-22 16:00:00.000,40.301434
2020-03-22 18:00:00.000,43.426754
2020-03-22 20:00:00.000,43.132828
2020-03-22 22:00:00.000,30.245754
2020-03-23 00:00:00.000,17.018385
2020-03-23 02:00:00.000,13.153199
2020-03-23 04:00:00.000,18.404427
2020-03-23 06:00:00.000,33.987553
2020-03-23 08:00:00.000,46.561512
2020-03-23 10:00:00.000,49.066143
2020-03-23 12:00:00.000,47.05379
2020-03-23 14:00:00.000,42.276253
2020-03-23 16:00:00.000,40.600395
2020-03-23 18:00:00.000,44.32941
2020-03-23 20:00:00.000,43.57025
2020-03-23 22:00:00.000,29.836126
2020-03-24 00:00:00.000,16.853394
2020-03-24 02:00:00.000,13.075973
2020-03-24 04:00:00.000,18.53425
2020-03-24 06:00:00.000,33.984028
2020-03-24 08:00:00.000,46.84377
2020-03-24 10:00:00.000,49.55236
2020-03-24 12:00:00.000,47.427372
2020-03-24 14:00:00.000,42.35425
2020-03-24 16:00:00.000,40.816765
2020-03-24 18:00:00.000,45.023403
2020-03-24 20:00:00.000,44.196415
2020-03-24 22:00:00.000,30.194109
2020-03-25 00:00:00.000,16.945324
2020-03-25 02:00:00.000,12.639255
2020-03-25 04:00:00.000,18.05683
2020-03-25 06:00:00.000,33.288715
2020-03-25 08:00:00.000,46.143166
2020-03-25 10:00:00.000,48.60885
2020-03-25 12:00:00.000,46.076275
2020-03-25 14:00:00.000,45.42607
2020-03-25 16:00:00.000,40.35598
2020-03-25 18:00:00.000,44.83924
2020-03-25 20:00:00.000,44.80404
2020-03-25 22:00:00.000,30.357597
2020-03-26 00:00:00.000,16.620432
2020-03-26 02:00:00.000,12.615638
2020-03-26 04:00:00.000,17.943842
2020-03-26 06:00:00.000,32.920807
2020-03-26 08:00:00.000,45.462757
2020-03-26 10:00:00.000,47.712524
2020-03-26 12:00:00.000,46.01731
2020-03-26 14:00:00.000,40.769104
2020-03-26 16:00:00.000,38.810883
2020-03-26 18:00:00.000,43.799816
2020-03-26 20:00:00.000,43.620567
2020-03-26 22:00:00.000,29.900751
2020-03-27 00:00:00.000,16.656115
2020-03-27 02:00:00.000,12.62429
2020-03-27 04:00:00.000,18.144672
2020-03-27 06:00:00.000,33.419106
2020-03-27 08:00:00.000,45.76439
2020-03-27 10:00:00.000,47.36452
2020-03-27 12:00:00.000,45.505997
2020-03-27 14:00:00.000,40.19109
2020-03-27 16:00:00.000,38.37659
2020-03-27 18:00:00.000,42.82456
2020-03-27 20:00:00.000,43.491165
2020-03-27 22:00:00.000,31.597368
2020-03-28 00:00:00.000,18.004486
2020-03-28 02:00:00.000,13.04423
2020-03-28 04:00:00.000,17.565832
2020-03-28 06:00:00.000,32.403122
2020-03-28 08:00:00.000,45.615307
2020-03-28 10:00:00.000,48.09729
2020-03-28 12:00:00.000,46.14229
2020-03-28 14:00:00.000,41.48676
2020-03-28 16:00:00.000,39.06693
2020-03-28 18:00:00.000,43.038574
2020-03-28 20:00:00.000,43.321724
2020-03-28 22:00:00.000,31.896252
2020-03-29 00:00:00.000,18.260988
2020-03-29 02:00:00.000,12.879307
2020-03-29 04:00:00.000,17.071709
2020-03-29 06:00:00.000,31.509464
2020-03-29 08:00:00.000,45.59639
2020-03-29 10:00:00.000,48.739304
2020-03-29 12:00:00.000,47.87519
2020-03-29 14:00:00.000,43.32607
2020-03-29 16:00:00.000,40.280624
2020-03-29 18:00:00.000,43.397995
2020-03-29 20:00:00.000,43.781944
2020-03-29 22:00:00.000,32.69012
2020-03-30 00:00:00.000,18.926302
2020-03-30 02:00:00.000,13.797007
2020-03-30 04:00:00.000,18.26968
2020-03-30 06:00:00.000,33.04329
2020-03-30 08:00:00.000,47.09898
2020-03-30 10:00:00.000,51.94815
2020-03-30 12:00:00.000,51.070095
2020-03-30 14:00:00.000,45.368305
2020-03-30 16:00:00.000,42.533947
2020-03-30 18:00:00.000,45.83762
2020-03-30 20:00:00.000,45.88339
2020-03-30 22:00:00.000,33.892998
2020-03-31 00:00:00.000,20.042103
2020-04-01 02:00:00.000,13.692572
2020-04-01 04:00:00.000,18.220854
2020-04-01 06:00:00.000,32.946095
2020-04-01 08:00:00.000,47.867477
2020-04-01 10:00:00.000,53.079987
2020-04-01 12:00:00.000,52.51881
2020-04-01 14:00:00.000,47.017803
2020-04-01 16:00:00.000,44.34292
2020-04-01 18:00:00.000,46.744034
2020-04-01 20:00:00.000,46.395256
2020-04-01 22:00:00.000,34.632458
2020-04-02 00:00:00.000,20.513353
2020-04-02 02:00:00.000,14.424285
2020-04-02 04:00:00.000,18.430056
2020-04-02 06:00:00.000,32.852417
2020-04-02 08:00:00.000,47.888016
2020-04-02 10:00:00.000,52.928623
2020-04-02 12:00:00.000,52.670986
2020-04-02 14:00:00.000,52.531593
2020-04-02 16:00:00.000,44.633
2020-04-02 18:00:00.000,47.25143
2020-04-02 20:00:00.000,48.305454
2020-04-02 22:00:00.000,35.996464
2020-04-03 00:00:00.000,21.314302
2020-04-03 02:00:00.000,14.981451
2020-04-03 04:00:00.000,18.66199
2020-04-03 06:00:00.000,32.86151
2020-04-03 08:00:00.000,48.144382
2020-04-03 10:00:00.000,53.18825
2020-04-03 12:00:00.000,52.83113
2020-04-03 14:00:00.000,46.846687
2020-04-03 16:00:00.000,43.64854
2020-04-03 18:00:00.000,46.563377
2020-04-03 20:00:00.000,50.54832
2020-04-03 22:00:00.000,36.31459
2020-04-04 00:00:00.000,21.552517
2020-04-04 02:00:00.000,14.73988
2020-04-04 04:00:00.000,18.132946
2020-04-04 06:00:00.000,32.163567
2020-04-04 08:00:00.000,46.752247
2020-04-04 10:00:00.000,51.52433
2020-04-04 12:00:00.000,51.12567
2020-04-04 14:00:00.000,46.46548
2020-04-04 16:00:00.000,43.285427
2020-04-04 18:00:00.000,45.976162
2020-04-04 20:00:00.000,46.76309
2020-04-04 22:00:00.000,35.156734
2020-04-05 00:00:00.000,20.70056
2020-04-05 02:00:00.000,13.58655
2020-04-05 04:00:00.000,16.81891
2020-04-05 06:00:00.000,30.50144
2020-04-05 08:00:00.000,45.211857
2020-04-05 10:00:00.000,50.55453
2020-04-05 12:00:00.000,51.303074
2020-04-05 14:00:00.000,46.71889
2020-04-05 16:00:00.000,43.466957
2020-04-05 18:00:00.000,44.56115
2020-04-05 20:00:00.000,45.14026
2020-04-05 22:00:00.000,33.932068
2020-04-06 00:00:00.000,20.415743
2020-04-06 02:00:00.000,14.68823
2020-04-06 04:00:00.000,18.891092
2020-04-06 06:00:00.000,33.709404
2020-04-06 08:00:00.000,47.698944
2020-04-06 10:00:00.000,51.99876
2020-04-06 12:00:00.000,51.313236
2020-04-06 14:00:00.000,46.091118
2020-04-06 16:00:00.000,43.71925
2020-04-06 18:00:00.000,45.997093
2020-04-06 20:00:00.000,46.33609
2020-04-06 22:00:00.000,34.09122
2020-04-07 00:00:00.000,19.850494
2020-04-07 02:00:00.000,14.351931
2020-04-07 04:00:00.000,19.020735
2020-04-07 06:00:00.000,34.147224
2020-04-07 08:00:00.000,48.06874
2020-04-07 10:00:00.000,51.27938
2020-04-07 12:00:00.000,50.304344
2020-04-07 14:00:00.000,44.96964
2020-04-07 16:00:00.000,42.378025
2020-04-07 18:00:00.000,45.53515
2020-04-07 20:00:00.000,46.334854
2020-04-07 22:00:00.000,34.451557
2020-04-08 00:00:00.000,20.10291
2020-04-08 02:00:00.000,14.563577
2020-04-08 04:00:00.000,19.174072
2020-04-08 06:00:00.000,34.11055
2020-04-08 08:00:00.000,47.578148
2020-04-08 10:00:00.000,51.624638
2020-04-08 12:00:00.000,50.88985
2020-04-08 14:00:00.000,46.29058
2020-04-08 16:00:00.000,44.086086
2020-04-08 18:00:00.000,47.10739
2020-04-08 20:00:00.000,47.687557
2020-04-08 22:00:00.000,35.00936
2020-04-09 00:00:00.000,19.621307
2020-04-09 02:00:00.000,13.8860655
2020-04-09 04:00:00.000,19.316298
2020-04-09 06:00:00.000,34.830013
2020-04-09 08:00:00.000,48.09948
2020-04-09 10:00:00.000,51.511707
2020-04-09 12:00:00.000,50.6691
2020-04-09 14:00:00.000,45.458088
2020-04-09 16:00:00.000,43.197544
2020-04-09 18:00:00.000,47.299545
2020-04-09 20:00:00.000,47.94706
2020-04-09 22:00:00.000,34.88148
2020-04-10 00:00:00.000,19.756628
2020-04-10 02:00:00.000,13.811016
2020-04-10 04:00:00.000,18.91377
2020-04-10 06:00:00.000,36.630627
2020-04-10 08:00:00.000,52.80622
2020-04-10 10:00:00.000,53.360313
2020-04-10 12:00:00.000,50.841747
2020-04-10 14:00:00.000,45.597404
2020-04-10 16:00:00.000,43.054462
2020-04-10 18:00:00.000,46.593338
2020-04-10 20:00:00.000,47.35944
2020-04-10 22:00:00.000,35.906326
2020-04-11 00:00:00.000,21.0224
2020-04-11 02:00:00.000,14.3527775
2020-04-11 04:00:00.000,18.351252
2020-04-11 06:00:00.000,32.098366
2020-04-11 08:00:00.000,45.778954
2020-04-11 10:00:00.000,50.592598
2020-04-11 12:00:00.000,50.942844
2020-04-11 14:00:00.000,45.87767
2020-04-11 16:00:00.000,43.063778
2020-04-11 18:00:00.000,45.82178
2020-04-11 20:00:00.000,46.555298
2020-04-11 22:00:00.000,35.14965
2020-04-12 00:00:00.000,20.602766
2020-04-12 02:00:00.000,13.636079
2020-04-12 04:00:00.000,16.98626
2020-04-12 06:00:00.000,30.49072
2020-04-12 08:00:00.000,45.316547
2020-04-12 10:00:00.000,50.806446
2020-04-12 12:00:00.000,51.602787
2020-04-12 14:00:00.000,47.226517
2020-04-12 16:00:00.000,43.509956
2020-04-12 18:00:00.000,45.25303
2020-04-12 20:00:00.000,46.56804
2020-04-12 22:00:00.000,34.67168
2020-04-13 00:00:00.000,19.812939
2020-04-13 02:00:00.000,14.285411
2020-04-13 04:00:00.000,18.954113
2020-04-13 06:00:00.000,33.88943
2020-04-13 08:00:00.000,47.336033
2020-04-13 10:00:00.000,50.09037
2020-04-13 12:00:00.000,49.590607
2020-04-13 14:00:00.000,44.935028
2020-04-13 16:00:00.000,42.32764
2020-04-13 18:00:00.000,45.401604
2020-04-13 20:00:00.000,46.42588
2020-04-13 22:00:00.000,34.62276
2020-04-14 00:00:00.000,19.913126
2020-04-14 02:00:00.000,14.372584
2020-04-14 04:00:00.000,19.197376
2020-04-14 06:00:00.000,33.657173
2020-04-14 08:00:00.000,47.388145
2020-04-14 10:00:00.000,51.11893
2020-04-14 12:00:00.000,50.029358
2020-04-14 14:00:00.000,45.003292
2020-04-14 16:00:00.000,42.466667
2020-04-14 18:00:00.000,45.500587
2020-04-14 20:00:00.000,46.407757
2020-04-14 22:00:00.000,34.623257
2020-04-15 00:00:00.000,19.856697
2020-04-15 02:00:00.000,14.349087
2020-04-15 04:00:00.000,19.000046
2020-04-15 06:00:00.000,33.738186
2020-04-15 08:00:00.000,47.312126
2020-04-15 10:00:00.000,51.033325
2020-04-15 12:00:00.000,50.05619
2020-04-15 14:00:00.000,47.078136
2020-04-15 16:00:00.000,43.076992
2020-04-15 18:00:00.000,46.43738
2020-04-15 20:00:00.000,47.279747
2020-04-15 22:00:00.000,35.333187
2020-04-16 00:00:00.000,20.084127
2020-04-16 02:00:00.000,14.287923
2020-04-16 04:00:00.000,18.906559
2020-04-16 06:00:00.000,33.754524
2020-04-16 08:00:00.000,47.903034
2020-04-16 10:00:00.000,51.833275
2020-04-16 12:00:00.000,50.89198
2020-04-16 14:00:00.000,45.867527
2020-04-16 16:00:00.000,43.47775
2020-04-16 18:00:00.000,46.695515
2020-04-16 20:00:00.000,47.693523
2020-04-16 22:00:00.000,35.79903
2020-04-17 00:00:00.000,20.878473
2020-04-17 02:00:00.000,14.945468
2020-04-17 04:00:00.000,19.588995
2020-04-17 06:00:00.000,34.01504
2020-04-17 08:00:00.000,47.32328
2020-04-17 10:00:00.000,51.374
2020-04-17 12:00:00.000,50.589924
2020-04-17 14:00:00.000,45.625835
2020-04-17 16:00:00.000,43.315826
2020-04-17 18:00:00.000,46.049744
2020-04-17 20:00:00.000,47.551834
2020-04-17 22:00:00.000,36.851494
2020-04-18 00:00:00.000,21.617216
2020-04-18 02:00:00.000,14.983578
2020-04-18 04:00:00.000,18.492111
2020-04-18 06:00:00.000,31.57418
2020-04-18 08:00:00.000,45.589252
2020-04-18 10:00:00.000,50.92001
2020-04-18 12:00:00.000,50.723763
2020-04-18 14:00:00.000,45.5042
2020-04-18 16:00:00.000,42.768078
2020-04-18 18:00:00.000,45.473137
2020-04-18 20:00:00.000,47.282753
2020-04-18 22:00:00.000,36.951584
2020-04-19 00:00:00.000,22.084759
2020-04-19 02:00:00.000,14.571312
2020-04-19 04:00:00.000,17.417387
2020-04-19 06:00:00.000,29.608515
2020-04-19 08:00:00.000,43.195522
2020-04-19 10:00:00.000,48.190987
2020-04-19 12:00:00.000,49.17616
2020-04-19 14:00:00.000,44.503048
2020-04-19 16:00:00.000,41.451
2020-04-19 18:00:00.000,44.447212
2020-04-19 20:00:00.000,46.07011
2020-04-19 22:00:00.000,35.244743
2020-04-20 00:00:00.000,20.622917
2020-04-20 02:00:00.000,15.26134
2020-04-20 04:00:00.000,19.853447
2020-04-20 06:00:00.000,33.931057
2020-04-20 08:00:00.000,47.74503
2020-04-20 10:00:00.000,52.20556
2020-04-20 12:00:00.000,51.596733
2020-04-20 14:00:00.000,46.408825
2020-04-20 16:00:00.000,43.9117
2020-04-20 18:00:00.000,47.358063
2020-04-20 20:00:00.000,48.739376
2020-04-20 22:00:00.000,36.361324
2020-04-21 00:00:00.000,20.954151
2020-04-21 02:00:00.000,14.903301
2020-04-21 04:00:00.000,19.780075
2020-04-21 06:00:00.000,35.09394
2020-04-21 08:00:00.000,48.451424
2020-04-21 10:00:00.000,52.163822
2020-04-21 12:00:00.000,51.169716
2020-04-21 14:00:00.000,45.738632
2020-04-21 16:00:00.000,43.39011
2020-04-21 18:00:00.000,46.468777
2020-04-21 20:00:00.000,47.77682
2020-04-21 22:00:00.000,35.39963
2020-04-22 00:00:00.000,20.44544
2020-04-22 02:00:00.000,14.832829
2020-04-22 04:00:00.000,19.907106
2020-04-22 06:00:00.000,34.62214
2020-04-22 08:00:00.000,48.78673
2020-04-22 10:00:00.000,52.897224
2020-04-22 12:00:00.000,51.37486
2020-04-22 14:00:00.000,46.761757
2020-04-22 16:00:00.000,44.645813
2020-04-22 18:00:00.000,47.991276
2020-04-22 20:00:00.000,49.121758
2020-04-22 22:00:00.000,36.380333
2020-04-23 00:00:00.000,20.729609
2020-04-23 02:00:00.000,14.9505625
2020-04-23 04:00:00.000,19.496067
2020-04-23 06:00:00.000,34.22723
2020-04-23 08:00:00.000,47.78228
2020-04-23 10:00:00.000,51.62887
2020-04-23 12:00:00.000,50.590824
2020-04-23 14:00:00.000,45.560715
2020-04-23 16:00:00.000,43.091026
2020-04-23 18:00:00.000,47.165054
2020-04-23 20:00:00.000,48.607418
2020-04-23 22:00:00.000,34.853447
2020-04-24 00:00:00.000,20.765863
2020-04-24 02:00:00.000,15.322242
2020-04-24 04:00:00.000,19.379402
2020-04-24 06:00:00.000,34.092506
2020-04-24 08:00:00.000,47.62672
2020-04-24 10:00:00.000,51.014122
2020-04-24 12:00:00.000,50.10146
2020-04-24 14:00:00.000,45.228073
2020-04-24 16:00:00.000,42.982872
2020-04-24 18:00:00.000,46.15791
2020-04-24 20:00:00.000,48.21974
2020-04-24 22:00:00.000,35.178234
2020-04-25 00:00:00.000,20.519333
2020-04-25 02:00:00.000,14.753472
2020-04-25 04:00:00.000,17.855225
2020-04-25 06:00:00.000,31.065956
2020-04-25 08:00:00.000,45.272564
2020-04-25 10:00:00.000,50.278553
2020-04-25 12:00:00.000,49.437054
2020-04-25 14:00:00.000,45.153564
2020-04-25 16:00:00.000,42.319256
2020-04-25 18:00:00.000,45.74352
2020-04-25 20:00:00.000,47.36537
2020-04-25 22:00:00.000,35.434532
2020-04-26 00:00:00.000,21.450495
2020-04-26 02:00:00.000,15.205796
2020-04-26 04:00:00.000,17.72647
2020-04-26 06:00:00.000,30.82088
2020-04-26 08:00:00.000,45.317635
2020-04-26 10:00:00.000,50.198227
2020-04-26 12:00:00.000,50.118114
2020-04-26 14:00:00.000,45.563385
2020-04-26 16:00:00.000,42.920677
2020-04-26 18:00:00.000,46.447243
2020-04-26 20:00:00.000,48.29762
2020-04-26 22:00:00.000,35.653824
2020-04-27 00:00:00.000,21.1302
2020-04-27 02:00:00.000,15.686823
2020-04-27 04:00:00.000,19.78166
2020-04-27 06:00:00.000,34.574677
2020-04-27 08:00:00.000,48.632835
2020-04-27 10:00:00.000,52.355717
2020-04-27 12:00:00.000,51.584965
2020-04-27 14:00:00.000,46.520992
2020-04-27 16:00:00.000,44.10558
2020-04-27 18:00:00.000,48.224117
2020-04-27 20:00:00.000,49.419914
2020-04-27 22:00:00.000,35.462463
2020-04-28 00:00:00.000,20.875175
2020-04-28 02:00:00.000,15.624552
2020-04-28 04:00:00.000,19.828701
2020-04-28 06:00:00.000,34.6892
2020-04-28 08:00:00.000,48.784397
2020-04-28 10:00:00.000,52.98533
2020-04-28 12:00:00.000,51.38405
2020-04-28 14:00:00.000,49.859627
2020-04-28 16:00:00.000,46.590775
2020-04-28 18:00:00.000,47.55582
2020-04-28 20:00:00.000,49.291164
2020-04-28 22:00:00.000,35.83422
2020-04-29 00:00:00.000,20.96973
2020-04-29 02:00:00.000,15.416991
2020-04-29 04:00:00.000,19.540459
2020-04-29 06:00:00.000,33.951843
2020-04-29 08:00:00.000,47.56864
2020-04-29 10:00:00.000,51.285366
2020-04-29 12:00:00.000,50.713776
2020-04-29 14:00:00.000,45.261063
2020-04-29 16:00:00.000,42.31809
2020-04-29 18:00:00.000,46.221767
2020-04-29 20:00:00.000,48.695568
2020-04-29 22:00:00.000,35.295467
2020-04-30 00:00:00.000,20.688229
2020-05-01 02:00:00.000,14.265278
2020-05-01 04:00:00.000,17.60754
2020-05-01 06:00:00.000,31.203278
2020-05-01 08:00:00.000,44.57814
2020-05-01 10:00:00.000,47.771896
2020-05-01 12:00:00.000,46.505787
2020-05-01 14:00:00.000,41.378365
2020-05-01 16:00:00.000,38.640095
2020-05-01 18:00:00.000,42.72182
2020-05-01 20:00:00.000,45.676346
2020-05-01 22:00:00.000,34.020744
2020-05-02 00:00:00.000,20.152315
2020-05-02 02:00:00.000,13.954333
2020-05-02 04:00:00.000,17.094149
2020-05-02 06:00:00.000,30.201307
2020-05-02 08:00:00.000,43.61503
2020-05-02 10:00:00.000,47.35564
2020-05-02 12:00:00.000,46.786835
2020-05-02 14:00:00.000,41.933315
2020-05-02 16:00:00.000,39.040264
2020-05-02 18:00:00.000,43.123455
2020-05-02 20:00:00.000,46.187378
2020-05-02 22:00:00.000,34.2248
2020-05-03 00:00:00.000,20.726929
2020-05-03 02:00:00.000,14.232269
2020-05-03 04:00:00.000,16.21864
2020-05-03 06:00:00.000,29.168976
2020-05-03 08:00:00.000,42.72977
2020-05-03 10:00:00.000,46.3898
2020-05-03 12:00:00.000,46.72381
2020-05-03 14:00:00.000,42.14429
2020-05-03 16:00:00.000,40.01147
2020-05-03 18:00:00.000,44.145
2020-05-03 20:00:00.000,47.473675
2020-05-03 22:00:00.000,35.12062
2020-05-04 00:00:00.000,21.014694
2020-05-04 02:00:00.000,14.883924
2020-05-04 04:00:00.000,18.430904
2020-05-04 06:00:00.000,31.598207
2020-05-04 08:00:00.000,45.30424
2020-05-04 10:00:00.000,49.457294
2020-05-04 12:00:00.000,48.40641
2020-05-04 14:00:00.000,43.528996
2020-05-04 16:00:00.000,40.508026
2020-05-04 18:00:00.000,45.143265
2020-05-04 20:00:00.000,48.246872
2020-05-04 22:00:00.000,35.489475
2020-05-05 00:00:00.000,21.230341
2020-05-05 02:00:00.000,14.788045
2020-05-05 04:00:00.000,18.322933
2020-05-05 06:00:00.000,31.520624
2020-05-05 08:00:00.000,45.048088
2020-05-05 10:00:00.000,49.310814
2020-05-05 12:00:00.000,49.232315
2020-05-05 14:00:00.000,43.880085
2020-05-05 16:00:00.000,40.555065
2020-05-05 18:00:00.000,45.455486
2020-05-05 20:00:00.000,48.000866
2020-05-05 22:00:00.000,34.906277
2020-05-06 00:00:00.000,20.71615
2020-05-06 02:00:00.000,14.884584
2020-05-06 04:00:00.000,18.999964
2020-05-06 06:00:00.000,33.052525
2020-05-06 08:00:00.000,46.973007
2020-05-06 10:00:00.000,51.07817
2020-05-06 12:00:00.000,50.049103
2020-05-06 14:00:00.000,45.17638
2020-05-06 16:00:00.000,41.311317
2020-05-06 18:00:00.000,45.46631
2020-05-06 20:00:00.000,48.08307
2020-05-06 22:00:00.000,34.724083
2020-05-07 00:00:00.000,20.305782
2020-05-07 02:00:00.000,14.777002
2020-05-07 04:00:00.000,18.785955
2020-05-07 06:00:00.000,32.967953
2020-05-07 08:00:00.000,46.451183
2020-05-07 10:00:00.000,50.56708
2020-05-07 12:00:00.000,49.657516
2020-05-07 14:00:00.000,44.21192
2020-05-07 16:00:00.000,41.189087
2020-05-07 18:00:00.000,46.654926
2020-05-07 20:00:00.000,49.18085
2020-05-07 22:00:00.000,35.20175
2020-05-08 00:00:00.000,20.694183
2020-05-08 02:00:00.000,15.178124
2020-05-08 04:00:00.000,19.353315
2020-05-08 06:00:00.000,33.22192
2020-05-08 08:00:00.000,46.66556
2020-05-08 10:00:00.000,50.350155
2020-05-08 12:00:00.000,48.78104
2020-05-08 14:00:00.000,43.357014
2020-05-08 16:00:00.000,40.30814
2020-05-08 18:00:00.000,44.481224
2020-05-08 20:00:00.000,47.58964
2020-05-08 22:00:00.000,35.63973
2020-05-09 00:00:00.000,21.294807
2020-05-09 02:00:00.000,14.773895
2020-05-09 04:00:00.000,17.58488
2020-05-09 06:00:00.000,29.99894
2020-05-09 08:00:00.000,43.75854
2020-05-09 10:00:00.000,47.868088
2020-05-09 12:00:00.000,46.600014
2020-05-09 14:00:00.000,41.633224
2020-05-09 16:00:00.000,38.49795
2020-05-09 18:00:00.000,42.140694
2020-05-09 20:00:00.000,45.201664
2020-05-09 22:00:00.000,35.03727
2020-05-10 00:00:00.000,21.315672
2020-05-10 02:00:00.000,14.509338
2020-05-10 04:00:00.000,16.759975
2020-05-10 06:00:00.000,29.113262
2020-05-10 08:00:00.000,43.883324
2020-05-10 10:00:00.000,49.294586
2020-05-10 12:00:00.000,50.03478
2020-05-10 14:00:00.000,44.619328
2020-05-10 16:00:00.000,42.08376
2020-05-10 18:00:00.000,46.14505
2020-05-10 20:00:00.000,48.95366
2020-05-10 22:00:00.000,36.37764
2020-05-11 00:00:00.000,21.997116
2020-05-11 02:00:00.000,15.893279
2020-05-11 04:00:00.000,19.164139
2020-05-11 06:00:00.000,32.48888
2020-05-11 08:00:00.000,46.84144
2020-05-11 10:00:00.000,50.053898
2020-05-11 12:00:00.000,48.569576
2020-05-11 14:00:00.000,44.566723
2020-05-11 16:00:00.000,41.043175
2020-05-11 18:00:00.000,45.693356
2020-05-11 20:00:00.000,48.653214
2020-05-11 22:00:00.000,35.77228
2020-05-12 00:00:00.000,21.243412
2020-05-12 02:00:00.000,15.64672
2020-05-12 04:00:00.000,20.503359
2020-05-12 06:00:00.000,35.32138
2020-05-12 08:00:00.000,49.197906
2020-05-12 10:00:00.000,52.863033
2020-05-12 12:00:00.000,50.654274
2020-05-12 14:00:00.000,44.44869
2020-05-12 16:00:00.000,41.600677
2020-05-12 18:00:00.000,46.94349
2020-05-12 20:00:00.000,49.529285
2020-05-12 22:00:00.000,34.9371
2020-05-13 00:00:00.000,20.261036
2020-05-13 02:00:00.000,14.9675455
2020-05-13 04:00:00.000,19.322626
2020-05-13 06:00:00.000,33.476658
2020-05-13 08:00:00.000,48.04485
2020-05-13 10:00:00.000,52.6988
2020-05-13 12:00:00.000,51.23057
2020-05-13 14:00:00.000,45.468494
2020-05-13 16:00:00.000,41.44663
2020-05-13 18:00:00.000,46.392467
2020-05-13 20:00:00.000,49.022858
2020-05-13 22:00:00.000,35.30578
2020-05-14 00:00:00.000,20.847013
2020-05-14 02:00:00.000,15.441778
2020-05-14 04:00:00.000,20.024197
2020-05-14 06:00:00.000,34.41162
2020-05-14 08:00:00.000,48.344387
2020-05-14 10:00:00.000,52.373074
2020-05-14 12:00:00.000,50.318176
2020-05-14 14:00:00.000,44.23069
2020-05-14 16:00:00.000,41.226162
2020-05-14 18:00:00.000,46.56823
2020-05-14 20:00:00.000,49.629517
2020-05-14 22:00:00.000,35.24746
2020-05-15 00:00:00.000,21.198116
2020-05-15 02:00:00.000,15.845139
2020-05-15 04:00:00.000,20.900795
2020-05-15 06:00:00.000,34.688763
2020-05-15 08:00:00.000,48.385365
2020-05-15 10:00:00.000,52.155045
2020-05-15 12:00:00.000,50.20516
2020-05-15 14:00:00.000,44.539856
2020-05-15 16:00:00.000,41.31095
2020-05-15 18:00:00.000,45.30362
2020-05-15 20:00:00.000,48.510853
2020-05-15 22:00:00.000,36.472202
2020-05-16 00:00:00.000,21.594551
2020-05-16 02:00:00.000,14.847309
2020-05-16 04:00:00.000,18.216776
2020-05-16 06:00:00.000,31.053068
2020-05-16 08:00:00.000,44.732788
2020-05-16 10:00:00.000,48.85159
2020-05-16 12:00:00.000,48.849796
2020-05-16 14:00:00.000,43.532017
2020-05-16 16:00:00.000,40.42198
2020-05-16 18:00:00.000,44.746128
2020-05-16 20:00:00.000,48.71644
2020-05-16 22:00:00.000,36.914043
2020-05-17 00:00:00.000,22.093508
2020-05-17 02:00:00.000,15.040124
2020-05-17 04:00:00.000,17.608633
2020-05-17 06:00:00.000,30.250067
2020-05-17 08:00:00.000,44.381985
2020-05-17 10:00:00.000,49.237736
2020-05-17 12:00:00.000,49.22937
2020-05-17 14:00:00.000,44.584663
2020-05-17 16:00:00.000,41.765118
2020-05-17 18:00:00.000,45.731876
2020-05-17 20:00:00.000,48.286797
2020-05-17 22:00:00.000,34.86295
2020-05-18 00:00:00.000,21.003048
2020-05-18 02:00:00.000,16.296074
2020-05-18 04:00:00.000,20.672709
2020-05-18 06:00:00.000,34.290752
2020-05-18 08:00:00.000,48.858517
2020-05-18 10:00:00.000,52.544315
2020-05-18 12:00:00.000,50.588184
2020-05-18 14:00:00.000,45.609066
2020-05-18 16:00:00.000,42.813087
2020-05-18 18:00:00.000,47.47338
2020-05-18 20:00:00.000,49.58428
2020-05-18 22:00:00.000,35.69848
2020-05-19 00:00:00.000,20.867393
2020-05-19 02:00:00.000,15.633624
2020-05-19 04:00:00.000,20.117418
2020-05-19 06:00:00.000,34.20533
2020-05-19 08:00:00.000,48.669422
2020-05-19 10:00:00.000,53.25003
2020-05-19 12:00:00.000,50.291786
2020-05-19 14:00:00.000,44.43153
2020-05-19 16:00:00.000,42.125675
2020-05-19 18:00:00.000,47.720196
2020-05-19 20:00:00.000,50.237373
2020-05-19 22:00:00.000,35.929916
2020-05-20 00:00:00.000,21.399391
2020-05-20 02:00:00.000,15.9485
2020-05-20 04:00:00.000,20.365316
2020-05-20 06:00:00.000,34.571674
2020-05-20 08:00:00.000,49.22564
2020-05-20 10:00:00.000,53.444294
2020-05-20 12:00:00.000,51.048714
2020-05-20 14:00:00.000,45.584393
2020-05-20 16:00:00.000,43.30482
2020-05-20 18:00:00.000,49.014046
2020-05-20 20:00:00.000,51.083492
2020-05-20 22:00:00.000,36.002728
2020-05-21 00:00:00.000,21.026293
2020-05-21 02:00:00.000,15.514133
2020-05-21 04:00:00.000,20.056896
2020-05-21 06:00:00.000,34.84216
2020-05-21 08:00:00.000,49.72933
2020-05-21 10:00:00.000,54.058495
2020-05-21 12:00:00.000,52.226334
2020-05-21 14:00:00.000,45.83123
2020-05-21 16:00:00.000,43.096905
2020-05-21 18:00:00.000,48.158684
2020-05-21 20:00:00.000,51.0069
2020-05-21 22:00:00.000,36.53874
2020-05-22 00:00:00.000,21.496452
2020-05-22 02:00:00.000,15.723868
2020-05-22 04:00:00.000,20.110956
2020-05-22 06:00:00.000,34.337154
2020-05-22 08:00:00.000,48.753757
2020-05-22 10:00:00.000,52.719994
2020-05-22 12:00:00.000,50.188625
2020-05-22 14:00:00.000,44.26286
2020-05-22 16:00:00.000,41.123116
2020-05-22 18:00:00.000,45.982975
2020-05-22 20:00:00.000,49.828243
2020-05-22 22:00:00.000,36.96057
2020-05-23 00:00:00.000,21.66604
2020-05-23 02:00:00.000,14.72196
2020-05-23 04:00:00.000,17.905716
2020-05-23 06:00:00.000,30.947348
2020-05-23 08:00:00.000,45.628304
2020-05-23 10:00:00.000,49.9603
2020-05-23 12:00:00.000,48.737514
2020-05-23 14:00:00.000,43.305885
2020-05-23 16:00:00.000,40.287945
2020-05-23 18:00:00.000,44.415226
2020-05-23 20:00:00.000,48.71337
2020-05-23 22:00:00.000,37.41793
2020-05-24 00:00:00.000,21.92619
2020-05-24 02:00:00.000,14.828932
2020-05-24 04:00:00.000,17.967411
2020-05-24 06:00:00.000,30.029547
2020-05-24 08:00:00.000,43.901756
2020-05-24 10:00:00.000,48.272408
2020-05-24 12:00:00.000,47.343777
2020-05-24 14:00:00.000,42.790764
2020-05-24 16:00:00.000,40.615276
2020-05-24 18:00:00.000,45.216946
2020-05-24 20:00:00.000,48.578873
2020-05-24 22:00:00.000,36.207623
2020-05-25 00:00:00.000,20.87832
2020-05-25 02:00:00.000,14.796667
2020-05-25 04:00:00.000,19.006056
2020-05-25 06:00:00.000,32.25106
2020-05-25 08:00:00.000,46.4441
2020-05-25 10:00:00.000,50.9914
2020-05-25 12:00:00.000,49.656418
2020-05-25 14:00:00.000,44.446487
2020-05-25 16:00:00.000,41.635284
2020-05-25 18:00:00.000,46.3171
2020-05-25 20:00:00.000,49.968975
2020-05-25 22:00:00.000,36.986683
2020-05-26 00:00:00.000,21.295115
2020-05-26 02:00:00.000,15.42063
2020-05-26 04:00:00.000,20.07155
2020-05-26 06:00:00.000,33.78214
2020-05-26 08:00:00.000,47.204647
2020-05-26 10:00:00.000,50.861866
2020-05-26 12:00:00.000,48.409866
2020-05-26 14:00:00.000,43.22598
2020-05-26 16:00:00.000,40.68497
2020-05-26 18:00:00.000,46.382668
2020-05-26 20:00:00.000,50.124786
2020-05-26 22:00:00.000,36.180126
2020-05-27 00:00:00.000,21.117336
2020-05-27 02:00:00.000,15.310165
2020-05-27 04:00:00.000,20.095085
2020-05-27 06:00:00.000,33.96413
2020-05-27 08:00:00.000,47.308804
2020-05-27 10:00:00.000,51.192844
2020-05-27 12:00:00.000,48.50729
2020-05-27 14:00:00.000,42.490074
2020-05-27 16:00:00.000,39.455322
2020-05-27 18:00:00.000,44.442883
2020-05-27 20:00:00.000,49.32925
2020-05-27 22:00:00.000,35.8405
2020-05-28 00:00:00.000,20.1436
2020-05-28 02:00:00.000,14.785312
2020-05-28 04:00:00.000,19.644955
2020-05-28 06:00:00.000,33.883633
2020-05-28 08:00:00.000,46.962105
2020-05-28 10:00:00.000,49.319508
2020-05-28 12:00:00.000,46.386345
2020-05-28 14:00:00.000,40.952156
2020-05-28 16:00:00.000,38.66327
2020-05-28 18:00:00.000,43.60142
2020-05-28 20:00:00.000,48.61166
2020-05-28 22:00:00.000,35.34592
2020-05-29 00:00:00.000,19.954685
2020-05-29 02:00:00.000,14.682205
2020-05-29 04:00:00.000,19.286995
2020-05-29 06:00:00.000,32.497097
2020-05-29 08:00:00.000,46.125763
2020-05-29 10:00:00.000,49.688595
2020-05-29 12:00:00.000,46.877434
2020-05-29 14:00:00.000,41.568142
2020-05-29 16:00:00.000,38.294163
2020-05-29 18:00:00.000,42.888966
2020-05-29 20:00:00.000,47.757713
2020-05-29 22:00:00.000,36.15145
2020-05-30 00:00:00.000,20.680832
2020-05-30 02:00:00.000,14.091312
2020-05-30 04:00:00.000,17.892918
2020-05-30 06:00:00.000,30.402182
2020-05-30 08:00:00.000,43.378708
2020-05-30 10:00:00.000,46.304653
2020-05-30 12:00:00.000,44.80817
2020-05-30 14:00:00.000,39.925316
2020-05-30 16:00:00.000,37.123795
2020-05-30 18:00:00.000,41.774563
2020-05-30 20:00:00.000,46.29598
2020-05-30 22:00:00.000,35.491283
2020-05-31 00:00:00.000,21.081963
2020-06-01 02:00:00.000,14.285826
2020-06-01 04:00:00.000,19.232456
2020-06-01 06:00:00.000,32.754246
2020-06-01 08:00:00.000,46.3503
2020-06-01 10:00:00.000,49.462116
2020-06-01 12:00:00.000,47.760426
2020-06-01 14:00:00.000,42.94032
2020-06-01 16:00:00.000,40.81425
2020-06-01 18:00:00.000,45.593784
2020-06-01 20:00:00.000,48.817635
2020-06-01 22:00:00.000,35.935818
2020-06-02 00:00:00.000,20.085733
2020-06-02 02:00:00.000,14.52709
2020-06-02 04:00:00.000,19.144804
2020-06-02 06:00:00.000,32.114975
2020-06-02 08:00:00.000,45.748337
2020-06-02 10:00:00.000,49.850338
2020-06-02 12:00:00.000,47.011116
2020-06-02 14:00:00.000,42.279953
2020-06-02 16:00:00.000,40.38594
2020-06-02 18:00:00.000,45.946117
2020-06-02 20:00:00.000,49.388096
2020-06-02 22:00:00.000,35.891884
2020-06-03 00:00:00.000,20.171614
2020-06-03 02:00:00.000,14.700774
2020-06-03 04:00:00.000,19.271303
2020-06-03 06:00:00.000,32.5082
2020-06-03 08:00:00.000,45.902622
2020-06-03 10:00:00.000,49.81782
2020-06-03 12:00:00.000,46.69965
2020-06-03 14:00:00.000,42.19306
2020-06-03 16:00:00.000,40.085182
2020-06-03 18:00:00.000,44.6675
2020-06-03 20:00:00.000,48.1634
2020-06-03 22:00:00.000,35.913853
2020-06-04 00:00:00.000,21.033913
2020-06-04 02:00:00.000,15.829734
2020-06-04 04:00:00.000,19.830524
2020-06-04 06:00:00.000,32.919266
2020-06-04 08:00:00.000,46.09842
2020-06-04 10:00:00.000,49.342133
2020-06-04 12:00:00.000,46.638935
2020-06-04 14:00:00.000,41.525223
2020-06-04 16:00:00.000,39.81585
2020-06-04 18:00:00.000,45.72003
2020-06-04 20:00:00.000,50.221863
2020-06-04 22:00:00.000,37.16348
2020-06-05 00:00:00.000,20.932104
2020-06-05 02:00:00.000,15.260871
2020-06-05 04:00:00.000,20.17996
2020-06-05 06:00:00.000,33.63025
2020-06-05 08:00:00.000,46.52584
2020-06-05 10:00:00.000,48.833706
2020-06-05 12:00:00.000,46.32785
2020-06-05 14:00:00.000,41.096016
2020-06-05 16:00:00.000,38.720802
2020-06-05 18:00:00.000,43.17936
2020-06-05 20:00:00.000,48.29496
2020-06-05 22:00:00.000,36.753613
2020-06-06 00:00:00.000,21.13583
2020-06-06 02:00:00.000,14.326374
2020-06-06 04:00:00.000,18.080156
2020-06-06 06:00:00.000,30.534393
2020-06-06 08:00:00.000,42.838135
2020-06-06 10:00:00.000,45.824787
2020-06-06 12:00:00.000,44.730396
2020-06-06 14:00:00.000,40.078693
2020-06-06 16:00:00.000,37.081482
2020-06-06 18:00:00.000,41.628536
2020-06-06 20:00:00.000,47.57044
2020-06-06 22:00:00.000,36.61854
2020-06-07 00:00:00.000,21.306293
2020-06-07 02:00:00.000,15.068483
2020-06-07 04:00:00.000,18.338558
2020-06-07 06:00:00.000,30.343567
2020-06-07 08:00:00.000,42.80322
2020-06-07 10:00:00.000,46.09915
2020-06-07 12:00:00.000,45.391914
2020-06-07 14:00:00.000,40.698254
2020-06-07 16:00:00.000,37.506004
2020-06-07 18:00:00.000,41.255936
2020-06-07 20:00:00.000,47.127045
2020-06-07 22:00:00.000,35.63041
2020-06-08 00:00:00.000,20.758047
2020-06-08 02:00:00.000,15.476344
2020-06-08 04:00:00.000,20.50769
2020-06-08 06:00:00.000,33.544167
2020-06-08 08:00:00.000,46.012207
2020-06-08 10:00:00.000,48.77221
2020-06-08 12:00:00.000,46.56846
2020-06-08 14:00:00.000,40.870358
2020-06-08 16:00:00.000,37.455708
2020-06-08 18:00:00.000,40.904366
2020-06-08 20:00:00.000,47.862583
2020-06-08 22:00:00.000,36.291847
2020-06-09 00:00:00.000,20.525629
2020-06-09 02:00:00.000,14.706239
2020-06-09 04:00:00.000,19.87684
2020-06-09 06:00:00.000,33.545017
2020-06-09 08:00:00.000,45.88998
2020-06-09 10:00:00.000,48.145115
2020-06-09 12:00:00.000,45.426105
2020-06-09 14:00:00.000,40.229073
2020-06-09 16:00:00.000,37.27577
2020-06-09 18:00:00.000,41.97245
2020-06-09 20:00:00.000,48.448856
2020-06-09 22:00:00.000,36.057613
2020-06-10 00:00:00.000,20.535145
2020-06-10 02:00:00.000,15.2771225
2020-06-10 04:00:00.000,20.263367
2020-06-10 06:00:00.000,33.572754
2020-06-10 08:00:00.000,45.86438
2020-06-10 10:00:00.000,48.653538
2020-06-10 12:00:00.000,46.015945
2020-06-10 14:00:00.000,40.816418
2020-06-10 16:00:00.000,38.382797
2020-06-10 18:00:00.000,43.04247
2020-06-10 20:00:00.000,48.82934
2020-06-10 22:00:00.000,36.88821
2020-06-11 00:00:00.000,20.689526
2020-06-11 02:00:00.000,14.950379
2020-06-11 04:00:00.000,20.133848
2020-06-11 06:00:00.000,33.899826
2020-06-11 08:00:00.000,46.4225
2020-06-11 10:00:00.000,48.37767
2020-06-11 12:00:00.000,45.31182
2020-06-11 14:00:00.000,39.957756
2020-06-11 16:00:00.000,37.22267
2020-06-11 18:00:00.000,41.340282
2020-06-11 20:00:00.000,48.057915
2020-06-11 22:00:00.000,36.409504
2020-06-12 00:00:00.000,20.54936
2020-06-12 02:00:00.000,14.498157
2020-06-12 04:00:00.000,18.58222
2020-06-12 06:00:00.000,31.310299
2020-06-12 08:00:00.000,43.965603
2020-06-12 10:00:00.000,46.578426
2020-06-12 12:00:00.000,43.730515
2020-06-12 14:00:00.000,38.85503
2020-06-12 16:00:00.000,36.394035
2020-06-12 18:00:00.000,41.119434
2020-06-12 20:00:00.000,46.91393
2020-06-12 22:00:00.000,35.64622
2020-06-13 00:00:00.000,20.209402
2020-06-13 02:00:00.000,13.700876
2020-06-13 04:00:00.000,16.91771
2020-06-13 06:00:00.000,29.2214
2020-06-13 08:00:00.000,42.467037
2020-06-13 10:00:00.000,45.911346
2020-06-13 12:00:00.000,44.478313
2020-06-13 14:00:00.000,39.437424
2020-06-13 16:00:00.000,36.64311
2020-06-13 18:00:00.000,40.66273
2020-06-13 20:00:00.000,47.476482
2020-06-13 22:00:00.000,36.742527
2020-06-14 00:00:00.000,21.24293
2020-06-14 02:00:00.000,14.32923
2020-06-14 04:00:00.000,17.280048
2020-06-14 06:00:00.000,29.635664
2020-06-14 08:00:00.000,43.164524
2020-06-14 10:00:00.000,45.71799
2020-06-14 12:00:00.000,44.466476
2020-06-14 14:00:00.000,40.173893
2020-06-14 16:00:00.000,38.137463
2020-06-14 18:00:00.000,41.713894
2020-06-14 20:00:00.000,47.266438
2020-06-14 22:00:00.000,35.77967
2020-06-15 00:00:00.000,20.41682
2020-06-15 02:00:00.000,14.939507
2020-06-15 04:00:00.000,19.656704
2020-06-15 06:00:00.000,32.50391
2020-06-15 08:00:00.000,44.967472
2020-06-15 10:00:00.000,47.53395
2020-06-15 12:00:00.000,44.558815
2020-06-15 14:00:00.000,39.256897
2020-06-15 16:00:00.000,37.069256
2020-06-15 18:00:00.000,41.421307
2020-06-15 20:00:00.000,47.090786
2020-06-15 22:00:00.000,34.97929
2020-06-16 00:00:00.000,19.168987
2020-06-16 02:00:00.000,14.3617935
2020-06-16 04:00:00.000,19.21277
2020-06-16 06:00:00.000,32.549145
2020-06-16 08:00:00.000,45.545296
2020-06-16 10:00:00.000,47.707874
2020-06-16 12:00:00.000,44.35926
2020-06-16 14:00:00.000,38.82589
2020-06-16 16:00:00.000,36.663857
2020-06-16 18:00:00.000,41.117428
2020-06-16 20:00:00.000,47.46478
2020-06-16 22:00:00.000,35.639877
2020-06-17 00:00:00.000,20.002754
2020-06-17 02:00:00.000,14.619519
2020-06-17 04:00:00.000,19.543047
2020-06-17 06:00:00.000,32.752754
2020-06-17 08:00:00.000,44.689438
2020-06-17 10:00:00.000,47.08691
2020-06-17 12:00:00.000,44.133938
2020-06-17 14:00:00.000,38.882824
2020-06-17 16:00:00.000,36.958847
2020-06-17 18:00:00.000,41.559296
2020-06-17 20:00:00.000,47.218483
2020-06-17 22:00:00.000,34.99661
2020-06-18 00:00:00.000,19.878567
2020-06-18 02:00:00.000,14.672686
2020-06-18 04:00:00.000,19.404753
2020-06-18 06:00:00.000,32.759754
2020-06-18 08:00:00.000,45.26711
2020-06-18 10:00:00.000,47.164673
2020-06-18 12:00:00.000,44.44549
2020-06-18 14:00:00.000,39.4251
2020-06-18 16:00:00.000,37.22404
2020-06-18 18:00:00.000,41.766163
2020-06-18 20:00:00.000,47.78812
2020-06-18 22:00:00.000,35.1391
2020-06-19 00:00:00.000,19.401844
2020-06-19 02:00:00.000,14.177233
2020-06-19 04:00:00.000,19.279978
2020-06-19 06:00:00.000,32.888474
2020-06-19 08:00:00.000,45.402283
2020-06-19 10:00:00.000,47.47446
2020-06-19 12:00:00.000,44.409534
2020-06-19 14:00:00.000,39.166138
2020-06-19 16:00:00.000,36.413197
2020-06-19 18:00:00.000,40.132698
2020-06-19 20:00:00.000,46.506287
2020-06-19 22:00:00.000,35.485336
2020-06-20 00:00:00.000,20.07702
2020-06-20 02:00:00.000,14.468321
2020-06-20 04:00:00.000,18.097292
2020-06-20 06:00:00.000,30.869461
2020-06-20 08:00:00.000,43.318897
2020-06-20 10:00:00.000,46.16746
2020-06-20 12:00:00.000,44.472275
2020-06-20 14:00:00.000,39.953438
2020-06-20 16:00:00.000,36.894035
2020-06-20 18:00:00.000,40.074142
2020-06-20 20:00:00.000,46.57051
2020-06-20 22:00:00.000,35.87783
2020-06-21 00:00:00.000,20.385021
2020-06-21 02:00:00.000,13.898349
2020-06-21 04:00:00.000,16.876486
2020-06-21 06:00:00.000,28.249958
2020-06-21 08:00:00.000,41.509853
2020-06-21 10:00:00.000,46.546852
2020-06-21 12:00:00.000,45.417614
2020-06-21 14:00:00.000,40.440548
2020-06-21 16:00:00.000,38.1994
2020-06-21 18:00:00.000,42.693386
2020-06-21 20:00:00.000,47.84012
2020-06-21 22:00:00.000,35.105743
2020-06-22 00:00:00.000,19.470531
2020-06-22 02:00:00.000,14.518772
2020-06-22 04:00:00.000,19.383347
2020-06-22 06:00:00.000,32.57016
2020-06-22 08:00:00.000,45.535755
2020-06-22 10:00:00.000,48.33591
2020-06-22 12:00:00.000,45.35196
2020-06-22 14:00:00.000,40.27842
2020-06-22 16:00:00.000,38.045082
2020-06-22 18:00:00.000,42.566772
2020-06-22 20:00:00.000,48.404762
2020-06-22 22:00:00.000,35.36339
2020-06-23 00:00:00.000,19.303547
2020-06-23 02:00:00.000,14.181014
2020-06-23 04:00:00.000,19.355143
2020-06-23 06:00:00.000,32.53601
2020-06-23 08:00:00.000,45.78392
2020-06-23 10:00:00.000,48.736332
2020-06-23 12:00:00.000,45.55116
2020-06-23 14:00:00.000,40.863846
2020-06-23 16:00:00.000,38.360477
2020-06-23 18:00:00.000,42.25439
2020-06-23 20:00:00.000,48.507656
2020-06-23 22:00:00.000,36.059265
2020-06-24 00:00:00.000,19.983196
2020-06-24 02:00:00.000,14.495939
2020-06-24 04:00:00.000,18.916122
2020-06-24 06:00:00.000,32.21951
2020-06-24 08:00:00.000,46.370945
2020-06-24 10:00:00.000,48.985455
2020-06-24 12:00:00.000,45.348583
2020-06-24 14:00:00.000,39.85854
2020-06-24 16:00:00.000,37.237602
2020-06-24 18:00:00.000,41.570282
2020-06-24 20:00:00.000,47.36346
2020-06-24 22:00:00.000,34.93544
2020-06-25 00:00:00.000,19.529816
2020-06-25 02:00:00.000,14.337244
2020-06-25 04:00:00.000,19.283634
2020-06-25 06:00:00.000,32.66611
2020-06-25 08:00:00.000,45.422207
2020-06-25 10:00:00.000,48.4703
2020-06-25 12:00:00.000,45.327477
2020-06-25 14:00:00.000,39.568836
2020-06-25 16:00:00.000,37.859974
2020-06-25 18:00:00.000,43.06966
2020-06-25 20:00:00.000,48.0813
2020-06-25 22:00:00.000,35.041607
2020-06-26 00:00:00.000,19.335918
2020-06-26 02:00:00.000,14.21386
2020-06-26 04:00:00.000,19.405725
2020-06-26 06:00:00.000,32.703125
2020-06-26 08:00:00.000,45.51508
2020-06-26 10:00:00.000,48.138454
2020-06-26 12:00:00.000,44.981617
2020-06-26 14:00:00.000,39.052254
2020-06-26 16:00:00.000,36.388996
2020-06-26 18:00:00.000,40.612434
2020-06-26 20:00:00.000,47.00578
2020-06-26 22:00:00.000,35.647083
2020-06-27 00:00:00.000,19.881784
2020-06-27 02:00:00.000,13.5682335
2020-06-27 04:00:00.000,17.280796
2020-06-27 06:00:00.000,30.121454
2020-06-27 08:00:00.000,43.241337
2020-06-27 10:00:00.000,46.09435
2020-06-27 12:00:00.000,43.51716
2020-06-27 14:00:00.000,37.99401
2020-06-27 16:00:00.000,35.582863
2020-06-27 18:00:00.000,39.239826
2020-06-27 20:00:00.000,45.932842
2020-06-27 22:00:00.000,35.604347
2020-06-28 00:00:00.000,20.132
2020-06-28 02:00:00.000,13.5330925
2020-06-28 04:00:00.000,17.082344
2020-06-28 06:00:00.000,29.783564
2020-06-28 08:00:00.000,43.463905
2020-06-28 10:00:00.000,47.253456
2020-06-28 12:00:00.000,45.896893
2020-06-28 14:00:00.000,41.467
2020-06-28 16:00:00.000,38.76442
2020-06-28 18:00:00.000,42.442024
2020-06-28 20:00:00.000,47.97428
2020-06-28 22:00:00.000,35.48271
2020-06-29 00:00:00.000,19.849054
2020-06-29 02:00:00.000,14.692795
2020-06-29 04:00:00.000,19.617285
2020-06-29 06:00:00.000,33.112488
2020-06-29 08:00:00.000,46.171047
2020-06-29 10:00:00.000,48.60495
2020-06-29 12:00:00.000,45.680214
2020-06-29 14:00:00.000,39.86944
2020-06-29 16:00:00.000,37.472755
2020-06-29 18:00:00.000,42.376625
2020-06-29 20:00:00.000,48.009483
2020-06-29 22:00:00.000,34.73978
2020-06-30 00:00:00.000,18.921314
2020-07-01 02:00:00.000,14.144197
2020-07-01 04:00:00.000,18.074526
2020-07-01 06:00:00.000,31.322702
2020-07-01 08:00:00.000,44.53507
2020-07-01 10:00:00.000,47.076225
2020-07-01 12:00:00.000,43.927044
2020-07-01 14:00:00.000,39.1541
2020-07-01 16:00:00.000,36.90162
2020-07-01 18:00:00.000,41.279793
2020-07-01 20:00:00.000,48.467346
2020-07-01 22:00:00.000,35.51566
2020-07-02 00:00:00.000,19.756521
2020-07-02 02:00:00.000,14.141551
2020-07-02 04:00:00.000,18.191397
2020-07-02 06:00:00.000,31.45939
2020-07-02 08:00:00.000,43.352325
2020-07-02 10:00:00.000,45.970108
2020-07-02 12:00:00.000,43.173607
2020-07-02 14:00:00.000,38.68301
2020-07-02 16:00:00.000,36.43697
2020-07-02 18:00:00.000,41.185284
2020-07-02 20:00:00.000,48.115013
2020-07-02 22:00:00.000,35.434265
2020-07-03 00:00:00.000,20.064493
2020-07-03 02:00:00.000,14.98558
2020-07-03 04:00:00.000,19.495865
2020-07-03 06:00:00.000,32.198627
2020-07-03 08:00:00.000,42.706585
2020-07-03 10:00:00.000,44.762836
2020-07-03 12:00:00.000,42.05853
2020-07-03 14:00:00.000,37.005642
2020-07-03 16:00:00.000,35.24354
2020-07-03 18:00:00.000,39.868637
2020-07-03 20:00:00.000,47.391605
2020-07-03 22:00:00.000,36.179844
2020-07-04 00:00:00.000,20.298388
2020-07-04 02:00:00.000,14.130057
2020-07-04 04:00:00.000,16.938736
2020-07-04 06:00:00.000,28.38393
2020-07-04 08:00:00.000,39.88657
2020-07-04 10:00:00.000,42.823658
2020-07-04 12:00:00.000,41.779156
2020-07-04 14:00:00.000,37.281227
2020-07-04 16:00:00.000,33.934425
2020-07-04 18:00:00.000,37.317383
2020-07-04 20:00:00.000,45.254524
2020-07-04 22:00:00.000,35.773182
2020-07-05 00:00:00.000,20.436756
2020-07-05 02:00:00.000,13.701226
2020-07-05 04:00:00.000,16.56584
2020-07-05 06:00:00.000,28.322645
2020-07-05 08:00:00.000,40.574085
2020-07-05 10:00:00.000,44.243572
2020-07-05 12:00:00.000,43.439503
2020-07-05 14:00:00.000,38.927067
2020-07-05 16:00:00.000,35.93254
2020-07-05 18:00:00.000,39.26481
2020-07-05 20:00:00.000,45.26642
2020-07-05 22:00:00.000,33.827007
2020-07-06 00:00:00.000,19.12853
2020-07-06 02:00:00.000,14.115489
2020-07-06 04:00:00.000,18.76373
2020-07-06 06:00:00.000,31.802069
2020-07-06 08:00:00.000,43.287224
2020-07-06 10:00:00.000,45.940468
2020-07-06 12:00:00.000,43.41783
2020-07-06 14:00:00.000,38.056175
2020-07-06 16:00:00.000,35.53193
2020-07-06 18:00:00.000,39.571114
2020-07-06 20:00:00.000,47.276585
2020-07-06 22:00:00.000,35.64183
2020-07-07 00:00:00.000,19.15591
2020-07-07 02:00:00.000,14.214766
2020-07-07 04:00:00.000,19.345196
2020-07-07 06:00:00.000,32.717674
2020-07-07 08:00:00.000,43.86697
2020-07-07 10:00:00.000,46.433483
2020-07-07 12:00:00.000,43.59481
2020-07-07 14:00:00.000,38.581192
2020-07-07 16:00:00.000,36.141975
2020-07-07 18:00:00.000,39.763195
2020-07-07 20:00:00.000,46.186485
2020-07-07 22:00:00.000,34.278362
2020-07-08 00:00:00.000,18.701866
2020-07-08 02:00:00.000,13.832475
2020-07-08 04:00:00.000,18.585928
2020-07-08 06:00:00.000,31.58449
2020-07-08 08:00:00.000,43.36804
2020-07-08 10:00:00.000,45.76494
2020-07-08 12:00:00.000,42.88318
2020-07-08 14:00:00.000,37.616955
2020-07-08 16:00:00.000,35.50408
2020-07-08 18:00:00.000,40.641453
2020-07-08 20:00:00.000,47.284706
2020-07-08 22:00:00.000,34.24616
2020-07-09 00:00:00.000,19.311565
2020-07-09 02:00:00.000,13.975186
2020-07-09 04:00:00.000,18.776806
2020-07-09 06:00:00.000,32.237682
2020-07-09 08:00:00.000,44.32372
2020-07-09 10:00:00.000,46.200527
2020-07-09 12:00:00.000,43.234898
2020-07-09 14:00:00.000,37.981068
2020-07-09 16:00:00.000,35.528046
2020-07-09 18:00:00.000,40.45874
2020-07-09 20:00:00.000,47.158928
2020-07-09 22:00:00.000,35.26076
2020-07-10 00:00:00.000,19.319914
2020-07-10 02:00:00.000,13.866205
2020-07-10 04:00:00.000,18.140516
2020-07-10 06:00:00.000,31.07619
2020-07-10 08:00:00.000,42.002747
2020-07-10 10:00:00.000,44.761063
2020-07-10 12:00:00.000,41.75216
2020-07-10 14:00:00.000,36.642464
2020-07-10 16:00:00.000,34.097397
2020-07-10 18:00:00.000,37.960022
2020-07-10 20:00:00.000,45.263683
2020-07-10 22:00:00.000,34.414204
2020-07-11 00:00:00.000,19.132383
2020-07-11 02:00:00.000,13.007337
2020-07-11 04:00:00.000,16.51585
2020-07-11 06:00:00.000,28.585787
2020-07-11 08:00:00.000,39.99393
2020-07-11 10:00:00.000,42.940437
2020-07-11 12:00:00.000,41.850777
2020-07-11 14:00:00.000,36.730465
2020-07-11 16:00:00.000,33.93354
2020-07-11 18:00:00.000,37.393753
2020-07-11 20:00:00.000,45.604446
2020-07-11 22:00:00.000,34.965736
2020-07-12 00:00:00.000,19.690647
2020-07-12 02:00:00.000,12.948732
2020-07-12 04:00:00.000,15.690764
2020-07-12 06:00:00.000,27.691444
2020-07-12 08:00:00.000,40.01458
2020-07-12 10:00:00.000,43.57722
2020-07-12 12:00:00.000,43.3609
2020-07-12 14:00:00.000,38.85968
2020-07-12 16:00:00.000,36.041763
2020-07-12 18:00:00.000,39.97508
2020-07-12 20:00:00.000,45.860703
2020-07-12 22:00:00.000,33.869892
2020-07-13 00:00:00.000,19.001772
2020-07-13 02:00:00.000,13.621216
2020-07-13 04:00:00.000,17.886766
2020-07-13 06:00:00.000,30.904255
2020-07-13 08:00:00.000,42.967377
2020-07-13 10:00:00.000,46.135647
2020-07-13 12:00:00.000,43.05886
2020-07-13 14:00:00.000,38.966938
2020-07-13 16:00:00.000,36.496372
2020-07-13 18:00:00.000,41.37508
2020-07-13 20:00:00.000,47.68854
2020-07-13 22:00:00.000,33.76452
2020-07-14 00:00:00.000,18.030651
2020-07-14 02:00:00.000,13.449588
2020-07-14 04:00:00.000,18.203663
2020-07-14 06:00:00.000,31.641886
2020-07-14 08:00:00.000,43.630386
2020-07-14 10:00:00.000,46.51093
2020-07-14 12:00:00.000,43.70617
2020-07-14 14:00:00.000,38.387924
2020-07-14 16:00:00.000,35.866486
2020-07-14 18:00:00.000,41.35672
2020-07-14 20:00:00.000,47.30703
2020-07-14 22:00:00.000,33.64204
2020-07-15 00:00:00.000,18.46095
2020-07-15 02:00:00.000,13.506612
2020-07-15 04:00:00.000,18.150126
2020-07-15 06:00:00.000,31.621532
2020-07-15 08:00:00.000,43.514072
2020-07-15 10:00:00.000,46.34154
2020-07-15 12:00:00.000,43.850395
2020-07-15 14:00:00.000,38.4854
2020-07-15 16:00:00.000,36.12909
2020-07-15 18:00:00.000,41.09292
2020-07-15 20:00:00.000,47.81811
2020-07-15 22:00:00.000,33.52662
2020-07-16 00:00:00.000,17.527489
2020-07-16 02:00:00.000,12.767017
2020-07-16 04:00:00.000,17.370874
2020-07-16 06:00:00.000,30.63336
2020-07-16 08:00:00.000,42.214832
2020-07-16 10:00:00.000,45.363754
2020-07-16 12:00:00.000,42.777946
2020-07-16 14:00:00.000,37.646927
2020-07-16 16:00:00.000,34.99274
2020-07-16 18:00:00.000,39.343937
2020-07-16 20:00:00.000,45.970146
2020-07-16 22:00:00.000,33.271984
2020-07-17 00:00:00.000,18.129025
2020-07-17 02:00:00.000,13.428957
2020-07-17 04:00:00.000,17.954763
2020-07-17 06:00:00.000,30.922754
2020-07-17 08:00:00.000,42.76
2020-07-17 10:00:00.000,45.013012
2020-07-17 12:00:00.000,42.3392
2020-07-17 14:00:00.000,36.810345
2020-07-17 16:00:00.000,34.09944
2020-07-17 18:00:00.000,37.785133
2020-07-17 20:00:00.000,44.472443
2020-07-17 22:00:00.000,33.44692
2020-07-18 00:00:00.000,18.746607
2020-07-18 02:00:00.000,13.022288
2020-07-18 04:00:00.000,16.450989
2020-07-18 06:00:00.000,28.765488
2020-07-18 08:00:00.000,40.158455
2020-07-18 10:00:00.000,42.24018
2020-07-18 12:00:00.000,41.012302
2020-07-18 14:00:00.000,35.94276
2020-07-18 16:00:00.000,32.963406
2020-07-18 18:00:00.000,37.014015
2020-07-18 20:00:00.000,44.372887
2020-07-18 22:00:00.000,34.113934
2020-07-19 00:00:00.000,19.307373
2020-07-19 02:00:00.000,12.785945
2020-07-19 04:00:00.000,15.461332
2020-07-19 06:00:00.000,27.396942
2020-07-19 08:00:00.000,39.189632
2020-07-19 10:00:00.000,42.517605
2020-07-19 12:00:00.000,42.015102
2020-07-19 14:00:00.000,37.71078
2020-07-19 16:00:00.000,34.76233
2020-07-19 18:00:00.000,38.5924
2020-07-19 20:00:00.000,45.17009
2020-07-19 22:00:00.000,33.529087
2020-07-20 00:00:00.000,19.040825
2020-07-20 02:00:00.000,14.063617
2020-07-20 04:00:00.000,17.972197
2020-07-20 06:00:00.000,31.052214
2020-07-20 08:00:00.000,42.51145
2020-07-20 10:00:00.000,45.16973
2020-07-20 12:00:00.000,43.36496
2020-07-20 14:00:00.000,38.353428
2020-07-20 16:00:00.000,36.35191
2020-07-20 18:00:00.000,41.13628
2020-07-20 20:00:00.000,47.351467
2020-07-20 22:00:00.000,34.652924
2020-07-21 00:00:00.000,20.078293
2020-07-21 02:00:00.000,14.694134
2020-07-21 04:00:00.000,18.28641
2020-07-21 06:00:00.000,31.335648
2020-07-21 08:00:00.000,43.511745
2020-07-21 10:00:00.000,46.19134
2020-07-21 12:00:00.000,43.792908
2020-07-21 14:00:00.000,38.36656
2020-07-21 16:00:00.000,36.121056
2020-07-21 18:00:00.000,41.111668
2020-07-21 20:00:00.000,47.019363
2020-07-21 22:00:00.000,33.975746
2020-07-22 00:00:00.000,18.65724
2020-07-22 02:00:00.000,13.814924
2020-07-22 04:00:00.000,18.168625
2020-07-22 06:00:00.000,31.31756
2020-07-22 08:00:00.000,42.857925
2020-07-22 10:00:00.000,46.016792
2020-07-22 12:00:00.000,44.034622
2020-07-22 14:00:00.000,38.574337
2020-07-22 16:00:00.000,36.121746
2020-07-22 18:00:00.000,40.965538
2020-07-22 20:00:00.000,47.361282
2020-07-22 22:00:00.000,34.508278
2020-07-23 00:00:00.000,19.387104
2020-07-23 02:00:00.000,14.112165
2020-07-23 04:00:00.000,18.037851
2020-07-23 06:00:00.000,30.221388
2020-07-23 08:00:00.000,41.489075
2020-07-23 10:00:00.000,44.537106
2020-07-23 12:00:00.000,42.79954
2020-07-23 14:00:00.000,38.12597
2020-07-23 16:00:00.000,35.631065
2020-07-23 18:00:00.000,41.06555
2020-07-23 20:00:00.000,46.777977
2020-07-23 22:00:00.000,33.702595
2020-07-24 00:00:00.000,18.765188
2020-07-24 02:00:00.000,13.852865
2020-07-24 04:00:00.000,18.153786
2020-07-24 06:00:00.000,30.860779
2020-07-24 08:00:00.000,41.75278
2020-07-24 10:00:00.000,44.25905
2020-07-24 12:00:00.000,42.268402
2020-07-24 14:00:00.000,36.96703
2020-07-24 16:00:00.000,34.474728
2020-07-24 18:00:00.000,39.073498
2020-07-24 20:00:00.000,46.249233
2020-07-24 22:00:00.000,34.758133
2020-07-25 00:00:00.000,19.320202
2020-07-25 02:00:00.000,13.315087
2020-07-25 04:00:00.000,17.087723
2020-07-25 06:00:00.000,29.34299
2020-07-25 08:00:00.000,40.652374
2020-07-25 10:00:00.000,43.32255
2020-07-25 12:00:00.000,41.424656
2020-07-25 14:00:00.000,36.2005
2020-07-25 16:00:00.000,32.92276
2020-07-25 18:00:00.000,36.84662
2020-07-25 20:00:00.000,44.114872
2020-07-25 22:00:00.000,33.682255
2020-07-26 00:00:00.000,19.096031
2020-07-26 02:00:00.000,13.020751
2020-07-26 04:00:00.000,16.034988
2020-07-26 06:00:00.000,27.963717
2020-07-26 08:00:00.000,39.895668
2020-07-26 10:00:00.000,43.356533
2020-07-26 12:00:00.000,42.43792
2020-07-26 14:00:00.000,38.08317
2020-07-26 16:00:00.000,35.286274
2020-07-26 18:00:00.000,38.938477
2020-07-26 20:00:00.000,45.07295
2020-07-26 22:00:00.000,33.636536
2020-07-27 00:00:00.000,19.071081
2020-07-27 02:00:00.000,13.702952
2020-07-27 04:00:00.000,17.326063
2020-07-27 06:00:00.000,29.917398
2020-07-27 08:00:00.000,41.313644
2020-07-27 10:00:00.000,44.03611
2020-07-27 12:00:00.000,42.44754
2020-07-27 14:00:00.000,37.869564
2020-07-27 16:00:00.000,35.561314
2020-07-27 18:00:00.000,40.128647
2020-07-27 20:00:00.000,46.24207
2020-07-27 22:00:00.000,33.772167
2020-07-28 00:00:00.000,18.604647
2020-07-28 02:00:00.000,13.344992
2020-07-28 04:00:00.000,18.406677
2020-07-28 06:00:00.000,31.71595
2020-07-28 08:00:00.000,42.874165
2020-07-28 10:00:00.000,45.475323
2020-07-28 12:00:00.000,43.174637
2020-07-28 14:00:00.000,38.309063
2020-07-28 16:00:00.000,36.614964
2020-07-28 18:00:00.000,41.792316
2020-07-28 20:00:00.000,48.05141
2020-07-28 22:00:00.000,34.597153
2020-07-29 00:00:00.000,19.096119
2020-07-29 02:00:00.000,13.867227
2020-07-29 04:00:00.000,17.970228
2020-07-29 06:00:00.000,31.158234
2020-07-29 08:00:00.000,42.196804
2020-07-29 10:00:00.000,44.643555
2020-07-29 12:00:00.000,42.95685
2020-07-29 14:00:00.000,38.193737
2020-07-29 16:00:00.000,35.975338
2020-07-29 18:00:00.000,40.596813
2020-07-29 20:00:00.000,47.58679
2020-07-29 22:00:00.000,33.723816
2020-07-30 00:00:00.000,18.910778
2020-07-30 02:00:00.000,13.9947195
2020-07-30 04:00:00.000,18.441063
2020-07-30 06:00:00.000,32.25684
2020-07-30 08:00:00.000,43.919323
2020-07-30 10:00:00.000,45.865868
2020-07-30 12:00:00.000,44.0256
2020-07-30 14:00:00.000,39.195225
2020-07-30 16:00:00.000,36.768917
2020-07-30 18:00:00.000,42.06642
2020-07-30 20:00:00.000,48.302944
2020-07-30 22:00:00.000,35.173634
2020-07-31 00:00:00.000,19.51228
2020-08-01 02:00:00.000,13.637206
2020-08-01 04:00:00.000,17.336042
2020-08-01 06:00:00.000,29.778849
2020-08-01 08:00:00.000,41.293148
2020-08-01 10:00:00.000,44.382576
2020-08-01 12:00:00.000,43.223595
2020-08-01 14:00:00.000,38.64353
2020-08-01 16:00:00.000,36.14829
2020-08-01 18:00:00.000,40.559883
2020-08-01 20:00:00.000,47.36167
2020-08-01 22:00:00.000,36.263447
2020-08-02 00:00:00.000,20.728056
2020-08-02 02:00:00.000,13.813252
2020-08-02 04:00:00.000,16.496586
2020-08-02 06:00:00.000,28.69741
2020-08-02 08:00:00.000,41.16315
2020-08-02 10:00:00.000,44.6831
2020-08-02 12:00:00.000,44.469498
2020-08-02 14:00:00.000,40.070076
2020-08-02 16:00:00.000,37.786045
2020-08-02 18:00:00.000,42.424343
2020-08-02 20:00:00.000,47.559917
2020-08-02 22:00:00.000,35.081947
2020-08-03 00:00:00.000,19.93662
2020-08-03 02:00:00.000,14.429935
2020-08-03 04:00:00.000,18.935293
2020-08-03 06:00:00.000,32.35157
2020-08-03 08:00:00.000,44.043865
2020-08-03 10:00:00.000,46.938606
2020-08-03 12:00:00.000,44.335804
2020-08-03 14:00:00.000,39.581535
2020-08-03 16:00:00.000,37.888767
2020-08-03 18:00:00.000,42.995476
2020-08-03 20:00:00.000,48.37112
2020-08-03 22:00:00.000,34.732452
2020-08-04 00:00:00.000,19.394165
2020-08-04 02:00:00.000,14.328992
2020-08-04 04:00:00.000,18.929012
2020-08-04 06:00:00.000,32.066196
2020-08-04 08:00:00.000,43.48214
2020-08-04 10:00:00.000,45.498817
2020-08-04 12:00:00.000,42.99324
2020-08-04 14:00:00.000,38.055573
2020-08-04 16:00:00.000,35.91548
2020-08-04 18:00:00.000,40.90897
2020-08-04 20:00:00.000,47.03899
2020-08-04 22:00:00.000,34.089077
2020-08-05 00:00:00.000,19.10022
2020-08-05 02:00:00.000,13.772827
2020-08-05 04:00:00.000,18.001417
2020-08-05 06:00:00.000,31.229061
2020-08-05 08:00:00.000,41.37943
2020-08-05 10:00:00.000,43.655785
2020-08-05 12:00:00.000,41.414368
2020-08-05 14:00:00.000,36.71543
2020-08-05 16:00:00.000,34.48041
2020-08-05 18:00:00.000,39.850048
2020-08-05 20:00:00.000,46.454006
2020-08-05 22:00:00.000,33.079277
2020-08-06 00:00:00.000,18.26065
2020-08-06 02:00:00.000,13.059624
2020-08-06 04:00:00.000,17.756155
2020-08-06 06:00:00.000,31.498718
2020-08-06 08:00:00.000,42.596504
2020-08-06 10:00:00.000,44.833714
2020-08-06 12:00:00.000,42.07098
2020-08-06 14:00:00.000,37.01146
2020-08-06 16:00:00.000,34.65325
2020-08-06 18:00:00.000,40.236095
2020-08-06 20:00:00.000,46.397675
2020-08-06 22:00:00.000,33.178825
2020-08-07 00:00:00.000,18.235552
2020-08-07 02:00:00.000,13.131559
2020-08-07 04:00:00.000,17.624237
2020-08-07 06:00:00.000,30.933529
2020-08-07 08:00:00.000,41.60255
2020-08-07 10:00:00.000,43.88133
2020-08-07 12:00:00.000,41.858944
2020-08-07 14:00:00.000,36.704113
2020-08-07 16:00:00.000,33.72982
2020-08-07 18:00:00.000,37.97919
2020-08-07 20:00:00.000,45.049942
2020-08-07 22:00:00.000,33.51254
2020-08-08 00:00:00.000,18.930405
2020-08-08 02:00:00.000,12.99577
2020-08-08 04:00:00.000,16.725485
2020-08-08 06:00:00.000,29.433828
2020-08-08 08:00:00.000,40.76539
2020-08-08 10:00:00.000,42.651646
2020-08-08 12:00:00.000,41.2513
2020-08-08 14:00:00.000,36.284134
2020-08-08 16:00:00.000,33.564503
2020-08-08 18:00:00.000,37.89774
2020-08-08 20:00:00.000,44.550198
2020-08-08 22:00:00.000,33.76102
2020-08-09 00:00:00.000,19.335773
2020-08-09 02:00:00.000,12.8694725
2020-08-09 04:00:00.000,15.7037525
2020-08-09 06:00:00.000,28.321411
2020-08-09 08:00:00.000,40.708817
2020-08-09 10:00:00.000,43.965374
2020-08-09 12:00:00.000,43.111904
2020-08-09 14:00:00.000,38.643166
2020-08-09 16:00:00.000,36.08212
2020-08-09 18:00:00.000,40.57087
2020-08-09 20:00:00.000,46.34092
2020-08-09 22:00:00.000,34.292084
2020-08-10 00:00:00.000,19.10282
2020-08-10 02:00:00.000,13.095042
2020-08-10 04:00:00.000,17.639133
2020-08-10 06:00:00.000,31.070179
2020-08-10 08:00:00.000,42.719856
2020-08-10 10:00:00.000,45.195415
2020-08-10 12:00:00.000,43.331516
2020-08-10 14:00:00.000,37.6063
2020-08-10 16:00:00.000,35.521744
2020-08-10 18:00:00.000,41.289642
2020-08-10 20:00:00.000,46.8705
2020-08-10 22:00:00.000,33.38439
2020-08-11 00:00:00.000,17.974863
2020-08-11 02:00:00.000,12.862424
2020-08-11 04:00:00.000,17.334774
2020-08-11 06:00:00.000,30.884905
2020-08-11 08:00:00.000,42.12529
2020-08-11 10:00:00.000,44.549564
2020-08-11 12:00:00.000,42.421143
2020-08-11 14:00:00.000,37.804478
2020-08-11 16:00:00.000,35.90688
2020-08-11 18:00:00.000,41.62219
2020-08-11 20:00:00.000,47.11753
2020-08-11 22:00:00.000,33.655792
2020-08-12 00:00:00.000,18.371368
2020-08-12 02:00:00.000,12.988777
2020-08-12 04:00:00.000,17.410627
2020-08-12 06:00:00.000,30.410013
2020-08-12 08:00:00.000,42.00363
2020-08-12 10:00:00.000,45.11783
2020-08-12 12:00:00.000,43.00283
2020-08-12 14:00:00.000,38.1102
2020-08-12 16:00:00.000,36.367535
2020-08-12 18:00:00.000,42.550617
2020-08-12 20:00:00.000,47.298218
2020-08-12 22:00:00.000,33.173298
2020-08-13 00:00:00.000,17.912466
2020-08-13 02:00:00.000,13.029168
2020-08-13 04:00:00.000,17.606846
2020-08-13 06:00:00.000,31.290009
2020-08-13 08:00:00.000,43.118282
2020-08-13 10:00:00.000,45.773518
2020-08-13 12:00:00.000,43.32887
2020-08-13 14:00:00.000,38.38111
2020-08-13 16:00:00.000,37.230415
2020-08-13 18:00:00.000,43.774662
2020-08-13 20:00:00.000,48.388794
2020-08-13 22:00:00.000,33.383442
2020-08-14 00:00:00.000,18.405321
2020-08-14 02:00:00.000,13.246847
2020-08-14 04:00:00.000,17.766792
2020-08-14 06:00:00.000,31.137848
2020-08-14 08:00:00.000,42.40577
2020-08-14 10:00:00.000,45.13906
2020-08-14 12:00:00.000,42.370365
2020-08-14 14:00:00.000,37.489033
2020-08-14 16:00:00.000,35.914787
2020-08-14 18:00:00.000,41.032005
2020-08-14 20:00:00.000,46.134983
2020-08-14 22:00:00.000,33.730217
2020-08-15 00:00:00.000,19.13982
2020-08-15 02:00:00.000,13.139882
2020-08-15 04:00:00.000,16.602102
2020-08-15 06:00:00.000,29.52648
2020-08-15 08:00:00.000,41.04952
2020-08-15 10:00:00.000,43.737167
2020-08-15 12:00:00.000,42.1403
2020-08-15 14:00:00.000,37.25502
2020-08-15 16:00:00.000,35.24044
2020-08-15 18:00:00.000,40.07379
2020-08-15 20:00:00.000,45.804245
2020-08-15 22:00:00.000,34.0651
2020-08-16 00:00:00.000,19.54894
2020-08-16 02:00:00.000,13.269276
2020-08-16 04:00:00.000,16.127766
2020-08-16 06:00:00.000,28.57775
2020-08-16 08:00:00.000,40.74613
2020-08-16 10:00:00.000,43.607834
2020-08-16 12:00:00.000,43.484474
2020-08-16 14:00:00.000,38.919952
2020-08-16 16:00:00.000,36.531796
2020-08-16 18:00:00.000,41.233753
2020-08-16 20:00:00.000,45.886738
2020-08-16 22:00:00.000,33.44197
2020-08-17 00:00:00.000,18.946169
2020-08-17 02:00:00.000,13.313296
2020-08-17 04:00:00.000,17.474663
2020-08-17 06:00:00.000,30.998167
2020-08-17 08:00:00.000,42.8421
2020-08-17 10:00:00.000,45.465923
2020-08-17 12:00:00.000,43.316517
2020-08-17 14:00:00.000,38.391556
2020-08-17 16:00:00.000,36.139347
2020-08-17 18:00:00.000,41.75823
2020-08-17 20:00:00.000,46.677677
2020-08-17 22:00:00.000,32.99906
2020-08-18 00:00:00.000,17.872395
2020-08-18 02:00:00.000,12.953242
2020-08-18 04:00:00.000,17.79941
2020-08-18 06:00:00.000,31.743584
2020-08-18 08:00:00.000,43.64314
2020-08-18 10:00:00.000,45.717983
2020-08-18 12:00:00.000,42.99795
2020-08-18 14:00:00.000,37.81115
2020-08-18 16:00:00.000,35.97772
2020-08-18 18:00:00.000,41.90535
2020-08-18 20:00:00.000,47.464966
2020-08-18 22:00:00.000,33.22597
2020-08-19 00:00:00.000,17.769054
2020-08-19 02:00:00.000,12.792362
2020-08-19 04:00:00.000,17.529058
2020-08-19 06:00:00.000,31.687452
2020-08-19 08:00:00.000,43.190365
2020-08-19 10:00:00.000,45.730404
2020-08-19 12:00:00.000,42.912563
2020-08-19 14:00:00.000,37.82729
2020-08-19 16:00:00.000,35.73991
2020-08-19 18:00:00.000,40.978844
2020-08-19 20:00:00.000,46.13402
2020-08-19 22:00:00.000,32.606453
2020-08-20 00:00:00.000,17.322704
2020-08-20 02:00:00.000,12.689943
2020-08-20 04:00:00.000,17.435587
2020-08-20 06:00:00.000,31.432558
2020-08-20 08:00:00.000,43.219345
2020-08-20 10:00:00.000,45.327976
2020-08-20 12:00:00.000,42.825855
2020-08-20 14:00:00.000,38.68112
2020-08-20 16:00:00.000,36.51619
2020-08-20 18:00:00.000,42.549503
2020-08-20 20:00:00.000,47.001896
2020-08-20 22:00:00.000,32.938732
2020-08-21 00:00:00.000,17.623127
2020-08-21 02:00:00.000,12.82207
2020-08-21 04:00:00.000,17.48431
2020-08-21 06:00:00.000,31.540691
2020-08-21 08:00:00.000,43.247612
2020-08-21 10:00:00.000,45.237556
2020-08-21 12:00:00.000,42.381233
2020-08-21 14:00:00.000,36.664623
2020-08-21 16:00:00.000,34.9458
2020-08-21 18:00:00.000,40.579197
2020-08-21 20:00:00.000,45.144062
2020-08-21 22:00:00.000,32.833004
2020-08-22 00:00:00.000,18.378614
2020-08-22 02:00:00.000,12.952594
2020-08-22 04:00:00.000,16.585566
2020-08-22 06:00:00.000,29.98992
2020-08-22 08:00:00.000,41.282024
2020-08-22 10:00:00.000,43.279987
2020-08-22 12:00:00.000,41.514854
2020-08-22 14:00:00.000,36.454056
2020-08-22 16:00:00.000,33.958076
2020-08-22 18:00:00.000,39.217323
2020-08-22 20:00:00.000,44.748672
2020-08-22 22:00:00.000,33.43628
2020-08-23 00:00:00.000,19.263702
2020-08-23 02:00:00.000,13.120443
2020-08-23 04:00:00.000,16.107597
2020-08-23 06:00:00.000,28.9246
2020-08-23 08:00:00.000,40.919533
2020-08-23 10:00:00.000,43.378166
2020-08-23 12:00:00.000,42.499924
2020-08-23 14:00:00.000,37.991554
2020-08-23 16:00:00.000,35.764915
2020-08-23 18:00:00.000,40.88821
2020-08-23 20:00:00.000,44.881443
2020-08-23 22:00:00.000,32.36529
2020-08-24 00:00:00.000,18.158497
2020-08-24 02:00:00.000,13.412956
2020-08-24 04:00:00.000,18.203959
2020-08-24 06:00:00.000,32.377167
2020-08-24 08:00:00.000,43.722404
2020-08-24 10:00:00.000,45.687355
2020-08-24 12:00:00.000,43.541595
2020-08-24 14:00:00.000,38.40848
2020-08-24 16:00:00.000,36.03491
2020-08-24 18:00:00.000,42.37173
2020-08-24 20:00:00.000,46.70944
2020-08-24 22:00:00.000,32.552353
2020-08-25 00:00:00.000,17.8409
2020-08-25 02:00:00.000,13.184164
2020-08-25 04:00:00.000,18.102652
2020-08-25 06:00:00.000,32.38361
2020-08-25 08:00:00.000,43.3857
2020-08-25 10:00:00.000,45.123085
2020-08-25 12:00:00.000,42.556255
2020-08-25 14:00:00.000,37.49784
2020-08-25 16:00:00.000,35.452126
2020-08-25 18:00:00.000,41.6238
2020-08-25 20:00:00.000,46.352394
2020-08-25 22:00:00.000,32.454983
2020-08-26 00:00:00.000,17.419575
2020-08-26 02:00:00.000,12.816386
2020-08-26 04:00:00.000,17.71183
2020-08-26 06:00:00.000,31.748095
2020-08-26 08:00:00.000,42.74167
2020-08-26 10:00:00.000,45.29335
2020-08-26 12:00:00.000,42.938133
2020-08-26 14:00:00.000,37.63342
2020-08-26 16:00:00.000,35.690105
2020-08-26 18:00:00.000,41.9589
2020-08-26 20:00:00.000,46.060585
2020-08-26 22:00:00.000,32.449837
2020-08-27 00:00:00.000,17.846733
2020-08-27 02:00:00.000,13.105152
2020-08-27 04:00:00.000,18.004547
2020-08-27 06:00:00.000,31.886808
2020-08-27 08:00:00.000,42.501503
2020-08-27 10:00:00.000,44.446995
2020-08-27 12:00:00.000,41.603752
2020-08-27 14:00:00.000,36.69296
2020-08-27 16:00:00.000,35.006466
2020-08-27 18:00:00.000,42.30285
2020-08-27 20:00:00.000,46.41525
2020-08-27 22:00:00.000,32.65531
2020-08-28 00:00:00.000,17.556417
2020-08-28 02:00:00.000,12.941863
2020-08-28 04:00:00.000,17.957336
2020-08-28 06:00:00.000,31.669186
2020-08-28 08:00:00.000,42.9433
2020-08-28 10:00:00.000,44.37573
2020-08-28 12:00:00.000,41.709595
2020-08-28 14:00:00.000,36.4611
2020-08-28 16:00:00.000,34.78138
2020-08-28 18:00:00.000,41.212513
2020-08-28 20:00:00.000,45.759846
2020-08-28 22:00:00.000,32.945793
2020-08-29 00:00:00.000,18.172768
2020-08-29 02:00:00.000,12.694786
2020-08-29 04:00:00.000,16.060875
2020-08-29 06:00:00.000,29.035458
2020-08-29 08:00:00.000,39.961914
2020-08-29 10:00:00.000,42.119614
2020-08-29 12:00:00.000,40.65491
2020-08-29 14:00:00.000,35.77154
2020-08-29 16:00:00.000,33.224617
2020-08-29 18:00:00.000,38.54925
2020-08-29 20:00:00.000,43.668446
2020-08-29 22:00:00.000,32.8023
2020-08-30 00:00:00.000,18.592146
2020-08-30 02:00:00.000,12.539419
2020-08-30 04:00:00.000,15.586803
2020-08-30 06:00:00.000,28.361443
2020-08-30 08:00:00.000,40.39594
2020-08-30 10:00:00.000,43.5128
2020-08-30 12:00:00.000,42.786
2020-08-30 14:00:00.000,38.314133
2020-08-30 16:00:00.000,35.94748
2020-08-30 18:00:00.000,41.413715
2020-08-30 20:00:00.000,45.56547
2020-08-30 22:00:00.000,33.092354
2020-08-31 00:00:00.000,18.610083
2020-09-01 02:00:00.000,12.465146
2020-09-01 04:00:00.000,17.833546
2020-09-01 06:00:00.000,30.262936
2020-09-01 08:00:00.000,37.342014
2020-09-01 10:00:00.000,41.326244
2020-09-01 12:00:00.000,40.734684
2020-09-01 14:00:00.000,36.31818
2020-09-01 16:00:00.000,34.421665
2020-09-01 18:00:00.000,40.33358
2020-09-01 20:00:00.000,43.09994
2020-09-01 22:00:00.000,28.496246
2020-09-02 00:00:00.000,15.024576
2020-09-02 02:00:00.000,11.583633
2020-09-02 04:00:00.000,17.131678
2020-09-02 06:00:00.000,29.186302
2020-09-02 08:00:00.000,35.054874
2020-09-02 10:00:00.000,37.6774
2020-09-02 12:00:00.000,38.564873
2020-09-02 14:00:00.000,36.504215
2020-09-02 16:00:00.000,35.46754
2020-09-02 18:00:00.000,41.190903
2020-09-02 20:00:00.000,43.489914
2020-09-02 22:00:00.000,28.526567
2020-09-03 00:00:00.000,15.153964
2020-09-03 02:00:00.000,11.959196
2020-09-03 04:00:00.000,17.674225
2020-09-03 06:00:00.000,29.932972
2020-09-03 08:00:00.000,35.718864
2020-09-03 10:00:00.000,38.46767
2020-09-03 12:00:00.000,39.543125
2020-09-03 14:00:00.000,37.374577
2020-09-03 16:00:00.000,35.845276
2020-09-03 18:00:00.000,41.89613
2020-09-03 20:00:00.000,43.59018
2020-09-03 22:00:00.000,27.978186
2020-09-04 00:00:00.000,14.864609
2020-09-04 02:00:00.000,11.713747
2020-09-04 04:00:00.000,17.567104
2020-09-04 06:00:00.000,29.810585
2020-09-04 08:00:00.000,35.706505
2020-09-04 10:00:00.000,38.834717
2020-09-04 12:00:00.000,40.271397
2020-09-04 14:00:00.000,37.592495
2020-09-04 16:00:00.000,35.96353
2020-09-04 18:00:00.000,42.1004
2020-09-04 20:00:00.000,45.17563
2020-09-04 22:00:00.000,30.609392
2020-09-05 00:00:00.000,16.461996
2020-09-05 02:00:00.000,12.285836
2020-09-05 04:00:00.000,17.267689
2020-09-05 06:00:00.000,32.148014
2020-09-05 08:00:00.000,41.901478
2020-09-05 10:00:00.000,42.97383
2020-09-05 12:00:00.000,41.801052
2020-09-05 14:00:00.000,37.210392
2020-09-05 16:00:00.000,34.651848
2020-09-05 18:00:00.000,40.218903
2020-09-05 20:00:00.000,43.490196
2020-09-05 22:00:00.000,31.49685
2020-09-06 00:00:00.000,17.576403
2020-09-06 02:00:00.000,12.274873
2020-09-06 04:00:00.000,16.309753
2020-09-06 06:00:00.000,30.697802
2020-09-06 08:00:00.000,42.28502
2020-09-06 10:00:00.000,43.875042
2020-09-06 12:00:00.000,43.33523
2020-09-06 14:00:00.000,38.676502
2020-09-06 16:00:00.000,36.316193
2020-09-06 18:00:00.000,41.259033
2020-09-06 20:00:00.000,43.60098
2020-09-06 22:00:00.000,29.590315
2020-09-07 00:00:00.000,16.012642
2020-09-07 02:00:00.000,11.942258
2020-09-07 04:00:00.000,17.203985
2020-09-07 06:00:00.000,29.017004
2020-09-07 08:00:00.000,35.307224
2020-09-07 10:00:00.000,38.843338
2020-09-07 12:00:00.000,40.170773
2020-09-07 14:00:00.000,37.539707
2020-09-07 16:00:00.000,35.83617
2020-09-07 18:00:00.000,41.74265
2020-09-07 20:00:00.000,43.007286
2020-09-07 22:00:00.000,28.232477
2020-09-08 00:00:00.000,15.119438
2020-09-08 02:00:00.000,11.932818
2020-09-08 04:00:00.000,18.09292
2020-09-08 06:00:00.000,30.697016
2020-09-08 08:00:00.000,36.888977
2020-09-08 10:00:00.000,40.336113
2020-09-08 12:00:00.000,40.639385
2020-09-08 14:00:00.000,38.500973
2020-09-08 16:00:00.000,37.38737
2020-09-08 18:00:00.000,43.196114
2020-09-08 20:00:00.000,43.898533
2020-09-08 22:00:00.000,28.629759
2020-09-09 00:00:00.000,15.322836
2020-09-09 02:00:00.000,11.963937
2020-09-09 04:00:00.000,18.067276
2020-09-09 06:00:00.000,30.919907
2020-09-09 08:00:00.000,36.93166
2020-09-09 10:00:00.000,39.8392
2020-09-09 12:00:00.000,40.069973
2020-09-09 14:00:00.000,37.425774
2020-09-09 16:00:00.000,36.771748
2020-09-09 18:00:00.000,42.72947
2020-09-09 20:00:00.000,43.856762
2020-09-09 22:00:00.000,28.680733
2020-09-10 00:00:00.000,15.146966
2020-09-10 02:00:00.000,11.879383
2020-09-10 04:00:00.000,17.916798
2020-09-10 06:00:00.000,30.74417
2020-09-10 08:00:00.000,36.960464
2020-09-10 10:00:00.000,40.01556
2020-09-10 12:00:00.000,40.63785
2020-09-10 14:00:00.000,38.709663
2020-09-10 16:00:00.000,37.518856
2020-09-10 18:00:00.000,43.600964
2020-09-10 20:00:00.000,44.68765
2020-09-10 22:00:00.000,29.294645
2020-09-11 00:00:00.000,15.53911
2020-09-11 02:00:00.000,11.982236
2020-09-11 04:00:00.000,18.278471
2020-09-11 06:00:00.000,32.42436
2020-09-11 08:00:00.000,39.480255
2020-09-11 10:00:00.000,41.893417
2020-09-11 12:00:00.000,40.869648
2020-09-11 14:00:00.000,37.498108
2020-09-11 16:00:00.000,36.054367
2020-09-11 18:00:00.000,42.182133
2020-09-11 20:00:00.000,44.67127
2020-09-11 22:00:00.000,30.842016
2020-09-12 00:00:00.000,16.86538
2020-09-12 02:00:00.000,12.319246
2020-09-12 04:00:00.000,17.36709
2020-09-12 06:00:00.000,32.151543
2020-09-12 08:00:00.000,41.808258
2020-09-12 10:00:00.000,42.717636
2020-09-12 12:00:00.000,41.233364
2020-09-12 14:00:00.000,36.50872
2020-09-12 16:00:00.000,34.574787
2020-09-12 18:00:00.000,40.00071
2020-09-12 20:00:00.000,42.865578
2020-09-12 22:00:00.000,31.259415
2020-09-13 00:00:00.000,17.808798
2020-09-13 02:00:00.000,12.42566
2020-09-13 04:00:00.000,16.577322
2020-09-13 06:00:00.000,30.95303
2020-09-13 08:00:00.000,42.10271
2020-09-13 10:00:00.000,43.86282
2020-09-13 12:00:00.000,43.118286
2020-09-13 14:00:00.000,38.666008
2020-09-13 16:00:00.000,37.197155
2020-09-13 18:00:00.000,42.366455
2020-09-13 20:00:00.000,42.454903
2020-09-13 22:00:00.000,28.904066
2020-09-14 00:00:00.000,15.8391485
2020-09-14 02:00:00.000,12.27118
2020-09-14 04:00:00.000,17.745428
2020-09-14 06:00:00.000,30.697851
2020-09-14 08:00:00.000,37.634666
2020-09-14 10:00:00.000,40.564407
2020-09-14 12:00:00.000,40.2734
2020-09-14 14:00:00.000,37.730667
2020-09-14 16:00:00.000,36.79056
2020-09-14 18:00:00.000,42.58089
2020-09-14 20:00:00.000,43.721848
2020-09-14 22:00:00.000,28.967665
2020-09-15 00:00:00.000,15.655397
2020-09-15 02:00:00.000,12.085653
2020-09-15 04:00:00.000,17.893463
2020-09-15 06:00:00.000,30.532698
2020-09-15 08:00:00.000,37.4884
2020-09-15 10:00:00.000,40.43384
2020-09-15 12:00:00.000,40.09271
2020-09-15 14:00:00.000,37.760704
2020-09-15 16:00:00.000,36.882553
2020-09-15 18:00:00.000,43.088806
2020-09-15 20:00:00.000,43.388412
2020-09-15 22:00:00.000,28.258667
2020-09-16 00:00:00.000,15.006022
2020-09-16 02:00:00.000,11.734486
2020-09-16 04:00:00.000,17.624338
2020-09-16 06:00:00.000,30.221996
2020-09-16 08:00:00.000,36.384575
2020-09-16 10:00:00.000,39.036648
2020-09-16 12:00:00.000,39.211586
2020-09-16 14:00:00.000,36.917168
2020-09-16 16:00:00.000,36.05911
2020-09-16 18:00:00.000,42.368786
2020-09-16 20:00:00.000,42.913006
2020-09-16 22:00:00.000,28.245287
2020-09-17 00:00:00.000,15.081613
2020-09-17 02:00:00.000,11.958662
2020-09-17 04:00:00.000,17.698355
2020-09-17 06:00:00.000,30.34244
2020-09-17 08:00:00.000,36.567158
2020-09-17 10:00:00.000,39.637756
2020-09-17 12:00:00.000,39.028027
2020-09-17 14:00:00.000,37.4148
2020-09-17 16:00:00.000,37.43971
2020-09-17 18:00:00.000,43.373642
2020-09-17 20:00:00.000,43.26263
2020-09-17 22:00:00.000,28.285732
2020-09-18 00:00:00.000,15.296944
2020-09-18 02:00:00.000,11.831633
2020-09-18 04:00:00.000,17.521317
2020-09-18 06:00:00.000,30.54432
2020-09-18 08:00:00.000,37.233334
2020-09-18 10:00:00.000,40.405758
2020-09-18 12:00:00.000,40.40152
2020-09-18 14:00:00.000,37.517094
2020-09-18 16:00:00.000,36.973385
2020-09-18 18:00:00.000,42.89831
2020-09-18 20:00:00.000,44.59597
2020-09-18 22:00:00.000,30.896406
2020-09-19 00:00:00.000,17.28063
2020-09-19 02:00:00.000,13.016732
2020-09-19 04:00:00.000,17.787075
2020-09-19 06:00:00.000,33.18153
2020-09-19 08:00:00.000,43.09335
2020-09-19 10:00:00.000,44.06829
2020-09-19 12:00:00.000,43.152706
2020-09-19 14:00:00.000,38.698055
2020-09-19 16:00:00.000,37.062656
2020-09-19 18:00:00.000,42.572857
2020-09-19 20:00:00.000,44.657948
2020-09-19 22:00:00.000,32.549522
2020-09-20 00:00:00.000,18.632368
2020-09-20 02:00:00.000,12.970413
2020-09-20 04:00:00.000,16.83846
2020-09-20 06:00:00.000,31.38633
2020-09-20 08:00:00.000,43.32397
2020-09-20 10:00:00.000,45.25763
2020-09-20 12:00:00.000,44.492466
2020-09-20 14:00:00.000,40.08147
2020-09-20 16:00:00.000,37.985706
2020-09-20 18:00:00.000,42.59412
2020-09-20 20:00:00.000,42.441715
2020-09-20 22:00:00.000,29.428381
2020-09-21 00:00:00.000,16.051777
2020-09-21 02:00:00.000,12.130966
2020-09-21 04:00:00.000,17.419323
2020-09-21 06:00:00.000,30.050518
2020-09-21 08:00:00.000,36.985603
2020-09-21 10:00:00.000,40.191544
2020-09-21 12:00:00.000,40.06223
2020-09-21 14:00:00.000,37.754684
2020-09-21 16:00:00.000,37.542545
2020-09-21 18:00:00.000,43.133923
2020-09-21 20:00:00.000,43.369534
2020-09-21 22:00:00.000,28.759933
2020-09-22 00:00:00.000,15.621865
2020-09-22 02:00:00.000,11.725577
2020-09-22 04:00:00.000,17.204573
2020-09-22 06:00:00.000,30.042788
2020-09-22 08:00:00.000,36.655502
2020-09-22 10:00:00.000,39.890846
2020-09-22 12:00:00.000,39.676422
2020-09-22 14:00:00.000,37.438934
2020-09-22 16:00:00.000,37.421696
2020-09-22 18:00:00.000,43.989372
2020-09-22 20:00:00.000,44.008526
2020-09-22 22:00:00.000,28.685072
2020-09-23 00:00:00.000,15.218752
2020-09-23 02:00:00.000,12.056291
2020-09-23 04:00:00.000,18.005556
2020-09-23 06:00:00.000,30.43132
2020-09-23 08:00:00.000,36.66136
2020-09-23 10:00:00.000,39.02581
2020-09-23 12:00:00.000,38.46869
2020-09-23 14:00:00.000,36.439137
2020-09-23 16:00:00.000,36.552444
2020-09-23 18:00:00.000,43.30473
2020-09-23 20:00:00.000,43.255875
2020-09-23 22:00:00.000,28.678942
2020-09-24 00:00:00.000,15.694962
2020-09-24 02:00:00.000,12.18228
2020-09-24 04:00:00.000,18.572397
2020-09-24 06:00:00.000,31.55636
2020-09-24 08:00:00.000,37.709007
2020-09-24 10:00:00.000,40.126152
2020-09-24 12:00:00.000,39.602863
2020-09-24 14:00:00.000,36.624493
2020-09-24 16:00:00.000,36.4335
2020-09-24 18:00:00.000,43.09358
2020-09-24 20:00:00.000,43.255535
2020-09-24 22:00:00.000,28.472273
2020-09-25 00:00:00.000,15.197577
2020-09-25 02:00:00.000,12.152341
2020-09-25 04:00:00.000,18.042946
2020-09-25 06:00:00.000,31.011198
2020-09-25 08:00:00.000,36.821716
2020-09-25 10:00:00.000,38.93297
2020-09-25 12:00:00.000,39.121742
2020-09-25 14:00:00.000,35.466248
2020-09-25 16:00:00.000,35.609398
2020-09-25 18:00:00.000,42.3994
2020-09-25 20:00:00.000,43.995445
2020-09-25 22:00:00.000,30.50807
2020-09-26 00:00:00.000,16.682798
2020-09-26 02:00:00.000,12.46296
2020-09-26 04:00:00.000,17.84552
2020-09-26 06:00:00.000,33.384224
2020-09-26 08:00:00.000,42.438683
2020-09-26 10:00:00.000,42.14718
2020-09-26 12:00:00.000,40.45948
2020-09-26 14:00:00.000,35.21721
2020-09-26 16:00:00.000,34.55453
2020-09-26 18:00:00.000,40.207794
2020-09-26 20:00:00.000,42.378197
2020-09-26 22:00:00.000,30.951359
2020-09-27 00:00:00.000,17.920166
2020-09-27 02:00:00.000,12.754103
2020-09-27 04:00:00.000,16.904747
2020-09-27 06:00:00.000,32.104317
2020-09-27 08:00:00.000,43.43568
2020-09-27 10:00:00.000,43.757988
2020-09-27 12:00:00.000,42.366947
2020-09-27 14:00:00.000,38.135494
2020-09-27 16:00:00.000,37.62124
2020-09-27 18:00:00.000,42.50393
2020-09-27 20:00:00.000,42.001724
2020-09-27 22:00:00.000,29.016172
2020-09-28 00:00:00.000,15.92623
2020-09-28 02:00:00.000,12.595717
2020-09-28 04:00:00.000,18.415054
2020-09-28 06:00:00.000,31.753817
2020-09-28 08:00:00.000,37.877033
2020-09-28 10:00:00.000,41.175137
2020-09-28 12:00:00.000,41.04064
2020-09-28 14:00:00.000,38.5877
2020-09-28 16:00:00.000,38.735966
2020-09-28 18:00:00.000,44.168217
2020-09-28 20:00:00.000,44.306377
2020-09-28 22:00:00.000,29.593063
2020-09-29 00:00:00.000,16.335714
2020-09-29 02:00:00.000,12.491277
2020-09-29 04:00:00.000,18.597097
2020-09-29 06:00:00.000,31.952705
2020-09-29 08:00:00.000,38.20337
2020-09-29 10:00:00.000,41.206833
2020-09-29 12:00:00.000,41.005486
2020-09-29 14:00:00.000,38.46283
2020-09-29 16:00:00.000,38.64914
2020-09-29 18:00:00.000,44.891415
2020-09-29 20:00:00.000,45.06911
2020-09-29 22:00:00.000,29.5045
2020-09-30 00:00:00.000,16.249878
2020-10-01 02:00:00.000,12.895843
2020-10-01 04:00:00.000,18.536821
2020-10-01 06:00:00.000,31.961565
2020-10-01 08:00:00.000,38.50664
2020-10-01 10:00:00.000,41.6809
2020-10-01 12:00:00.000,41.607777
2020-10-01 14:00:00.000,39.021618
2020-10-01 16:00:00.000,38.593628
2020-10-01 18:00:00.000,44.85547
2020-10-01 20:00:00.000,45.044422
2020-10-01 22:00:00.000,30.404305
2020-10-02 00:00:00.000,16.842716
2020-10-02 02:00:00.000,13.041378
2020-10-02 04:00:00.000,18.90745
2020-10-02 06:00:00.000,31.889341
2020-10-02 08:00:00.000,38.345146
2020-10-02 10:00:00.000,41.36914
2020-10-02 12:00:00.000,41.520355
2020-10-02 14:00:00.000,37.798496
2020-10-02 16:00:00.000,38.495075
2020-10-02 18:00:00.000,45.293324
2020-10-02 20:00:00.000,46.504982
2020-10-02 22:00:00.000,32.483673
2020-10-03 00:00:00.000,18.106209
2020-10-03 02:00:00.000,13.564343
2020-10-03 04:00:00.000,18.804974
2020-10-03 06:00:00.000,34.73713
2020-10-03 08:00:00.000,44.457066
2020-10-03 10:00:00.000,44.48821
2020-10-03 12:00:00.000,42.742794
2020-10-03 14:00:00.000,38.06431
2020-10-03 16:00:00.000,37.509808
2020-10-03 18:00:00.000,42.321537
2020-10-03 20:00:00.000,44.909782
2020-10-03 22:00:00.000,32.92299
2020-10-04 00:00:00.000,18.7839
2020-10-04 02:00:00.000,13.392909
2020-10-04 04:00:00.000,17.66536
2020-10-04 06:00:00.000,33.347954
2020-10-04 08:00:00.000,45.13543
2020-10-04 10:00:00.000,45.9118
2020-10-04 12:00:00.000,45.10013
2020-10-04 14:00:00.000,40.79471
2020-10-04 16:00:00.000,39.667088
2020-10-04 18:00:00.000,44.61174
2020-10-04 20:00:00.000,43.817657
2020-10-04 22:00:00.000,30.834435
2020-10-05 00:00:00.000,17.57218
2020-10-05 02:00:00.000,13.707333
2020-10-05 04:00:00.000,19.166986
2020-10-05 06:00:00.000,32.982098
2020-10-05 08:00:00.000,40.986847
2020-10-05 10:00:00.000,43.985176
2020-10-05 12:00:00.000,43.588654
2020-10-05 14:00:00.000,39.828197
2020-10-05 16:00:00.000,39.91899
2020-10-05 18:00:00.000,45.655098
2020-10-05 20:00:00.000,45.572895
2020-10-05 22:00:00.000,31.044489
2020-10-06 00:00:00.000,16.762808
2020-10-06 02:00:00.000,12.824772
2020-10-06 04:00:00.000,18.795652
2020-10-06 06:00:00.000,33.0487
2020-10-06 08:00:00.000,41.172935
2020-10-06 10:00:00.000,43.92465
2020-10-06 12:00:00.000,43.036327
2020-10-06 14:00:00.000,40.000565
2020-10-06 16:00:00.000,40.37977
2020-10-06 18:00:00.000,46.23529
2020-10-06 20:00:00.000,46.343876
2020-10-06 22:00:00.000,31.232656
2020-10-07 00:00:00.000,17.08668
2020-10-07 02:00:00.000,13.142675
2020-10-07 04:00:00.000,18.639866
2020-10-07 06:00:00.000,32.573727
2020-10-07 08:00:00.000,40.224796
2020-10-07 10:00:00.000,42.80459
2020-10-07 12:00:00.000,42.104374
2020-10-07 14:00:00.000,38.865616
2020-10-07 16:00:00.000,39.41464
2020-10-07 18:00:00.000,45.650986
2020-10-07 20:00:00.000,45.65179
2020-10-07 22:00:00.000,31.14487
2020-10-08 00:00:00.000,16.860039
2020-10-08 02:00:00.000,12.673291
2020-10-08 04:00:00.000,18.43911
2020-10-08 06:00:00.000,32.159477
2020-10-08 08:00:00.000,39.906796
2020-10-08 10:00:00.000,42.743156
2020-10-08 12:00:00.000,42.521675
2020-10-08 14:00:00.000,39.271233
2020-10-08 16:00:00.000,39.62868
2020-10-08 18:00:00.000,45.678432
2020-10-08 20:00:00.000,46.252052
2020-10-08 22:00:00.000,31.467909
2020-10-09 00:00:00.000,17.15945
2020-10-09 02:00:00.000,12.686636
2020-10-09 04:00:00.000,18.127316
2020-10-09 06:00:00.000,31.90873
2020-10-09 08:00:00.000,39.617027
2020-10-09 10:00:00.000,42.621998
2020-10-09 12:00:00.000,42.440628
2020-10-09 14:00:00.000,38.851154
2020-10-09 16:00:00.000,39.335663
2020-10-09 18:00:00.000,45.257084
2020-10-09 20:00:00.000,46.491035
2020-10-09 22:00:00.000,32.913467
2020-10-10 00:00:00.000,18.313957
2020-10-10 02:00:00.000,13.24966
2020-10-10 04:00:00.000,18.132586
2020-10-10 06:00:00.000,33.965755
2020-10-10 08:00:00.000,44.442852
2020-10-10 10:00:00.000,45.29013
2020-10-10 12:00:00.000,43.828945
2020-10-10 14:00:00.000,38.98397
2020-10-10 16:00:00.000,38.104603
2020-10-10 18:00:00.000,43.289986
2020-10-10 20:00:00.000,45.606705
2020-10-10 22:00:00.000,33.961857
2020-10-11 00:00:00.000,19.14581
2020-10-11 02:00:00.000,13.288468
2020-10-11 04:00:00.000,17.460918
2020-10-11 06:00:00.000,32.508617
2020-10-11 08:00:00.000,44.4845
2020-10-11 10:00:00.000,45.553146
2020-10-11 12:00:00.000,44.678524
2020-10-11 14:00:00.000,39.70433
2020-10-11 16:00:00.000,39.243416
2020-10-11 18:00:00.000,44.451706
2020-10-11 20:00:00.000,44.387318
2020-10-11 22:00:00.000,31.808136
2020-10-12 00:00:00.000,17.647333
2020-10-12 02:00:00.000,12.797339
2020-10-12 04:00:00.000,17.977085
2020-10-12 06:00:00.000,31.388947
2020-10-12 08:00:00.000,39.50085
2020-10-12 10:00:00.000,42.68497
2020-10-12 12:00:00.000,42.924118
2020-10-12 14:00:00.000,39.409542
2020-10-12 16:00:00.000,39.527424
2020-10-12 18:00:00.000,45.098488
2020-10-12 20:00:00.000,45.708355
2020-10-12 22:00:00.000,31.509981
2020-10-13 00:00:00.000,17.057892
2020-10-13 02:00:00.000,12.560626
2020-10-13 04:00:00.000,17.695053
2020-10-13 06:00:00.000,30.988672
2020-10-13 08:00:00.000,38.541016
2020-10-13 10:00:00.000,41.78798
2020-10-13 12:00:00.000,41.821804
2020-10-13 14:00:00.000,38.713158
2020-10-13 16:00:00.000,39.514587
2020-10-13 18:00:00.000,45.89194
2020-10-13 20:00:00.000,45.95039
2020-10-13 22:00:00.000,32.098698
2020-10-14 00:00:00.000,17.594364
2020-10-14 02:00:00.000,13.16502
2020-10-14 04:00:00.000,18.72921
2020-10-14 06:00:00.000,32.161285
2020-10-14 08:00:00.000,39.06119
2020-10-14 10:00:00.000,41.692963
2020-10-14 12:00:00.000,41.38327
2020-10-14 14:00:00.000,38.349674
2020-10-14 16:00:00.000,39.174534
2020-10-14 18:00:00.000,45.245903
2020-10-14 20:00:00.000,45.68714
2020-10-14 22:00:00.000,31.545515
2020-10-15 00:00:00.000,17.433172
2020-10-15 02:00:00.000,13.162653
2020-10-15 04:00:00.000,18.299961
2020-10-15 06:00:00.000,31.751097
2020-10-15 08:00:00.000,39.36315
2020-10-15 10:00:00.000,42.333904
2020-10-15 12:00:00.000,41.891468
2020-10-15 14:00:00.000,38.885654
2020-10-15 16:00:00.000,39.72037
2020-10-15 18:00:00.000,45.799675
2020-10-15 20:00:00.000,45.86178
2020-10-15 22:00:00.000,32.059464
2020-10-16 00:00:00.000,17.692526
2020-10-16 02:00:00.000,13.151536
2020-10-16 04:00:00.000,18.546492
2020-10-16 06:00:00.000,31.987228
2020-10-16 08:00:00.000,39.683464
2020-10-16 10:00:00.000,42.958256
2020-10-16 12:00:00.000,43.156017
2020-10-16 14:00:00.000,39.51931
2020-10-16 16:00:00.000,40.101414
2020-10-16 18:00:00.000,45.901585
2020-10-16 20:00:00.000,47.394146
2020-10-16 22:00:00.000,34.10322
2020-10-17 00:00:00.000,19.024286
2020-10-17 02:00:00.000,13.449191
2020-10-17 04:00:00.000,18.242706
2020-10-17 06:00:00.000,33.68031
2020-10-17 08:00:00.000,45.139027
2020-10-17 10:00:00.000,47.16579
2020-10-17 12:00:00.000,45.77148
2020-10-17 14:00:00.000,40.276466
2020-10-17 16:00:00.000,39.4945
2020-10-17 18:00:00.000,43.936646
2020-10-17 20:00:00.000,45.76226
2020-10-17 22:00:00.000,34.18907
2020-10-18 00:00:00.000,19.371353
2020-10-18 02:00:00.000,13.388372
2020-10-18 04:00:00.000,17.222769
2020-10-18 06:00:00.000,32.2086
2020-10-18 08:00:00.000,45.831905
2020-10-18 10:00:00.000,48.743668
2020-10-18 12:00:00.000,47.279453
2020-10-18 14:00:00.000,41.778248
2020-10-18 16:00:00.000,41.123867
2020-10-18 18:00:00.000,45.016033
2020-10-18 20:00:00.000,44.334682
2020-10-18 22:00:00.000,31.79831
2020-10-19 00:00:00.000,18.032907
2020-10-19 02:00:00.000,13.311994
2020-10-19 04:00:00.000,18.463884
2020-10-19 06:00:00.000,32.237694
2020-10-19 08:00:00.000,40.260433
2020-10-19 10:00:00.000,42.944496
2020-10-19 12:00:00.000,42.795334
2020-10-19 14:00:00.000,39.640358
2020-10-19 16:00:00.000,40.3342
2020-10-19 18:00:00.000,45.234776
2020-10-19 20:00:00.000,45.519325
2020-10-19 22:00:00.000,31.30552
2020-10-20 00:00:00.000,16.593693
2020-10-20 02:00:00.000,12.759253
2020-10-20 04:00:00.000,18.526258
2020-10-20 06:00:00.000,31.936323
2020-10-20 08:00:00.000,39.82143
2020-10-20 10:00:00.000,42.492214
2020-10-20 12:00:00.000,42.057674
2020-10-20 14:00:00.000,39.21006
2020-10-20 16:00:00.000,40.405846
2020-10-20 18:00:00.000,45.18759
2020-10-20 20:00:00.000,45.70526
2020-10-20 22:00:00.000,32.01775
2020-10-21 00:00:00.000,17.876654
2020-10-21 02:00:00.000,13.398498
2020-10-21 04:00:00.000,18.42505
2020-10-21 06:00:00.000,32.090706
2020-10-21 08:00:00.000,39.87514
2020-10-21 10:00:00.000,42.33259
2020-10-21 12:00:00.000,42.081245
2020-10-21 14:00:00.000,39.590363
2020-10-21 16:00:00.000,40.294113
2020-10-21 18:00:00.000,44.954617
2020-10-21 20:00:00.000,45.62526
2020-10-21 22:00:00.000,32.156696
2020-10-22 00:00:00.000,17.996567
2020-10-22 02:00:00.000,13.638021
2020-10-22 04:00:00.000,18.649517
2020-10-22 06:00:00.000,31.950325
2020-10-22 08:00:00.000,40.149246
2020-10-22 10:00:00.000,43.322254
2020-10-22 12:00:00.000,43.0215
2020-10-22 14:00:00.000,39.53866
2020-10-22 16:00:00.000,40.341915
2020-10-22 18:00:00.000,45.75083
2020-10-22 20:00:00.000,46.158604
2020-10-22 22:00:00.000,32.93729
2020-10-23 00:00:00.000,18.595682
2020-10-23 02:00:00.000,13.462316
2020-10-23 04:00:00.000,18.22584
2020-10-23 06:00:00.000,32.426113
2020-10-23 08:00:00.000,41.190117
2020-10-23 10:00:00.000,44.753216
2020-10-23 12:00:00.000,44.433014
2020-10-23 14:00:00.000,40.74451
2020-10-23 16:00:00.000,41.42518
2020-10-23 18:00:00.000,46.56266
2020-10-23 20:00:00.000,48.386623
2020-10-23 22:00:00.000,35.360977
2020-10-24 00:00:00.000,20.336115
2020-10-24 02:00:00.000,14.446576
2020-10-24 04:00:00.000,18.767307
2020-10-24 06:00:00.000,34.32846
2020-10-24 08:00:00.000,47.038227
2020-10-24 10:00:00.000,49.354984
2020-10-24 12:00:00.000,47.576595
2020-10-24 14:00:00.000,41.410896
2020-10-24 16:00:00.000,40.899094
2020-10-24 18:00:00.000,45.342487
2020-10-24 20:00:00.000,50.13876
2020-10-24 22:00:00.000,41.469822
2020-10-25 00:00:00.000,22.795698
2020-10-25 02:00:00.000,14.967021
2020-10-25 04:00:00.000,18.293312
2020-10-25 06:00:00.000,33.218983
2020-10-25 08:00:00.000,47.45959
2020-10-25 10:00:00.000,49.848476
2020-10-25 12:00:00.000,48.271057
2020-10-25 14:00:00.000,42.828697
2020-10-25 16:00:00.000,42.7009
2020-10-25 18:00:00.000,46.894672
2020-10-25 20:00:00.000,46.568596
2020-10-25 22:00:00.000,33.207493
2020-10-26 00:00:00.000,18.819328
2020-10-26 02:00:00.000,14.324372
2020-10-26 04:00:00.000,19.251806
2020-10-26 06:00:00.000,33.89044
2020-10-26 08:00:00.000,43.932774
2020-10-26 10:00:00.000,46.49536
2020-10-26 12:00:00.000,44.694862
2020-10-26 14:00:00.000,40.534275
2020-10-26 16:00:00.000,41.493797
2020-10-26 18:00:00.000,47.10202
2020-10-26 20:00:00.000,47.39797
2020-10-26 22:00:00.000,33.111603
2020-10-27 00:00:00.000,18.236393
2020-10-27 02:00:00.000,13.821014
2020-10-27 04:00:00.000,19.622055
2020-10-27 06:00:00.000,35.09701
2020-10-27 08:00:00.000,45.348354
2020-10-27 10:00:00.000,47.39959
2020-10-27 12:00:00.000,45.962063
2020-10-27 14:00:00.000,41.50944
2020-10-27 16:00:00.000,42.714123
2020-10-27 18:00:00.000,49.005806
2020-10-27 20:00:00.000,48.85608
2020-10-27 22:00:00.000,34.21326
2020-10-28 00:00:00.000,18.685108
2020-10-28 02:00:00.000,13.928422
2020-10-28 04:00:00.000,19.457783
2020-10-28 06:00:00.000,35.188683
2020-10-28 08:00:00.000,45.844704
2020-10-28 10:00:00.000,48.186268
2020-10-28 12:00:00.000,46.460537
2020-10-28 14:00:00.000,41.688675
2020-10-28 16:00:00.000,43.106182
2020-10-28 18:00:00.000,48.916798
2020-10-28 20:00:00.000,48.86987
2020-10-28 22:00:00.000,34.133698
2020-10-29 00:00:00.000,18.776701
2020-10-29 02:00:00.000,14.334481
2020-10-29 04:00:00.000,20.081463
2020-10-29 06:00:00.000,35.007698
2020-10-29 08:00:00.000,45.59566
2020-10-29 10:00:00.000,47.609123
2020-10-29 12:00:00.000,45.92333
2020-10-29 14:00:00.000,41.80898
2020-10-29 16:00:00.000,43.03641
2020-10-29 18:00:00.000,49.27011
2020-10-29 20:00:00.000,48.4891
2020-10-29 22:00:00.000,33.93783
2020-10-30 00:00:00.000,18.518469
2020-10-30 02:00:00.000,13.834088
2020-10-30 04:00:00.000,19.095297
2020-10-30 06:00:00.000,34.508034
2020-10-30 08:00:00.000,45.73825
2020-10-30 10:00:00.000,48.287796
2020-10-30 12:00:00.000,46.659748
2020-10-30 14:00:00.000,41.788418
2020-10-30 16:00:00.000,42.17045
2020-10-30 18:00:00.000,47.966236
2020-10-30 20:00:00.000,49.910675
2020-10-30 22:00:00.000,36.626484
2020-10-31 00:00:00.000,20.50102
2020-11-01 02:00:00.000,14.841034
2020-11-01 04:00:00.000,17.409811
2020-11-01 06:00:00.000,31.27607
2020-11-01 08:00:00.000,46.63549
2020-11-01 10:00:00.000,50.896774
2020-11-01 12:00:00.000,49.94477
2020-11-01 14:00:00.000,45.114166
2020-11-01 16:00:00.000,44.903187
2020-11-01 18:00:00.000,48.202953
2020-11-01 20:00:00.000,48.004402
2020-11-01 22:00:00.000,36.227448
2020-11-02 00:00:00.000,20.901669
2020-11-02 02:00:00.000,15.227943
2020-11-02 04:00:00.000,19.410267
2020-11-02 06:00:00.000,33.84149
2020-11-02 08:00:00.000,46.619675
2020-11-02 10:00:00.000,50.833305
2020-11-02 12:00:00.000,49.93896
2020-11-02 14:00:00.000,44.558342
2020-11-02 16:00:00.000,45.258312
2020-11-02 18:00:00.000,50.255978
2020-11-02 20:00:00.000,51.33955
2020-11-02 22:00:00.000,36.981876
2020-11-03 00:00:00.000,20.81361
2020-11-03 02:00:00.000,15.017213
2020-11-03 04:00:00.000,19.223515
2020-11-03 06:00:00.000,33.444168
2020-11-03 08:00:00.000,45.97052
2020-11-03 10:00:00.000,50.573154
2020-11-03 12:00:00.000,48.85428
2020-11-03 14:00:00.000,43.04409
2020-11-03 16:00:00.000,43.956486
2020-11-03 18:00:00.000,48.843285
2020-11-03 20:00:00.000,50.570183
2020-11-03 22:00:00.000,38.98137
2020-11-04 00:00:00.000,22.39763
2020-11-04 02:00:00.000,15.433035
2020-11-04 04:00:00.000,18.966705
2020-11-04 06:00:00.000,33.258133
2020-11-04 08:00:00.000,48.890232
2020-11-04 10:00:00.000,52.33477
2020-11-04 12:00:00.000,49.431538
2020-11-04 14:00:00.000,43.08696
2020-11-04 16:00:00.000,43.18288
2020-11-04 18:00:00.000,47.934605
2020-11-04 20:00:00.000,48.21547
2020-11-04 22:00:00.000,35.032818
2020-11-05 00:00:00.000,19.663595
2020-11-05 02:00:00.000,14.125499
2020-11-05 04:00:00.000,18.462927
2020-11-05 06:00:00.000,32.562767
2020-11-05 08:00:00.000,44.21066
2020-11-05 10:00:00.000,47.56478
2020-11-05 12:00:00.000,46.212982
2020-11-05 14:00:00.000,41.026867
2020-11-05 16:00:00.000,42.374847
2020-11-05 18:00:00.000,47.88556
2020-11-05 20:00:00.000,49.007114
2020-11-05 22:00:00.000,34.550224
2020-11-06 00:00:00.000,18.84769
2020-11-06 02:00:00.000,13.363627
2020-11-06 04:00:00.000,17.64213
2020-11-06 06:00:00.000,31.490015
2020-11-06 08:00:00.000,43.737953
2020-11-06 10:00:00.000,48.0002
2020-11-06 12:00:00.000,47.131012
2020-11-06 14:00:00.000,41.965046
2020-11-06 16:00:00.000,41.907997
2020-11-06 18:00:00.000,46.887848
2020-11-06 20:00:00.000,49.427166
2020-11-06 22:00:00.000,37.001026
2020-11-07 00:00:00.000,20.513231
2020-11-07 02:00:00.000,13.389588
2020-11-07 04:00:00.000,16.436357
2020-11-07 06:00:00.000,30.16858
2020-11-07 08:00:00.000,45.070175
2020-11-07 10:00:00.000,49.16487
2020-11-07 12:00:00.000,48.395508
2020-11-07 14:00:00.000,42.61342
2020-11-07 16:00:00.000,41.669136
2020-11-07 18:00:00.000,45.56719
2020-11-07 20:00:00.000,48.45381
2020-11-07 22:00:00.000,37.55313
2020-11-08 00:00:00.000,21.77075
2020-11-08 02:00:00.000,14.010724
2020-11-08 04:00:00.000,16.188038
2020-11-08 06:00:00.000,28.75828
2020-11-08 08:00:00.000,44.705795
2020-11-08 10:00:00.000,49.630634
2020-11-08 12:00:00.000,49.689137
2020-11-08 14:00:00.000,44.82334
2020-11-08 16:00:00.000,43.8844
2020-11-08 18:00:00.000,47.824303
2020-11-08 20:00:00.000,48.142185
2020-11-08 22:00:00.000,34.982746
2020-11-09 00:00:00.000,20.053059
2020-11-09 02:00:00.000,14.212768
2020-11-09 04:00:00.000,18.620983
2020-11-09 06:00:00.000,32.026134
2020-11-09 08:00:00.000,41.828964
2020-11-09 10:00:00.000,45.95281
2020-11-09 12:00:00.000,46.41683
2020-11-09 14:00:00.000,42.37628
2020-11-09 16:00:00.000,43.450603
2020-11-09 18:00:00.000,48.96133
2020-11-09 20:00:00.000,49.83578
2020-11-09 22:00:00.000,34.639164
2020-11-10 00:00:00.000,18.976553
2020-11-10 02:00:00.000,13.936123
2020-11-10 04:00:00.000,18.33496
2020-11-10 06:00:00.000,31.655428
2020-11-10 08:00:00.000,41.07442
2020-11-10 10:00:00.000,45.08559
2020-11-10 12:00:00.000,45.22248
2020-11-10 14:00:00.000,41.223362
2020-11-10 16:00:00.000,42.52983
2020-11-10 18:00:00.000,48.512466
2020-11-10 20:00:00.000,49.245335
2020-11-10 22:00:00.000,34.184483
2020-11-11 00:00:00.000,18.755663
2020-11-11 02:00:00.000,13.718059
2020-11-11 04:00:00.000,18.410555
2020-11-11 06:00:00.000,31.874184
2020-11-11 08:00:00.000,41.40743
2020-11-11 10:00:00.000,45.437195
2020-11-11 12:00:00.000,45.847176
2020-11-11 14:00:00.000,41.917847
2020-11-11 16:00:00.000,42.666107
2020-11-11 18:00:00.000,47.841618
2020-11-11 20:00:00.000,48.264503
2020-11-11 22:00:00.000,33.756077
2020-11-12 00:00:00.000,18.730253
2020-11-12 02:00:00.000,14.789533
2020-11-12 04:00:00.000,18.342659
2020-11-12 06:00:00.000,32.00908
2020-11-12 08:00:00.000,41.775036
2020-11-12 10:00:00.000,46.06633
2020-11-12 12:00:00.000,46.677933
2020-11-12 14:00:00.000,42.76657
2020-11-12 16:00:00.000,43.120285
2020-11-12 18:00:00.000,47.761692
2020-11-12 20:00:00.000,47.851704
2020-11-12 22:00:00.000,33.894653
2020-11-13 00:00:00.000,19.074202
2020-11-13 02:00:00.000,14.379811
2020-11-13 04:00:00.000,18.805363
2020-11-13 06:00:00.000,32.56147
2020-11-13 08:00:00.000,42.452587
2020-11-13 10:00:00.000,46.546974
2020-11-13 12:00:00.000,47.347847
2020-11-13 14:00:00.000,42.503498
2020-11-13 16:00:00.000,42.895912
2020-11-13 18:00:00.000,47.748444
2020-11-13 20:00:00.000,49.56682
2020-11-13 22:00:00.000,36.60085
2020-11-14 00:00:00.000,21.079227
2020-11-14 02:00:00.000,14.498472
2020-11-14 04:00:00.000,17.805513
2020-11-14 06:00:00.000,31.83245
2020-11-14 08:00:00.000,46.27259
2020-11-14 10:00:00.000,49.74065
2020-11-14 12:00:00.000,49.229122
2020-11-14 14:00:00.000,44.260475
2020-11-14 16:00:00.000,43.294205
2020-11-14 18:00:00.000,46.88542
2020-11-14 20:00:00.000,48.225777
2020-11-14 22:00:00.000,37.222847
2020-11-15 00:00:00.000,21.732782
2020-11-15 02:00:00.000,14.170244
2020-11-15 04:00:00.000,16.210016
2020-11-15 06:00:00.000,29.270906
2020-11-15 08:00:00.000,45.50641
2020-11-15 10:00:00.000,49.270542
2020-11-15 12:00:00.000,48.625313
2020-11-15 14:00:00.000,43.912262
2020-11-15 16:00:00.000,43.18913
2020-11-15 18:00:00.000,46.57805
2020-11-15 20:00:00.000,46.29043
2020-11-15 22:00:00.000,33.53521
2020-11-16 00:00:00.000,19.393412
2020-11-16 02:00:00.000,13.869884
2020-11-16 04:00:00.000,17.758577
2020-11-16 06:00:00.000,30.35845
2020-11-16 08:00:00.000,40.7754
2020-11-16 10:00:00.000,45.34905
2020-11-16 12:00:00.000,46.291367
2020-11-16 14:00:00.000,41.765865
2020-11-16 16:00:00.000,42.23974
2020-11-16 18:00:00.000,47.115486
2020-11-16 20:00:00.000,47.263615
2020-11-16 22:00:00.000,33.405876
2020-11-17 00:00:00.000,18.346292
2020-11-17 02:00:00.000,13.571021
2020-11-17 04:00:00.000,17.72073
2020-11-17 06:00:00.000,30.745953
2020-11-17 08:00:00.000,41.158665
2020-11-17 10:00:00.000,45.580967
2020-11-17 12:00:00.000,45.675507
2020-11-17 14:00:00.000,41.95771
2020-11-17 16:00:00.000,42.357197
2020-11-17 18:00:00.000,47.20884
2020-11-17 20:00:00.000,47.9005
2020-11-17 22:00:00.000,33.454395
2020-11-18 00:00:00.000,18.664597
2020-11-18 02:00:00.000,14.085313
2020-11-18 04:00:00.000,18.48998
2020-11-18 06:00:00.000,31.691374
2020-11-18 08:00:00.000,41.750618
2020-11-18 10:00:00.000,45.932213
2020-11-18 12:00:00.000,45.87849
2020-11-18 14:00:00.000,41.700268
2020-11-18 16:00:00.000,42.478664
2020-11-18 18:00:00.000,47.272236
2020-11-18 20:00:00.000,47.207905
2020-11-18 22:00:00.000,33.213486
2020-11-19 00:00:00.000,18.26938
2020-11-19 02:00:00.000,13.660154
2020-11-19 04:00:00.000,18.048967
2020-11-19 06:00:00.000,31.150175
2020-11-19 08:00:00.000,41.49463
2020-11-19 10:00:00.000,45.656506
2020-11-19 12:00:00.000,45.84734
2020-11-19 14:00:00.000,41.747925
2020-11-19 16:00:00.000,42.609455
2020-11-19 18:00:00.000,47.34168
2020-11-19 20:00:00.000,47.42044
2020-11-19 22:00:00.000,33.17706
2020-11-20 00:00:00.000,18.308699
2020-11-20 02:00:00.000,13.420969
2020-11-20 04:00:00.000,17.212536
2020-11-20 06:00:00.000,30.199493
2020-11-20 08:00:00.000,40.773197
2020-11-20 10:00:00.000,45.024864
2020-11-20 12:00:00.000,45.99958
2020-11-20 14:00:00.000,41.614216
2020-11-20 16:00:00.000,42.039604
2020-11-20 18:00:00.000,46.414654
2020-11-20 20:00:00.000,48.873524
2020-11-20 22:00:00.000,35.424114
2020-11-21 00:00:00.000,19.699383
2020-11-21 02:00:00.000,13.737155
2020-11-21 04:00:00.000,16.904419
2020-11-21 06:00:00.000,30.76769
2020-11-21 08:00:00.000,45.468605
2020-11-21 10:00:00.000,48.398563
2020-11-21 12:00:00.000,47.255394
2020-11-21 14:00:00.000,42.27721
2020-11-21 16:00:00.000,41.465904
2020-11-21 18:00:00.000,44.9897
2020-11-21 20:00:00.000,48.037636
2020-11-21 22:00:00.000,36.19614
2020-11-22 00:00:00.000,20.868837
2020-11-22 02:00:00.000,13.965142
2020-11-22 04:00:00.000,15.951429
2020-11-22 06:00:00.000,28.743513
2020-11-22 08:00:00.000,45.52232
2020-11-22 10:00:00.000,50.05398
2020-11-22 12:00:00.000,48.71125
2020-11-22 14:00:00.000,43.93056
2020-11-22 16:00:00.000,42.512966
2020-11-22 18:00:00.000,46.212112
2020-11-22 20:00:00.000,46.01435
2020-11-22 22:00:00.000,33.689285
2020-11-23 00:00:00.000,19.446835
2020-11-23 02:00:00.000,13.772276
2020-11-23 04:00:00.000,17.36375
2020-11-23 06:00:00.000,29.471615
2020-11-23 08:00:00.000,39.926067
2020-11-23 10:00:00.000,45.184845
2020-11-23 12:00:00.000,45.934063
2020-11-23 14:00:00.000,42.473705
2020-11-23 16:00:00.000,42.464325
2020-11-23 18:00:00.000,47.15407
2020-11-23 20:00:00.000,47.43559
2020-11-23 22:00:00.000,33.078743
2020-11-24 00:00:00.000,18.293314
2020-11-24 02:00:00.000,13.33619
2020-11-24 04:00:00.000,17.202795
2020-11-24 06:00:00.000,29.959547
2020-11-24 08:00:00.000,40.36916
2020-11-24 10:00:00.000,45.394882
2020-11-24 12:00:00.000,46.060226
2020-11-24 14:00:00.000,42.083786
2020-11-24 16:00:00.000,42.55325
2020-11-24 18:00:00.000,47.05624
2020-11-24 20:00:00.000,47.275528
2020-11-24 22:00:00.000,33.323032
2020-11-25 00:00:00.000,18.280348
2020-11-25 02:00:00.000,13.589846
2020-11-25 04:00:00.000,17.785198
2020-11-25 06:00:00.000,30.240309
2020-11-25 08:00:00.000,39.57151
2020-11-25 10:00:00.000,44.04167
2020-11-25 12:00:00.000,44.856388
2020-11-25 14:00:00.000,41.58885
2020-11-25 16:00:00.000,41.8342
2020-11-25 18:00:00.000,46.486195
2020-11-25 20:00:00.000,46.585255
2020-11-25 22:00:00.000,32.462803
2020-11-26 00:00:00.000,18.1669
2020-11-26 02:00:00.000,13.563221
2020-11-26 04:00:00.000,17.56461
2020-11-26 06:00:00.000,29.571962
2020-11-26 08:00:00.000,38.88213
2020-11-26 10:00:00.000,43.61165
2020-11-26 12:00:00.000,44.626945
2020-11-26 14:00:00.000,41.365864
2020-11-26 16:00:00.000,41.357464
2020-11-26 18:00:00.000,45.95892
2020-11-26 20:00:00.000,45.369198
2020-11-26 22:00:00.000,32.704166
2020-11-27 00:00:00.000,18.530035
2020-11-27 02:00:00.000,13.932848
2020-11-27 04:00:00.000,18.277729
2020-11-27 06:00:00.000,30.19278
2020-11-27 08:00:00.000,39.63893
2020-11-27 10:00:00.000,44.196022
2020-11-27 12:00:00.000,45.244545
2020-11-27 14:00:00.000,41.37914
2020-11-27 16:00:00.000,41.556904
2020-11-27 18:00:00.000,46.203987
2020-11-27 20:00:00.000,48.017014
2020-11-27 22:00:00.000,35.179447
2020-11-28 00:00:00.000,19.940247
2020-11-28 02:00:00.000,14.010608
2020-11-28 04:00:00.000,17.638165
2020-11-28 06:00:00.000,31.036488
2020-11-28 08:00:00.000,45.32498
2020-11-28 10:00:00.000,48.28871
2020-11-28 12:00:00.000,47.27968
2020-11-28 14:00:00.000,42.43622
2020-11-28 16:00:00.000,41.635857
2020-11-28 18:00:00.000,44.52176
2020-11-28 20:00:00.000,46.996418
2020-11-28 22:00:00.000,37.064484
2020-11-29 00:00:00.000,21.617039
2020-11-29 02:00:00.000,14.282063
2020-11-29 04:00:00.000,16.85886
2020-11-29 06:00:00.000,29.374979
2020-11-29 08:00:00.000,44.998943
2020-11-29 10:00:00.000,49.03332
2020-11-29 12:00:00.000,48.258987
2020-11-29 14:00:00.000,43.908264
2020-11-29 16:00:00.000,43.075752
2020-11-29 18:00:00.000,46.190044
2020-11-29 20:00:00.000,45.73927
2020-11-29 22:00:00.000,33.695255
2020-11-30 00:00:00.000,19.647257
2020-12-01 02:00:00.000,13.359633
2020-12-01 04:00:00.000,17.384981
2020-12-01 06:00:00.000,29.743961
2020-12-01 08:00:00.000,39.94289
2020-12-01 10:00:00.000,44.745506
2020-12-01 12:00:00.000,45.34002
2020-12-01 14:00:00.000,42.384125
2020-12-01 16:00:00.000,42.824062
2020-12-01 18:00:00.000,47.3141
2020-12-01 20:00:00.000,47.726162
2020-12-01 22:00:00.000,33.611958
2020-12-02 00:00:00.000,19.207958
2020-12-02 02:00:00.000,13.90502
2020-12-02 04:00:00.000,18.196104
2020-12-02 06:00:00.000,30.526272
2020-12-02 08:00:00.000,40.170498
2020-12-02 10:00:00.000,44.13922
2020-12-02 12:00:00.000,44.527493
2020-12-02 14:00:00.000,40.801224
2020-12-02 16:00:00.000,41.602028
2020-12-02 18:00:00.000,47.468723
2020-12-02 20:00:00.000,47.723145
2020-12-02 22:00:00.000,33.53292
2020-12-03 00:00:00.000,18.920218
2020-12-03 02:00:00.000,14.073781
2020-12-03 04:00:00.000,17.883125
2020-12-03 06:00:00.000,30.087257
2020-12-03 08:00:00.000,40.506096
2020-12-03 10:00:00.000,45.29905
2020-12-03 12:00:00.000,45.698097
2020-12-03 14:00:00.000,42.045895
2020-12-03 16:00:00.000,42.513294
2020-12-03 18:00:00.000,46.89872
2020-12-03 20:00:00.000,47.616993
2020-12-03 22:00:00.000,33.517696
2020-12-04 00:00:00.000,18.802078
2020-12-04 02:00:00.000,14.004244
2020-12-04 04:00:00.000,18.291044
2020-12-04 06:00:00.000,30.74993
2020-12-04 08:00:00.000,41.243153
2020-12-04 10:00:00.000,45.985886
2020-12-04 12:00:00.000,46.526127
2020-12-04 14:00:00.000,42.038765
2020-12-04 16:00:00.000,42.45778
2020-12-04 18:00:00.000,46.423065
2020-12-04 20:00:00.000,48.329098
2020-12-04 22:00:00.000,35.600643
2020-12-05 00:00:00.000,20.119009
2020-12-05 02:00:00.000,13.931091
2020-12-05 04:00:00.000,17.074848
2020-12-05 06:00:00.000,30.402256
2020-12-05 08:00:00.000,45.994164
2020-12-05 10:00:00.000,49.02774
2020-12-05 12:00:00.000,47.58548
2020-12-05 14:00:00.000,42.675354
2020-12-05 16:00:00.000,41.71522
2020-12-05 18:00:00.000,45.45322
2020-12-05 20:00:00.000,47.751347
2020-12-05 22:00:00.000,36.670666
2020-12-06 00:00:00.000,21.52315
2020-12-06 02:00:00.000,14.152316
2020-12-06 04:00:00.000,16.009697
2020-12-06 06:00:00.000,28.407307
2020-12-06 08:00:00.000,45.382446
2020-12-06 10:00:00.000,49.95344
2020-12-06 12:00:00.000,48.83278
2020-12-06 14:00:00.000,44.110157
2020-12-06 16:00:00.000,43.308994
2020-12-06 18:00:00.000,46.36402
2020-12-06 20:00:00.000,45.846195
2020-12-06 22:00:00.000,33.19903
2020-12-07 00:00:00.000,19.508108
2020-12-07 02:00:00.000,14.297837
2020-12-07 04:00:00.000,17.672245
2020-12-07 06:00:00.000,29.202452
2020-12-07 08:00:00.000,39.808414
2020-12-07 10:00:00.000,44.07045
2020-12-07 12:00:00.000,44.553013
2020-12-07 14:00:00.000,41.507088
2020-12-07 16:00:00.000,42.024895
2020-12-07 18:00:00.000,46.066105
2020-12-07 20:00:00.000,46.380844
2020-12-07 22:00:00.000,32.34526
2020-12-08 00:00:00.000,18.647268
2020-12-08 02:00:00.000,13.845475
2020-12-08 04:00:00.000,17.657923
2020-12-08 06:00:00.000,29.562344
2020-12-08 08:00:00.000,40.137074
2020-12-08 10:00:00.000,44.491737
2020-12-08 12:00:00.000,44.9819
2020-12-08 14:00:00.000,41.882248
2020-12-08 16:00:00.000,42.302864
2020-12-08 18:00:00.000,46.94911
2020-12-08 20:00:00.000,46.731113
2020-12-08 22:00:00.000,33.23078
2020-12-09 00:00:00.000,19.361994
2020-12-09 02:00:00.000,14.1760645
2020-12-09 04:00:00.000,17.878727
2020-12-09 06:00:00.000,30.758272
2020-12-09 08:00:00.000,41.216682
2020-12-09 10:00:00.000,45.431744
2020-12-09 12:00:00.000,46.038456
2020-12-09 14:00:00.000,42.531162
2020-12-09 16:00:00.000,42.683044
2020-12-09 18:00:00.000,46.750324
2020-12-09 20:00:00.000,46.82969
2020-12-09 22:00:00.000,32.574406
2020-12-10 00:00:00.000,18.714457
2020-12-10 02:00:00.000,13.934874
2020-12-10 04:00:00.000,17.81672
2020-12-10 06:00:00.000,30.409344
2020-12-10 08:00:00.000,40.90312
2020-12-10 10:00:00.000,45.034206
2020-12-10 12:00:00.000,45.252098
2020-12-10 14:00:00.000,41.842384
2020-12-10 16:00:00.000,42.31794
2020-12-10 18:00:00.000,46.601536
2020-12-10 20:00:00.000,46.788883
2020-12-10 22:00:00.000,31.792866
2020-12-11 00:00:00.000,17.803055
2020-12-11 02:00:00.000,12.974038
2020-12-11 04:00:00.000,16.830341
2020-12-11 06:00:00.000,29.54571
2020-12-11 08:00:00.000,40.21537
2020-12-11 10:00:00.000,44.70811
2020-12-11 12:00:00.000,45.4272
2020-12-11 14:00:00.000,41.833424
2020-12-11 16:00:00.000,42.17877
2020-12-11 18:00:00.000,46.721756
2020-12-11 20:00:00.000,48.757114
2020-12-11 22:00:00.000,35.201393
2020-12-12 00:00:00.000,19.8557
2020-12-12 02:00:00.000,13.668071
2020-12-12 04:00:00.000,16.888988
2020-12-12 06:00:00.000,30.337364
2020-12-12 08:00:00.000,46.37267
2020-12-12 10:00:00.000,49.57044
2020-12-12 12:00:00.000,47.565193
2020-12-12 14:00:00.000,42.896744
2020-12-12 16:00:00.000,41.69664
2020-12-12 18:00:00.000,45.204224
2020-12-12 20:00:00.000,47.48885
2020-12-12 22:00:00.000,35.652256
2020-12-13 00:00:00.000,20.34191
2020-12-13 02:00:00.000,13.4432125
2020-12-13 04:00:00.000,15.466145
2020-12-13 06:00:00.000,27.833275
2020-12-13 08:00:00.000,45.6947
2020-12-13 10:00:00.000,49.875122
2020-12-13 12:00:00.000,48.057816
2020-12-13 14:00:00.000,43.518368
2020-12-13 16:00:00.000,43.008987
2020-12-13 18:00:00.000,46.184143
2020-12-13 20:00:00.000,45.6664
2020-12-13 22:00:00.000,32.695606
2020-12-14 00:00:00.000,18.887094
2020-12-14 02:00:00.000,13.894271
2020-12-14 04:00:00.000,17.30821
2020-12-14 06:00:00.000,29.607246
2020-12-14 08:00:00.000,40.544044
2020-12-14 10:00:00.000,44.887173
2020-12-14 12:00:00.000,46.18553
2020-12-14 14:00:00.000,43.70819
2020-12-14 16:00:00.000,42.62771
2020-12-14 18:00:00.000,47.19751
2020-12-14 20:00:00.000,47.578625
2020-12-14 22:00:00.000,33.22124
2020-12-15 00:00:00.000,18.822664
2020-12-15 02:00:00.000,13.937837
2020-12-15 04:00:00.000,17.587984
2020-12-15 06:00:00.000,29.926165
2020-12-15 08:00:00.000,40.739613
2020-12-15 10:00:00.000,45.287106
2020-12-15 12:00:00.000,45.475822
2020-12-15 14:00:00.000,42.06924
2020-12-15 16:00:00.000,42.502827
2020-12-15 18:00:00.000,47.007107
2020-12-15 20:00:00.000,47.326397
2020-12-15 22:00:00.000,33.064693
2020-12-16 00:00:00.000,18.280537
2020-12-16 02:00:00.000,13.408715
2020-12-16 04:00:00.000,17.269016
2020-12-16 06:00:00.000,29.342783
2020-12-16 08:00:00.000,39.573215
2020-12-16 10:00:00.000,43.626507
2020-12-16 12:00:00.000,44.622726
2020-12-16 14:00:00.000,41.54489
2020-12-16 16:00:00.000,42.18301
2020-12-16 18:00:00.000,46.55513
2020-12-16 20:00:00.000,46.97151
2020-12-16 22:00:00.000,33.167656
2020-12-17 00:00:00.000,18.761631
2020-12-17 02:00:00.000,13.719251
2020-12-17 04:00:00.000,17.347979
2020-12-17 06:00:00.000,29.937683
2020-12-17 08:00:00.000,39.95307
2020-12-17 10:00:00.000,45.283722
2020-12-17 12:00:00.000,47.090126
2020-12-17 14:00:00.000,43.270405
2020-12-17 16:00:00.000,43.334892
2020-12-17 18:00:00.000,48.551785
2020-12-17 20:00:00.000,49.41404
2020-12-17 22:00:00.000,34.995495
2020-12-18 00:00:00.000,20.352573
2020-12-18 02:00:00.000,15.232004
2020-12-18 04:00:00.000,18.273188
2020-12-18 06:00:00.000,30.201092
2020-12-18 08:00:00.000,40.733097
2020-12-18 10:00:00.000,45.602875
2020-12-18 12:00:00.000,46.440197
2020-12-18 14:00:00.000,42.777733
2020-12-18 16:00:00.000,43.515186
2020-12-18 18:00:00.000,48.57322
2020-12-18 20:00:00.000,52.03943
2020-12-18 22:00:00.000,38.283386
2020-12-19 00:00:00.000,22.205887
2020-12-19 02:00:00.000,16.137775
2020-12-19 04:00:00.000,18.239044
2020-12-19 06:00:00.000,31.263407
2020-12-19 08:00:00.000,47.45196
2020-12-19 10:00:00.000,51.335835
2020-12-19 12:00:00.000,49.7464
2020-12-19 14:00:00.000,44.151466
2020-12-19 16:00:00.000,42.472427
2020-12-19 18:00:00.000,45.958454
2020-12-19 20:00:00.000,49.021523
2020-12-19 22:00:00.000,38.296715
2020-12-20 00:00:00.000,22.348412
2020-12-20 02:00:00.000,14.472308
2020-12-20 04:00:00.000,16.118843
2020-12-20 06:00:00.000,28.558073
2020-12-20 08:00:00.000,46.475758
2020-12-20 10:00:00.000,51.167038
2020-12-20 12:00:00.000,49.91786
2020-12-20 14:00:00.000,45.039417
2020-12-20 16:00:00.000,43.658695
2020-12-20 18:00:00.000,47.147266
2020-12-20 20:00:00.000,47.374874
2020-12-20 22:00:00.000,34.41214
2020-12-21 00:00:00.000,20.023178
2020-12-21 02:00:00.000,13.9316025
2020-12-21 04:00:00.000,17.1581
2020-12-21 06:00:00.000,29.418154
2020-12-21 08:00:00.000,40.041294
2020-12-21 10:00:00.000,43.994884
2020-12-21 12:00:00.000,45.011005
2020-12-21 14:00:00.000,41.51696
2020-12-21 16:00:00.000,41.98589
2020-12-21 18:00:00.000,47.40042
2020-12-21 20:00:00.000,48.7122
2020-12-21 22:00:00.000,34.41012
2020-12-22 00:00:00.000,19.25495
2020-12-22 02:00:00.000,13.713558
2020-12-22 04:00:00.000,17.113453
2020-12-22 06:00:00.000,29.238935
2020-12-22 08:00:00.000,40.07609
2020-12-22 10:00:00.000,44.005894
2020-12-22 12:00:00.000,45.180576
2020-12-22 14:00:00.000,42.461903
2020-12-22 16:00:00.000,42.83451
2020-12-22 18:00:00.000,48.59601
2020-12-22 20:00:00.000,49.933067
2020-12-22 22:00:00.000,35.56498
2020-12-23 00:00:00.000,20.081842
2020-12-23 02:00:00.000,14.694312
2020-12-23 04:00:00.000,18.133284
2020-12-23 06:00:00.000,29.884613
2020-12-23 08:00:00.000,40.24611
2020-12-23 10:00:00.000,43.876312
2020-12-23 12:00:00.000,45.05395
2020-12-23 14:00:00.000,42.101765
2020-12-23 16:00:00.000,42.33432
2020-12-23 18:00:00.000,47.588135
2020-12-23 20:00:00.000,49.199226
2020-12-23 22:00:00.000,34.701435
2020-12-24 00:00:00.000,19.227436
2020-12-24 02:00:00.000,13.821054
2020-12-24 04:00:00.000,17.30527
2020-12-24 06:00:00.000,28.977121
2020-12-24 08:00:00.000,39.695007
2020-12-24 10:00:00.000,43.544426
2020-12-24 12:00:00.000,44.894096
2020-12-24 14:00:00.000,41.98662
2020-12-24 16:00:00.000,42.030804
2020-12-24 18:00:00.000,47.92364
2020-12-24 20:00:00.000,50.35166
2020-12-24 22:00:00.000,35.892834
2020-12-25 00:00:00.000,20.011477
2020-12-25 02:00:00.000,14.385031
2020-12-25 04:00:00.000,18.025372
2020-12-25 06:00:00.000,29.449722
2020-12-25 08:00:00.000,39.94012
2020-12-25 10:00:00.000,44.796684
2020-12-25 12:00:00.000,47.095413
2020-12-25 14:00:00.000,44.521584
2020-12-25 16:00:00.000,44.590126
2020-12-25 18:00:00.000,49.356113
2020-12-25 20:00:00.000,52.302288
2020-12-25 22:00:00.000,39.170982
2020-12-26 00:00:00.000,21.981018
2020-12-26 02:00:00.000,14.965539
2020-12-26 04:00:00.000,18.054884
2020-12-26 06:00:00.000,31.567743
2020-12-26 08:00:00.000,47.905838
2020-12-26 10:00:00.000,51.02463
2020-12-26 12:00:00.000,49.760372
2020-12-26 14:00:00.000,44.707413
2020-12-26 16:00:00.000,42.910957
2020-12-26 18:00:00.000,46.564598
2020-12-26 20:00:00.000,49.68945
2020-12-26 22:00:00.000,39.026165
2020-12-27 00:00:00.000,22.609425
2020-12-27 02:00:00.000,14.4136305
2020-12-27 04:00:00.000,16.051659
2020-12-27 06:00:00.000,28.484777
2020-12-27 08:00:00.000,46.36809
2020-12-27 10:00:00.000,50.79984
2020-12-27 12:00:00.000,49.299942
2020-12-27 14:00:00.000,44.759117
2020-12-27 16:00:00.000,43.3244
2020-12-27 18:00:00.000,47.07752
2020-12-27 20:00:00.000,48.675274
2020-12-27 22:00:00.000,36.306786
2020-12-28 00:00:00.000,20.56519
2020-12-28 02:00:00.000,14.241115
2020-12-28 04:00:00.000,17.680666
2020-12-28 06:00:00.000,30.329212
2020-12-28 08:00:00.000,44.222935
2020-12-28 10:00:00.000,48.68188
2020-12-28 12:00:00.000,47.288994
2020-12-28 14:00:00.000,43.048462
2020-12-28 16:00:00.000,42.346706
2020-12-28 18:00:00.000,46.878407
2020-12-28 20:00:00.000,49.601894
2020-12-28 22:00:00.000,36.835854
2020-12-29 00:00:00.000,20.228659
2020-12-29 02:00:00.000,13.97185
2020-12-29 04:00:00.000,17.125292
2020-12-29 06:00:00.000,29.335188
2020-12-29 08:00:00.000,43.925533
2020-12-29 10:00:00.000,48.536175
2020-12-29 12:00:00.000,47.389545
2020-12-29 14:00:00.000,42.702484
2020-12-29 16:00:00.000,41.96969
2020-12-29 18:00:00.000,47.430687
2020-12-29 20:00:00.000,51.156494
2020-12-29 22:00:00.000,38.6173
2020-12-30 00:00:00.000,22.567204
2020-12-30 02:00:00.000,15.6945305
2020-12-30 04:00:00.000,18.701199
2020-12-30 06:00:00.000,30.743786
2020-12-30 08:00:00.000,45.793713
2020-12-30 10:00:00.000,49.727825
2020-12-30 12:00:00.000,48.198685
2020-12-30 14:00:00.000,43.361855
2020-12-30 16:00:00.000,41.70676
2020-12-30 18:00:00.000,46.027157
2020-12-30 20:00:00.000,49.70312
2020-12-30 22:00:00.000,39.52337
2020-12-31 00:00:00.000,23.12085
2021-01-01 02:00:00.000,16.401075
2021-01-01 04:00:00.000,13.497554
2021-01-01 06:00:00.000,19.277418
2021-01-01 08:00:00.000,33.32845
2021-01-01 10:00:00.000,43.042732
2021-01-01 12:00:00.000,45.217728
2021-01-01 14:00:00.000,41.240353
2021-01-01 16:00:00.000,39.832596
2021-01-01 18:00:00.000,43.05071
2021-01-01 20:00:00.000,45.941036
2021-01-01 22:00:00.000,38.695168
2021-01-02 00:00:00.000,23.860212
2021-01-02 02:00:00.000,14.839242
2021-01-02 04:00:00.000,14.653697
2021-01-02 06:00:00.000,23.507746
2021-01-02 08:00:00.000,39.61074
2021-01-02 10:00:00.000,46.77226
2021-01-02 12:00:00.000,46.427425
2021-01-02 14:00:00.000,41.811085
2021-01-02 16:00:00.000,39.866554
2021-01-02 18:00:00.000,43.468285
2021-01-02 20:00:00.000,47.833447
2021-01-02 22:00:00.000,40.16596
2021-01-03 00:00:00.000,24.637102
2021-01-03 02:00:00.000,14.828934
2021-01-03 04:00:00.000,14.320292
2021-01-03 06:00:00.000,23.044226
2021-01-03 08:00:00.000,38.724533
2021-01-03 10:00:00.000,46.32851
2021-01-03 12:00:00.000,46.094788
2021-01-03 14:00:00.000,42.116707
2021-01-03 16:00:00.000,40.395676
2021-01-03 18:00:00.000,43.92017
2021-01-03 20:00:00.000,47.073925
2021-01-03 22:00:00.000,38.984875
2021-01-04 00:00:00.000,23.969122
2021-01-04 02:00:00.000,15.239637
2021-01-04 04:00:00.000,15.375477
2021-01-04 06:00:00.000,24.638557
2021-01-04 08:00:00.000,40.36297
2021-01-04 10:00:00.000,47.90531
2021-01-04 12:00:00.000,46.85457
2021-01-04 14:00:00.000,41.91418
2021-01-04 16:00:00.000,40.347904
2021-01-04 18:00:00.000,44.335598
2021-01-04 20:00:00.000,48.71575
2021-01-04 22:00:00.000,40.11215
2021-01-05 00:00:00.000,24.583145
2021-01-05 02:00:00.000,15.548586
2021-01-05 04:00:00.000,15.279876
2021-01-05 06:00:00.000,24.676582
2021-01-05 08:00:00.000,40.56044
2021-01-05 10:00:00.000,47.78188
2021-01-05 12:00:00.000,46.523407
2021-01-05 14:00:00.000,41.397655
2021-01-05 16:00:00.000,40.167572
2021-01-05 18:00:00.000,44.648598
2021-01-05 20:00:00.000,49.142395
2021-01-05 22:00:00.000,39.95378
2021-01-06 00:00:00.000,24.302673
2021-01-06 02:00:00.000,15.149243
2021-01-06 04:00:00.000,15.122414
2021-01-06 06:00:00.000,24.74149
2021-01-06 08:00:00.000,40.750294
2021-01-06 10:00:00.000,47.548485
2021-01-06 12:00:00.000,46.085358
2021-01-06 14:00:00.000,40.690254
2021-01-06 16:00:00.000,39.18753
2021-01-06 18:00:00.000,43.195293
2021-01-06 20:00:00.000,47.755234
2021-01-06 22:00:00.000,39.255363
2021-01-07 00:00:00.000,24.371384
2021-01-07 02:00:00.000,15.049838
2021-01-07 04:00:00.000,14.542486
2021-01-07 06:00:00.000,23.96014
2021-01-07 08:00:00.000,40.10648
2021-01-07 10:00:00.000,47.16163
2021-01-07 12:00:00.000,45.90238
2021-01-07 14:00:00.000,40.599144
2021-01-07 16:00:00.000,39.413948
2021-01-07 18:00:00.000,43.71715
2021-01-07 20:00:00.000,48.378773
2021-01-07 22:00:00.000,40.186817
2021-01-08 00:00:00.000,24.769945
2021-01-08 02:00:00.000,15.363393
2021-01-08 04:00:00.000,15.507544
2021-01-08 06:00:00.000,24.944134
2021-01-08 08:00:00.000,40.609642
2021-01-08 10:00:00.000,47.702076
2021-01-08 12:00:00.000,46.66679
2021-01-08 14:00:00.000,41.271156
2021-01-08 16:00:00.000,40.228848
2021-01-08 18:00:00.000,43.879974
2021-01-08 20:00:00.000,48.620987
2021-01-08 22:00:00.000,40.386112
2021-01-09 00:00:00.000,25.014816
2021-01-09 02:00:00.000,15.092968
2021-01-09 04:00:00.000,14.725954
2021-01-09 06:00:00.000,23.723452
2021-01-09 08:00:00.000,39.176907
2021-01-09 10:00:00.000,46.37424
2021-01-09 12:00:00.000,46.65281
2021-01-09 14:00:00.000,41.930614
2021-01-09 16:00:00.000,41.119488
2021-01-09 18:00:00.000,44.608383
2021-01-09 20:00:00.000,48.61949
2021-01-09 22:00:00.000,39.801826
2021-01-10 00:00:00.000,24.278496
2021-01-10 02:00:00.000,14.438583
2021-01-10 04:00:00.000,14.11536
2021-01-10 06:00:00.000,23.123287
2021-01-10 08:00:00.000,39.72054
2021-01-10 10:00:00.000,47.631958
2021-01-10 12:00:00.000,47.89344
2021-01-10 14:00:00.000,43.44516
2021-01-10 16:00:00.000,41.676453
2021-01-10 18:00:00.000,44.48104
2021-01-10 20:00:00.000,45.511135
2021-01-10 22:00:00.000,34.963593
2021-01-11 00:00:00.000,20.478327
2021-01-11 02:00:00.000,13.740158
2021-01-11 04:00:00.000,15.641031
2021-01-11 06:00:00.000,25.27795
2021-01-11 08:00:00.000,35.262867
2021-01-11 10:00:00.000,40.893276
2021-01-11 12:00:00.000,42.819687
2021-01-11 14:00:00.000,40.164326
2021-01-11 16:00:00.000,40.23743
2021-01-11 18:00:00.000,44.64105
2021-01-11 20:00:00.000,46.522522
2021-01-11 22:00:00.000,34.25466
2021-01-12 00:00:00.000,19.83615
2021-01-12 02:00:00.000,13.421663
2021-01-12 04:00:00.000,15.516435
2021-01-12 06:00:00.000,26.465147
2021-01-12 08:00:00.000,36.810963
2021-01-12 10:00:00.000,41.69145
2021-01-12 12:00:00.000,43.318092
2021-01-12 14:00:00.000,40.759953
2021-01-12 16:00:00.000,40.27987
2021-01-12 18:00:00.000,44.982666
2021-01-12 20:00:00.000,46.875813
2021-01-12 22:00:00.000,33.925407
2021-01-13 00:00:00.000,19.682186
2021-01-13 02:00:00.000,13.50995
2021-01-13 04:00:00.000,16.212118
2021-01-13 06:00:00.000,27.604795
2021-01-13 08:00:00.000,38.254803
2021-01-13 10:00:00.000,43.05792
2021-01-13 12:00:00.000,43.818466
2021-01-13 14:00:00.000,40.3202
2021-01-13 16:00:00.000,40.24868
2021-01-13 18:00:00.000,44.896713
2021-01-13 20:00:00.000,47.037304
2021-01-13 22:00:00.000,34.72531
2021-01-14 00:00:00.000,20.138826
2021-01-14 02:00:00.000,13.790874
2021-01-14 04:00:00.000,16.360216
2021-01-14 06:00:00.000,27.786703
2021-01-14 08:00:00.000,37.80679
2021-01-14 10:00:00.000,42.111813
2021-01-14 12:00:00.000,43.413345
2021-01-14 14:00:00.000,40.04948
2021-01-14 16:00:00.000,40.13009
2021-01-14 18:00:00.000,45.10665
2021-01-14 20:00:00.000,46.18139
2021-01-14 22:00:00.000,33.25576
2021-01-15 00:00:00.000,19.09951
2021-01-15 02:00:00.000,13.406283
2021-01-15 04:00:00.000,16.280527
2021-01-15 06:00:00.000,27.155989
2021-01-15 08:00:00.000,36.975124
2021-01-15 10:00:00.000,41.530426
2021-01-15 12:00:00.000,43.43446
2021-01-15 14:00:00.000,40.30046
2021-01-15 16:00:00.000,40.11949
2021-01-15 18:00:00.000,45.216938
2021-01-15 20:00:00.000,48.492676
2021-01-15 22:00:00.000,36.593136
2021-01-16 00:00:00.000,20.913706
2021-01-16 02:00:00.000,13.95314
2021-01-16 04:00:00.000,15.808085
2021-01-16 06:00:00.000,27.326477
2021-01-16 08:00:00.000,43.048786
2021-01-16 10:00:00.000,47.583122
2021-01-16 12:00:00.000,47.344975
2021-01-16 14:00:00.000,42.10506
2021-01-16 16:00:00.000,40.162937
2021-01-16 18:00:00.000,43.854164
2021-01-16 20:00:00.000,47.880596
2021-01-16 22:00:00.000,37.71288
2021-01-17 00:00:00.000,21.597475
2021-01-17 02:00:00.000,13.780722
2021-01-17 04:00:00.000,14.423434
2021-01-17 06:00:00.000,25.454323
2021-01-17 08:00:00.000,43.054558
2021-01-17 10:00:00.000,48.84492
2021-01-17 12:00:00.000,48.218193
2021-01-17 14:00:00.000,44.129402
2021-01-17 16:00:00.000,42.87804
2021-01-17 18:00:00.000,51.692398
2021-01-17 20:00:00.000,50.16922
2021-01-17 22:00:00.000,33.11806
2021-01-18 00:00:00.000,19.006304
2021-01-18 02:00:00.000,13.378106
2021-01-18 04:00:00.000,16.48531
2021-01-18 06:00:00.000,28.105875
2021-01-18 08:00:00.000,38.63696
2021-01-18 10:00:00.000,43.284863
2021-01-18 12:00:00.000,44.937878
2021-01-18 14:00:00.000,42.663284
2021-01-18 16:00:00.000,42.674225
2021-01-18 18:00:00.000,45.84673
2021-01-18 20:00:00.000,46.292336
2021-01-18 22:00:00.000,33.10327
2021-01-19 00:00:00.000,18.678762
2021-01-19 02:00:00.000,13.399878
2021-01-19 04:00:00.000,16.486725
2021-01-19 06:00:00.000,28.067722
2021-01-19 08:00:00.000,37.999146
2021-01-19 10:00:00.000,41.505634
2021-01-19 12:00:00.000,42.757824
2021-01-19 14:00:00.000,40.36236
2021-01-19 16:00:00.000,39.73787
2021-01-19 18:00:00.000,44.430912
2021-01-19 20:00:00.000,45.80745
2021-01-19 22:00:00.000,32.28392
2021-01-20 00:00:00.000,18.21925
2021-01-20 02:00:00.000,13.322785
2021-01-20 04:00:00.000,16.707067
2021-01-20 06:00:00.000,28.56509
2021-01-20 08:00:00.000,38.217316
2021-01-20 10:00:00.000,42.044476
2021-01-20 12:00:00.000,43.03711
2021-01-20 14:00:00.000,40.592766
2021-01-20 16:00:00.000,40.205193
2021-01-20 18:00:00.000,43.66363
2021-01-20 20:00:00.000,45.83517
2021-01-20 22:00:00.000,32.706596
2021-01-21 00:00:00.000,18.760221
2021-01-21 02:00:00.000,13.771734
2021-01-21 04:00:00.000,17.33768
2021-01-21 06:00:00.000,29.235584
2021-01-21 08:00:00.000,38.555016
2021-01-21 10:00:00.000,42.413372
2021-01-21 12:00:00.000,43.451134
2021-01-21 14:00:00.000,40.9928
2021-01-21 16:00:00.000,40.36976
2021-01-21 18:00:00.000,44.855267
2021-01-21 20:00:00.000,46.331066
2021-01-21 22:00:00.000,32.54746
2021-01-22 00:00:00.000,18.02662
2021-01-22 02:00:00.000,13.313768
2021-01-22 04:00:00.000,16.835096
2021-01-22 06:00:00.000,28.980587
2021-01-22 08:00:00.000,38.398666
2021-01-22 10:00:00.000,41.975136
2021-01-22 12:00:00.000,43.636158
2021-01-22 14:00:00.000,40.86861
2021-01-22 16:00:00.000,40.54204
2021-01-22 18:00:00.000,45.193336
2021-01-22 20:00:00.000,48.21739
2021-01-22 22:00:00.000,35.85014
2021-01-23 00:00:00.000,20.356855
2021-01-23 02:00:00.000,14.066575
2021-01-23 04:00:00.000,16.51165
2021-01-23 06:00:00.000,30.29338
2021-01-23 08:00:00.000,48.75683
2021-01-23 10:00:00.000,54.551105
2021-01-23 12:00:00.000,57.174053
2021-01-23 14:00:00.000,50.21915
2021-01-23 16:00:00.000,45.44711
2021-01-23 18:00:00.000,47.62637
2021-01-23 20:00:00.000,49.039658
2021-01-23 22:00:00.000,38.393642
2021-01-24 00:00:00.000,22.464268
2021-01-24 02:00:00.000,14.688156
2021-01-24 04:00:00.000,16.066723
2021-01-24 06:00:00.000,28.636713
2021-01-24 08:00:00.000,47.12008
2021-01-24 10:00:00.000,50.778225
2021-01-24 12:00:00.000,49.106815
2021-01-24 14:00:00.000,44.11355
2021-01-24 16:00:00.000,41.87183
2021-01-24 18:00:00.000,45.342934
2021-01-24 20:00:00.000,46.52987
2021-01-24 22:00:00.000,33.327606
2021-01-25 00:00:00.000,18.904245
2021-01-25 02:00:00.000,13.40831
2021-01-25 04:00:00.000,17.482334
2021-01-25 06:00:00.000,29.956322
2021-01-25 08:00:00.000,39.243717
2021-01-25 10:00:00.000,42.907764
2021-01-25 12:00:00.000,43.91369
2021-01-25 14:00:00.000,41.049934
2021-01-25 16:00:00.000,40.474865
2021-01-25 18:00:00.000,44.835167
2021-01-25 20:00:00.000,46.18665
2021-01-25 22:00:00.000,32.738163
2021-01-26 00:00:00.000,18.21892
2021-01-26 02:00:00.000,13.250096
2021-01-26 04:00:00.000,17.227291
2021-01-26 06:00:00.000,29.05797
2021-01-26 08:00:00.000,38.015614
2021-01-26 10:00:00.000,41.559303
2021-01-26 12:00:00.000,42.908287
2021-01-26 14:00:00.000,40.627056
2021-01-26 16:00:00.000,40.52729
2021-01-26 18:00:00.000,45.498264
2021-01-26 20:00:00.000,46.815197
2021-01-26 22:00:00.000,32.765293
2021-01-27 00:00:00.000,18.264914
2021-01-27 02:00:00.000,13.860268
2021-01-27 04:00:00.000,17.857119
2021-01-27 06:00:00.000,29.570063
2021-01-27 08:00:00.000,38.28098
2021-01-27 10:00:00.000,41.919403
2021-01-27 12:00:00.000,42.987926
2021-01-27 14:00:00.000,40.438423
2021-01-27 16:00:00.000,40.378483
2021-01-27 18:00:00.000,45.383865
2021-01-27 20:00:00.000,47.07475
2021-01-27 22:00:00.000,33.486404
2021-01-28 00:00:00.000,19.152824
2021-01-28 02:00:00.000,14.274674
2021-01-28 04:00:00.000,17.563591
2021-01-28 06:00:00.000,29.60559
2021-01-28 08:00:00.000,38.347553
2021-01-28 10:00:00.000,41.729145
2021-01-28 12:00:00.000,43.263714
2021-01-28 14:00:00.000,41.016346
2021-01-28 16:00:00.000,40.45142
2021-01-28 18:00:00.000,44.970337
2021-01-28 20:00:00.000,46.096153
2021-01-28 22:00:00.000,32.640903
2021-01-29 00:00:00.000,18.333424
2021-01-29 02:00:00.000,13.561832
2021-01-29 04:00:00.000,17.575773
2021-01-29 06:00:00.000,29.615583
2021-01-29 08:00:00.000,39.166393
2021-01-29 10:00:00.000,42.482506
2021-01-29 12:00:00.000,43.91173
2021-01-29 14:00:00.000,40.856934
2021-01-29 16:00:00.000,40.243404
2021-01-29 18:00:00.000,44.786346
2021-01-29 20:00:00.000,47.96778
2021-01-29 22:00:00.000,35.283142
2021-01-30 00:00:00.000,19.785084
2021-01-30 02:00:00.000,13.686354
2021-01-30 04:00:00.000,16.450115
2021-01-30 06:00:00.000,30.071516
2021-01-30 08:00:00.000,45.76178
2021-01-30 10:00:00.000,48.562313
2021-01-30 12:00:00.000,47.297337
2021-01-30 14:00:00.000,42.258003
2021-01-30 16:00:00.000,40.03963
2021-01-30 18:00:00.000,43.14209
2021-01-30 20:00:00.000,46.78335
2021-01-30 22:00:00.000,36.792484
2021-01-31 00:00:00.000,21.252724
2021-02-01 02:00:00.000,13.76566
2021-02-01 04:00:00.000,17.50344
2021-02-01 06:00:00.000,29.094925
2021-02-01 08:00:00.000,38.28267
2021-02-01 10:00:00.000,42.02387
2021-02-01 12:00:00.000,43.037773
2021-02-01 14:00:00.000,40.628254
2021-02-01 16:00:00.000,40.06967
2021-02-01 18:00:00.000,44.742855
2021-02-01 20:00:00.000,46.10696
2021-02-01 22:00:00.000,31.939756
2021-02-02 00:00:00.000,17.5877
2021-02-02 02:00:00.000,13.100169
2021-02-02 04:00:00.000,17.181631
2021-02-02 06:00:00.000,29.565332
2021-02-02 08:00:00.000,39.51149
2021-02-02 10:00:00.000,44.434734
2021-02-02 12:00:00.000,45.14095
2021-02-02 14:00:00.000,41.944008
2021-02-02 16:00:00.000,42.434074
2021-02-02 18:00:00.000,48.23414
2021-02-02 20:00:00.000,48.892643
2021-02-02 22:00:00.000,34.530514
2021-02-03 00:00:00.000,17.798796
2021-02-03 02:00:00.000,12.917815
2021-02-03 04:00:00.000,16.811472
2021-02-03 06:00:00.000,29.449606
2021-02-03 08:00:00.000,38.790264
2021-02-03 10:00:00.000,41.557487
2021-02-03 12:00:00.000,42.712883
2021-02-03 14:00:00.000,40.239185
2021-02-03 16:00:00.000,39.93942
2021-02-03 18:00:00.000,44.7186
2021-02-03 20:00:00.000,46.545494
2021-02-03 22:00:00.000,32.016136
2021-02-04 00:00:00.000,17.854298
2021-02-04 02:00:00.000,13.011851
2021-02-04 04:00:00.000,17.005682
2021-02-04 06:00:00.000,29.335632
2021-02-04 08:00:00.000,38.375813
2021-02-04 10:00:00.000,41.287483
2021-02-04 12:00:00.000,42.666603
2021-02-04 14:00:00.000,40.965157
2021-02-04 16:00:00.000,40.399853
2021-02-04 18:00:00.000,44.98003
2021-02-04 20:00:00.000,45.932537
2021-02-04 22:00:00.000,31.872198
2021-02-05 00:00:00.000,17.533392
2021-02-05 02:00:00.000,12.76878
2021-02-05 04:00:00.000,16.763748
2021-02-05 06:00:00.000,29.397131
2021-02-05 08:00:00.000,39.215096
2021-02-05 10:00:00.000,42.41073
2021-02-05 12:00:00.000,43.981186
2021-02-05 14:00:00.000,41.043045
2021-02-05 16:00:00.000,40.25146
2021-02-05 18:00:00.000,44.360256
2021-02-05 20:00:00.000,47.357735
2021-02-05 22:00:00.000,34.245953
2021-02-06 00:00:00.000,18.901169
2021-02-06 02:00:00.000,13.185679
2021-02-06 04:00:00.000,16.281916
2021-02-06 06:00:00.000,30.289495
2021-02-06 08:00:00.000,45.75515
2021-02-06 10:00:00.000,48.235764
2021-02-06 12:00:00.000,47.5407
2021-02-06 14:00:00.000,42.977535
2021-02-06 16:00:00.000,40.564663
2021-02-06 18:00:00.000,43.44514
2021-02-06 20:00:00.000,47.14786
2021-02-06 22:00:00.000,36.606785
2021-02-07 00:00:00.000,21.15794
2021-02-07 02:00:00.000,14.252427
2021-02-07 04:00:00.000,16.047411
2021-02-07 06:00:00.000,29.196867
2021-02-07 08:00:00.000,46.68467
2021-02-07 10:00:00.000,50.418808
2021-02-07 12:00:00.000,49.241074
2021-02-07 14:00:00.000,45.091293
2021-02-07 16:00:00.000,41.604412
2021-02-07 18:00:00.000,44.345764
2021-02-07 20:00:00.000,45.84179
2021-02-07 22:00:00.000,32.904835
2021-02-08 00:00:00.000,18.64456
2021-02-08 02:00:00.000,12.218625
2021-02-08 04:00:00.000,15.675724
2021-02-08 06:00:00.000,29.408478
2021-02-08 08:00:00.000,39.989155
2021-02-08 10:00:00.000,43.45745
2021-02-08 12:00:00.000,44.333267
2021-02-08 14:00:00.000,41.623657
2021-02-08 16:00:00.000,40.39973
2021-02-08 18:00:00.000,44.26928
2021-02-08 20:00:00.000,45.043087
2021-02-08 22:00:00.000,30.794922
2021-02-09 00:00:00.000,16.910116
2021-02-09 02:00:00.000,12.325681
2021-02-09 04:00:00.000,16.54637
2021-02-09 06:00:00.000,30.804903
2021-02-09 08:00:00.000,41.273365
2021-02-09 10:00:00.000,44.08161
2021-02-09 12:00:00.000,44.897293
2021-02-09 14:00:00.000,41.832222
2021-02-09 16:00:00.000,40.617622
2021-02-09 18:00:00.000,44.616646
2021-02-09 20:00:00.000,45.634865
2021-02-09 22:00:00.000,31.25085
2021-02-10 00:00:00.000,17.226564
2021-02-10 02:00:00.000,12.621287
2021-02-10 04:00:00.000,16.901812
2021-02-10 06:00:00.000,31.086107
2021-02-10 08:00:00.000,41.702793
2021-02-10 10:00:00.000,44.499348
2021-02-10 12:00:00.000,45.16178
2021-02-10 14:00:00.000,41.307987
2021-02-10 16:00:00.000,39.81497
2021-02-10 18:00:00.000,43.99703
2021-02-10 20:00:00.000,45.49126
2021-02-10 22:00:00.000,32.205177
2021-02-11 00:00:00.000,18.314655
2021-02-11 02:00:00.000,13.485387
2021-02-11 04:00:00.000,17.780605
2021-02-11 06:00:00.000,31.330196
2021-02-11 08:00:00.000,40.60895
2021-02-11 10:00:00.000,43.896027
2021-02-11 12:00:00.000,45.106815
2021-02-11 14:00:00.000,41.6374
2021-02-11 16:00:00.000,40.28546
2021-02-11 18:00:00.000,44.67615
2021-02-11 20:00:00.000,46.112965
2021-02-11 22:00:00.000,32.911186
2021-02-12 00:00:00.000,19.717514
2021-02-12 02:00:00.000,14.878659
2021-02-12 04:00:00.000,19.539663
2021-02-12 06:00:00.000,32.91919
2021-02-12 08:00:00.000,42.049805
2021-02-12 10:00:00.000,45.1021
2021-02-12 12:00:00.000,45.766846
2021-02-12 14:00:00.000,42.661556
2021-02-12 16:00:00.000,40.847893
2021-02-12 18:00:00.000,44.92524
2021-02-12 20:00:00.000,47.474087
2021-02-12 22:00:00.000,34.3841
2021-02-13 00:00:00.000,19.358616
2021-02-13 02:00:00.000,13.569632
2021-02-13 04:00:00.000,16.898233
2021-02-13 06:00:00.000,31.420849
2021-02-13 08:00:00.000,46.522728
2021-02-13 10:00:00.000,49.025433
2021-02-13 12:00:00.000,48.88366
2021-02-13 14:00:00.000,43.785522
2021-02-13 16:00:00.000,40.55944
2021-02-13 18:00:00.000,43.218002
2021-02-13 20:00:00.000,46.398415
2021-02-13 22:00:00.000,35.549904
2021-02-14 00:00:00.000,20.65836
2021-02-14 02:00:00.000,13.777936
2021-02-14 04:00:00.000,15.891907
2021-02-14 06:00:00.000,29.463459
2021-02-14 08:00:00.000,46.41798
2021-02-14 10:00:00.000,50.010746
2021-02-14 12:00:00.000,49.431545
2021-02-14 14:00:00.000,45.070618
2021-02-14 16:00:00.000,41.52346
2021-02-14 18:00:00.000,43.77984
2021-02-14 20:00:00.000,44.89942
2021-02-14 22:00:00.000,32.507202
2021-02-15 00:00:00.000,18.532873
2021-02-15 02:00:00.000,13.3850765
2021-02-15 04:00:00.000,17.010813
2021-02-15 06:00:00.000,29.581161
2021-02-15 08:00:00.000,39.054306
2021-02-15 10:00:00.000,42.893085
2021-02-15 12:00:00.000,44.659492
2021-02-15 14:00:00.000,42.28697
2021-02-15 16:00:00.000,41.33046
2021-02-15 18:00:00.000,44.750546
2021-02-15 20:00:00.000,45.573895
2021-02-15 22:00:00.000,31.777075
2021-02-16 00:00:00.000,17.834518
2021-02-16 02:00:00.000,13.363297
2021-02-16 04:00:00.000,17.291851
2021-02-16 06:00:00.000,30.742224
2021-02-16 08:00:00.000,40.725986
2021-02-16 10:00:00.000,43.459248
2021-02-16 12:00:00.000,44.613426
2021-02-16 14:00:00.000,41.899456
2021-02-16 16:00:00.000,41.123344
2021-02-16 18:00:00.000,45.00039
2021-02-16 20:00:00.000,45.645424
2021-02-16 22:00:00.000,31.156603
2021-02-17 00:00:00.000,17.481918
2021-02-17 02:00:00.000,13.161153
2021-02-17 04:00:00.000,17.379333
2021-02-17 06:00:00.000,31.296099
2021-02-17 08:00:00.000,40.879745
2021-02-17 10:00:00.000,43.50392
2021-02-17 12:00:00.000,44.39573
2021-02-17 14:00:00.000,41.88881
2021-02-17 16:00:00.000,40.720932
2021-02-17 18:00:00.000,44.891235
2021-02-17 20:00:00.000,46.007103
2021-02-17 22:00:00.000,31.514387
2021-02-18 00:00:00.000,17.754824
2021-02-18 02:00:00.000,13.480193
2021-02-18 04:00:00.000,17.34063
2021-02-18 06:00:00.000,31.20694
2021-02-18 08:00:00.000,40.8258
2021-02-18 10:00:00.000,43.30664
2021-02-18 12:00:00.000,44.196186
2021-02-18 14:00:00.000,41.716995
2021-02-18 16:00:00.000,40.666897
2021-02-18 18:00:00.000,44.78696
2021-02-18 20:00:00.000,44.562336
2021-02-18 22:00:00.000,30.184486
2021-02-19 00:00:00.000,16.896902
2021-02-19 02:00:00.000,12.668322
2021-02-19 04:00:00.000,17.146252
2021-02-19 06:00:00.000,31.463888
2021-02-19 08:00:00.000,41.232563
2021-02-19 10:00:00.000,43.83925
2021-02-19 12:00:00.000,45.10803
2021-02-19 14:00:00.000,42.082073
2021-02-19 16:00:00.000,40.81127
2021-02-19 18:00:00.000,44.735962
2021-02-19 20:00:00.000,45.443386
2021-02-19 22:00:00.000,31.211706
2021-02-20 00:00:00.000,17.28264
2021-02-20 02:00:00.000,12.820453
2021-02-20 04:00:00.000,16.941683
2021-02-20 06:00:00.000,31.38792
2021-02-20 08:00:00.000,43.10379
2021-02-20 10:00:00.000,46.212112
2021-02-20 12:00:00.000,47.03934
2021-02-20 14:00:00.000,43.402237
2021-02-20 16:00:00.000,41.236507
2021-02-20 18:00:00.000,44.79466
2021-02-20 20:00:00.000,46.759304
2021-02-20 22:00:00.000,34.70951
2021-02-21 00:00:00.000,19.732996
2021-02-21 02:00:00.000,13.691962
2021-02-21 04:00:00.000,16.519873
2021-02-21 06:00:00.000,31.192392
2021-02-21 08:00:00.000,46.61071
2021-02-21 10:00:00.000,48.87049
2021-02-21 12:00:00.000,47.96431
2021-02-21 14:00:00.000,43.9304
2021-02-21 16:00:00.000,41.01995
2021-02-21 18:00:00.000,43.87944
2021-02-21 20:00:00.000,46.280827
2021-02-21 22:00:00.000,35.234283
2021-02-22 00:00:00.000,20.592995
2021-02-22 02:00:00.000,14.432293
2021-02-22 04:00:00.000,17.520721
2021-02-22 06:00:00.000,32.782036
2021-02-22 08:00:00.000,49.23496
2021-02-22 10:00:00.000,51.924778
2021-02-22 12:00:00.000,49.527687
2021-02-22 14:00:00.000,44.1407
2021-02-22 16:00:00.000,41.162567
2021-02-22 18:00:00.000,44.44132
2021-02-22 20:00:00.000,47.27433
2021-02-22 22:00:00.000,36.128258
2021-02-23 00:00:00.000,21.040182
2021-02-23 02:00:00.000,14.449014
2021-02-23 04:00:00.000,17.103693
2021-02-23 06:00:00.000,31.869669
2021-02-23 08:00:00.000,49.606796
2021-02-23 10:00:00.000,53.306873
2021-02-23 12:00:00.000,51.204548
2021-02-23 14:00:00.000,45.199455
2021-02-23 16:00:00.000,42.211212
2021-02-23 18:00:00.000,44.71727
2021-02-23 20:00:00.000,46.143436
2021-02-23 22:00:00.000,32.56855
2021-02-24 00:00:00.000,17.958408
2021-02-24 02:00:00.000,12.942126
2021-02-24 04:00:00.000,16.988853
2021-02-24 06:00:00.000,32.06414
2021-02-24 08:00:00.000,43.8835
2021-02-24 10:00:00.000,47.47
2021-02-24 12:00:00.000,47.697563
2021-02-24 14:00:00.000,43.99444
2021-02-24 16:00:00.000,42.399902
2021-02-24 18:00:00.000,45.93471
2021-02-24 20:00:00.000,46.35247
2021-02-24 22:00:00.000,31.751661
2021-02-25 00:00:00.000,17.654894
2021-02-25 02:00:00.000,12.972237
2021-02-25 04:00:00.000,17.124802
2021-02-25 06:00:00.000,31.281834
2021-02-25 08:00:00.000,41.177235
2021-02-25 10:00:00.000,44.44496
2021-02-25 12:00:00.000,45.442837
2021-02-25 14:00:00.000,42.282352
2021-02-25 16:00:00.000,41.10191
2021-02-25 18:00:00.000,45.239864
2021-02-25 20:00:00.000,46.57985
2021-02-25 22:00:00.000,32.423725
2021-02-26 00:00:00.000,17.360611
2021-02-26 02:00:00.000,12.8154955
2021-02-26 04:00:00.000,17.119534
2021-02-26 06:00:00.000,30.661335
2021-02-26 08:00:00.000,39.85148
2021-02-26 10:00:00.000,43.303898
2021-02-26 12:00:00.000,45.265186
2021-02-26 14:00:00.000,42.343716
2021-02-26 16:00:00.000,40.674057
2021-02-26 18:00:00.000,44.92291
2021-02-26 20:00:00.000,48.03358
2021-02-26 22:00:00.000,34.779827
2021-02-27 00:00:00.000,19.420626
2021-02-27 02:00:00.000,13.741074
2021-02-27 04:00:00.000,17.071272
2021-02-27 06:00:00.000,31.332588
2021-02-27 08:00:00.000,45.5941
2021-02-27 10:00:00.000,48.50154
2021-02-27 12:00:00.000,48.534935
2021-02-27 14:00:00.000,44.0098
2021-02-27 16:00:00.000,41.545464
2021-02-27 18:00:00.000,44.169205
2021-02-27 20:00:00.000,47.639565
2021-02-27 22:00:00.000,36.47924
2021-02-28 00:00:00.000,21.06076
2021-03-01 02:00:00.000,13.438876
2021-03-01 04:00:00.000,17.430204
2021-03-01 06:00:00.000,29.64841
2021-03-01 08:00:00.000,37.368515
2021-03-01 10:00:00.000,40.554607
2021-03-01 12:00:00.000,42.42081
2021-03-01 14:00:00.000,40.731403
2021-03-01 16:00:00.000,40.40812
2021-03-01 18:00:00.000,44.70737
2021-03-01 20:00:00.000,45.867855
2021-03-01 22:00:00.000,31.407768
2021-03-02 00:00:00.000,17.35995
2021-03-02 02:00:00.000,13.059981
2021-03-02 04:00:00.000,17.703314
2021-03-02 06:00:00.000,30.341684
2021-03-02 08:00:00.000,37.59303
2021-03-02 10:00:00.000,40.245903
2021-03-02 12:00:00.000,42.296703
2021-03-02 14:00:00.000,40.73933
2021-03-02 16:00:00.000,40.878883
2021-03-02 18:00:00.000,45.553688
2021-03-02 20:00:00.000,46.275364
2021-03-02 22:00:00.000,31.457993
2021-03-03 00:00:00.000,17.085619
2021-03-03 02:00:00.000,12.942209
2021-03-03 04:00:00.000,17.68095
2021-03-03 06:00:00.000,30.545103
2021-03-03 08:00:00.000,37.49883
2021-03-03 10:00:00.000,40.416683
2021-03-03 12:00:00.000,41.92872
2021-03-03 14:00:00.000,40.38389
2021-03-03 16:00:00.000,40.462063
2021-03-03 18:00:00.000,45.164356
2021-03-03 20:00:00.000,46.51187
2021-03-03 22:00:00.000,31.79836
2021-03-04 00:00:00.000,16.990017
2021-03-04 02:00:00.000,13.713193
2021-03-04 04:00:00.000,18.567993
2021-03-04 06:00:00.000,31.631403
2021-03-04 08:00:00.000,38.218136
2021-03-04 10:00:00.000,40.892258
2021-03-04 12:00:00.000,43.089542
2021-03-04 14:00:00.000,41.108677
2021-03-04 16:00:00.000,40.52354
2021-03-04 18:00:00.000,45.130905
2021-03-04 20:00:00.000,45.854633
2021-03-04 22:00:00.000,31.31371
2021-03-05 00:00:00.000,17.453508
2021-03-05 02:00:00.000,13.668211
2021-03-05 04:00:00.000,18.637304
2021-03-05 06:00:00.000,31.734425
2021-03-05 08:00:00.000,38.901566
2021-03-05 10:00:00.000,41.96653
2021-03-05 12:00:00.000,44.29536
2021-03-05 14:00:00.000,41.154938
2021-03-05 16:00:00.000,40.36545
2021-03-05 18:00:00.000,44.48444
2021-03-05 20:00:00.000,47.08584
2021-03-05 22:00:00.000,34.072697
2021-03-06 00:00:00.000,19.119307
2021-03-06 02:00:00.000,14.296929
2021-03-06 04:00:00.000,18.689716
2021-03-06 06:00:00.000,34.294296
2021-03-06 08:00:00.000,46.283897
2021-03-06 10:00:00.000,47.5495
2021-03-06 12:00:00.000,47.07399
2021-03-06 14:00:00.000,43.457333
2021-03-06 16:00:00.000,40.332287
2021-03-06 18:00:00.000,43.277832
2021-03-06 20:00:00.000,46.401917
2021-03-06 22:00:00.000,34.964684
2021-03-07 00:00:00.000,20.67586
2021-03-07 02:00:00.000,14.473446
2021-03-07 04:00:00.000,17.568909
2021-03-07 06:00:00.000,31.820505
2021-03-07 08:00:00.000,46.015484
2021-03-07 10:00:00.000,47.810844
2021-03-07 12:00:00.000,46.982204
2021-03-07 14:00:00.000,43.211422
2021-03-07 16:00:00.000,40.555508
2021-03-07 18:00:00.000,43.76506
2021-03-07 20:00:00.000,47.32126
2021-03-07 22:00:00.000,36.831875
2021-03-08 00:00:00.000,21.838032
2021-03-08 02:00:00.000,15.457139
2021-03-08 04:00:00.000,18.950727
2021-03-08 06:00:00.000,34.140648
2021-03-08 08:00:00.000,48.36808
2021-03-08 10:00:00.000,50.240383
2021-03-08 12:00:00.000,47.88852
2021-03-08 14:00:00.000,43.0071
2021-03-08 16:00:00.000,40.767723
2021-03-08 18:00:00.000,43.672623
2021-03-08 20:00:00.000,45.187214
2021-03-08 22:00:00.000,32.25247
2021-03-09 00:00:00.000,18.19246
2021-03-09 02:00:00.000,13.915074
2021-03-09 04:00:00.000,18.4067
2021-03-09 06:00:00.000,31.610498
2021-03-09 08:00:00.000,39.545727
2021-03-09 10:00:00.000,42.46689
2021-03-09 12:00:00.000,43.719986
2021-03-09 14:00:00.000,41.890774
2021-03-09 16:00:00.000,41.494526
2021-03-09 18:00:00.000,45.396877
2021-03-09 20:00:00.000,45.71059
2021-03-09 22:00:00.000,30.871042
2021-03-10 00:00:00.000,17.23795
2021-03-10 02:00:00.000,13.420924
2021-03-10 04:00:00.000,18.626278
2021-03-10 06:00:00.000,32.347633
2021-03-10 08:00:00.000,39.565376
2021-03-10 10:00:00.000,42.35553
2021-03-10 12:00:00.000,43.40598
2021-03-10 14:00:00.000,41.780586
2021-03-10 16:00:00.000,41.144592
2021-03-10 18:00:00.000,45.038406
2021-03-10 20:00:00.000,45.46762
2021-03-10 22:00:00.000,31.15187
2021-03-11 00:00:00.000,17.46518
2021-03-11 02:00:00.000,13.53038
2021-03-11 04:00:00.000,18.591076
2021-03-11 06:00:00.000,32.180733
2021-03-11 08:00:00.000,39.414116
2021-03-11 10:00:00.000,42.140667
2021-03-11 12:00:00.000,43.94169
2021-03-11 14:00:00.000,41.960045
2021-03-11 16:00:00.000,41.19218
2021-03-11 18:00:00.000,45.22908
2021-03-11 20:00:00.000,45.075577
2021-03-11 22:00:00.000,30.41761
2021-03-12 00:00:00.000,17.291754
2021-03-12 02:00:00.000,13.791526
2021-03-12 04:00:00.000,18.888912
2021-03-12 06:00:00.000,32.389435
2021-03-12 08:00:00.000,39.955135
2021-03-12 10:00:00.000,42.864998
2021-03-12 12:00:00.000,44.604504
2021-03-12 14:00:00.000,42.296776
2021-03-12 16:00:00.000,41.839836
2021-03-12 18:00:00.000,45.792465
2021-03-12 20:00:00.000,47.803646
2021-03-12 22:00:00.000,33.875214
2021-03-13 00:00:00.000,19.291355
2021-03-13 02:00:00.000,14.71025
2021-03-13 04:00:00.000,19.154518
2021-03-13 06:00:00.000,34.462482
2021-03-13 08:00:00.000,46.63706
2021-03-13 10:00:00.000,48.543785
2021-03-13 12:00:00.000,48.176014
2021-03-13 14:00:00.000,43.923504
2021-03-13 16:00:00.000,40.84158
2021-03-13 18:00:00.000,43.77676
2021-03-13 20:00:00.000,46.87635
2021-03-13 22:00:00.000,35.610424
2021-03-14 00:00:00.000,20.805935
2021-03-14 02:00:00.000,14.516956
2021-03-14 04:00:00.000,17.955538
2021-03-14 06:00:00.000,32.450043
2021-03-14 08:00:00.000,46.39838
2021-03-14 10:00:00.000,48.26387
2021-03-14 12:00:00.000,48.093388
2021-03-14 14:00:00.000,44.639275
2021-03-14 16:00:00.000,42.25513
2021-03-14 18:00:00.000,44.56611
2021-03-14 20:00:00.000,45.401436
2021-03-14 22:00:00.000,31.884052
2021-03-15 00:00:00.000,18.242981
2021-03-15 02:00:00.000,13.974357
2021-03-15 04:00:00.000,19.104616
2021-03-15 06:00:00.000,31.934439
2021-03-15 08:00:00.000,38.82927
2021-03-15 10:00:00.000,42.0492
2021-03-15 12:00:00.000,42.87813
2021-03-15 14:00:00.000,41.13067
2021-03-15 16:00:00.000,40.39816
2021-03-15 18:00:00.000,44.35576
2021-03-15 20:00:00.000,45.043198
2021-03-15 22:00:00.000,31.027607
2021-03-16 00:00:00.000,17.507687
2021-03-16 02:00:00.000,13.81802
2021-03-16 04:00:00.000,19.301765
2021-03-16 06:00:00.000,32.093517
2021-03-16 08:00:00.000,38.311337
2021-03-16 10:00:00.000,40.634678
2021-03-16 12:00:00.000,42.084118
2021-03-16 14:00:00.000,40.630188
2021-03-16 16:00:00.000,40.673183
2021-03-16 18:00:00.000,44.60934
2021-03-16 20:00:00.000,45.550594
2021-03-16 22:00:00.000,30.961617
2021-03-17 00:00:00.000,17.45492
2021-03-17 02:00:00.000,13.578507
2021-03-17 04:00:00.000,19.150919
2021-03-17 06:00:00.000,32.160477
2021-03-17 08:00:00.000,38.508545
2021-03-17 10:00:00.000,40.94673
2021-03-17 12:00:00.000,42.16249
2021-03-17 14:00:00.000,40.62671
2021-03-17 16:00:00.000,40.513973
2021-03-17 18:00:00.000,44.7623
2021-03-17 20:00:00.000,45.70767
2021-03-17 22:00:00.000,31.374664
2021-03-18 00:00:00.000,17.5634
2021-03-18 02:00:00.000,13.652784
2021-03-18 04:00:00.000,19.29081
2021-03-18 06:00:00.000,32.722622
2021-03-18 08:00:00.000,39.436264
2021-03-18 10:00:00.000,42.315666
2021-03-18 12:00:00.000,43.518665
2021-03-18 14:00:00.000,41.351837
2021-03-18 16:00:00.000,41.109936
2021-03-18 18:00:00.000,44.809875
2021-03-18 20:00:00.000,45.296894
2021-03-18 22:00:00.000,31.278473
2021-03-19 00:00:00.000,17.742924
2021-03-19 02:00:00.000,13.867209
2021-03-19 04:00:00.000,19.797607
2021-03-19 06:00:00.000,33.488094
2021-03-19 08:00:00.000,40.401398
2021-03-19 10:00:00.000,42.85504
2021-03-19 12:00:00.000,43.89612
2021-03-19 14:00:00.000,40.934605
2021-03-19 16:00:00.000,40.315235
2021-03-19 18:00:00.000,43.53608
2021-03-19 20:00:00.000,46.468025
2021-03-19 22:00:00.000,33.597885
2021-03-20 00:00:00.000,18.742882
2021-03-20 02:00:00.000,14.037698
2021-03-20 04:00:00.000,19.074507
2021-03-20 06:00:00.000,35.264957
2021-03-20 08:00:00.000,46.837936
2021-03-20 10:00:00.000,47.732727
2021-03-20 12:00:00.000,46.43975
2021-03-20 14:00:00.000,42.202084
2021-03-20 16:00:00.000,40.018173
2021-03-20 18:00:00.000,42.91981
2021-03-20 20:00:00.000,45.62532
2021-03-20 22:00:00.000,34.580956
2021-03-21 00:00:00.000,20.144665
2021-03-21 02:00:00.000,14.129935
2021-03-21 04:00:00.000,18.044607
2021-03-21 06:00:00.000,33.121758
2021-03-21 08:00:00.000,46.3419
2021-03-21 10:00:00.000,48.176582
2021-03-21 12:00:00.000,47.411003
2021-03-21 14:00:00.000,43.53244
2021-03-21 16:00:00.000,41.085526
2021-03-21 18:00:00.000,43.579983
2021-03-21 20:00:00.000,44.614
2021-03-21 22:00:00.000,32.10894
2021-03-22 00:00:00.000,18.801363
2021-03-22 02:00:00.000,14.575919
2021-03-22 04:00:00.000,20.35137
2021-03-22 06:00:00.000,34.706715
2021-03-22 08:00:00.000,43.572792
2021-03-22 10:00:00.000,45.71057
2021-03-22 12:00:00.000,45.03992
2021-03-22 14:00:00.000,41.549313
2021-03-22 16:00:00.000,40.86775
2021-03-22 18:00:00.000,44.85345
2021-03-22 20:00:00.000,45.9402
2021-03-22 22:00:00.000,32.295067
2021-03-23 00:00:00.000,17.936607
2021-03-23 02:00:00.000,14.036593
2021-03-23 04:00:00.000,20.209688
2021-03-23 06:00:00.000,35.010284
2021-03-23 08:00:00.000,43.93052
2021-03-23 10:00:00.000,46.291756
2021-03-23 12:00:00.000,45.018585
2021-03-23 14:00:00.000,41.43512
2021-03-23 16:00:00.000,41.03547
2021-03-23 18:00:00.000,45.568226
2021-03-23 20:00:00.000,46.98589
2021-03-23 22:00:00.000,32.29987
2021-03-24 00:00:00.000,18.29101
2021-03-24 02:00:00.000,14.243965
2021-03-24 04:00:00.000,20.273346
2021-03-24 06:00:00.000,34.958946
2021-03-24 08:00:00.000,43.959415
2021-03-24 10:00:00.000,45.781406
2021-03-24 12:00:00.000,44.44254
2021-03-24 14:00:00.000,40.740597
2021-03-24 16:00:00.000,40.46028
2021-03-24 18:00:00.000,44.96699
2021-03-24 20:00:00.000,46.216866
2021-03-24 22:00:00.000,32.1744
2021-03-25 00:00:00.000,18.174976
2021-03-25 02:00:00.000,14.349151
2021-03-25 04:00:00.000,20.281223
2021-03-25 06:00:00.000,34.95497
2021-03-25 08:00:00.000,43.81194
2021-03-25 10:00:00.000,45.393597
2021-03-25 12:00:00.000,44.042217
2021-03-25 14:00:00.000,40.385227
2021-03-25 16:00:00.000,39.651123
2021-03-25 18:00:00.000,44.216656
2021-03-25 20:00:00.000,45.502773
2021-03-25 22:00:00.000,31.644928
2021-03-26 00:00:00.000,17.419996
2021-03-26 02:00:00.000,13.561615
2021-03-26 04:00:00.000,19.5626
2021-03-26 06:00:00.000,33.84293
2021-03-26 08:00:00.000,42.955746
2021-03-26 10:00:00.000,45.14543
2021-03-26 12:00:00.000,44.068584
2021-03-26 14:00:00.000,40.048172
2021-03-26 16:00:00.000,39.44242
2021-03-26 18:00:00.000,43.60643
2021-03-26 20:00:00.000,46.32334
2021-03-26 22:00:00.000,33.734943
2021-03-27 00:00:00.000,19.318748
2021-03-27 02:00:00.000,14.211351
2021-03-27 04:00:00.000,19.10505
2021-03-27 06:00:00.000,33.97935
2021-03-27 08:00:00.000,45.31887
2021-03-27 10:00:00.000,46.100964
2021-03-27 12:00:00.000,44.62959
2021-03-27 14:00:00.000,40.43317
2021-03-27 16:00:00.000,38.010513
2021-03-27 18:00:00.000,42.365635
2021-03-27 20:00:00.000,45.545338
2021-03-27 22:00:00.000,34.267006
2021-03-28 00:00:00.000,19.76583
2021-03-28 02:00:00.000,13.927074
2021-03-28 04:00:00.000,18.04358
2021-03-28 06:00:00.000,32.429527
2021-03-28 08:00:00.000,45.08128
2021-03-28 10:00:00.000,47.16581
2021-03-28 12:00:00.000,46.5865
2021-03-28 14:00:00.000,42.6652
2021-03-28 16:00:00.000,40.693256
2021-03-28 18:00:00.000,43.881157
2021-03-28 20:00:00.000,44.571144
2021-03-28 22:00:00.000,31.965513
2021-03-29 00:00:00.000,18.165895
2021-03-29 02:00:00.000,13.835862
2021-03-29 04:00:00.000,19.40133
2021-03-29 06:00:00.000,32.095512
2021-03-29 08:00:00.000,39.163727
2021-03-29 10:00:00.000,41.951992
2021-03-29 12:00:00.000,42.279423
2021-03-29 14:00:00.000,40.46471
2021-03-29 16:00:00.000,40.26862
2021-03-29 18:00:00.000,45.63176
2021-03-29 20:00:00.000,46.308193
2021-03-29 22:00:00.000,31.649326
2021-03-30 00:00:00.000,17.491041
2021-03-30 02:00:00.000,13.516282
2021-03-30 04:00:00.000,19.44587
2021-03-30 06:00:00.000,32.519955
2021-03-30 08:00:00.000,39.62277
2021-03-30 10:00:00.000,42.008526
2021-03-30 12:00:00.000,42.58504
2021-03-30 14:00:00.000,41.467667
2021-03-30 16:00:00.000,41.417995
2021-03-30 18:00:00.000,46.932514
2021-03-30 20:00:00.000,47.24595
2021-03-30 22:00:00.000,32.006107
2021-03-31 00:00:00.000,17.609278
2021-04-01 02:00:00.000,13.730139
2021-04-01 04:00:00.000,19.34769
2021-04-01 06:00:00.000,31.915113
2021-04-01 08:00:00.000,37.871326
2021-04-01 10:00:00.000,40.230793
2021-04-01 12:00:00.000,41.847916
2021-04-01 14:00:00.000,40.803185
2021-04-01 16:00:00.000,40.3093
2021-04-01 18:00:00.000,44.45381
2021-04-01 20:00:00.000,45.723537
2021-04-01 22:00:00.000,31.832684
2021-04-02 00:00:00.000,17.260296
2021-04-02 02:00:00.000,13.605794
2021-04-02 04:00:00.000,19.258238
2021-04-02 06:00:00.000,31.580898
2021-04-02 08:00:00.000,37.790737
2021-04-02 10:00:00.000,40.25455
2021-04-02 12:00:00.000,42.103134
2021-04-02 14:00:00.000,40.777008
2021-04-02 16:00:00.000,39.654354
2021-04-02 18:00:00.000,44.254795
2021-04-02 20:00:00.000,47.397568
2021-04-02 22:00:00.000,34.85603
2021-04-03 00:00:00.000,20.121752
2021-04-03 02:00:00.000,14.980064
2021-04-03 04:00:00.000,19.857178
2021-04-03 06:00:00.000,34.608818
2021-04-03 08:00:00.000,44.564827
2021-04-03 10:00:00.000,45.67179
2021-04-03 12:00:00.000,45.65501
2021-04-03 14:00:00.000,42.274895
2021-04-03 16:00:00.000,39.476856
2021-04-03 18:00:00.000,43.14114
2021-04-03 20:00:00.000,46.933254
2021-04-03 22:00:00.000,35.421906
2021-04-04 00:00:00.000,20.740967
2021-04-04 02:00:00.000,14.865419
2021-04-04 04:00:00.000,18.619888
2021-04-04 06:00:00.000,33.319942
2021-04-04 08:00:00.000,44.823147
2021-04-04 10:00:00.000,46.514454
2021-04-04 12:00:00.000,46.79167
2021-04-04 14:00:00.000,43.37927
2021-04-04 16:00:00.000,41.0095
2021-04-04 18:00:00.000,44.153072
2021-04-04 20:00:00.000,46.229607
2021-04-04 22:00:00.000,33.066986
2021-04-05 00:00:00.000,18.973782
2021-04-05 02:00:00.000,14.245289
2021-04-05 04:00:00.000,19.380877
2021-04-05 06:00:00.000,32.06955
2021-04-05 08:00:00.000,37.821934
2021-04-05 10:00:00.000,39.5509
2021-04-05 12:00:00.000,40.95744
2021-04-05 14:00:00.000,39.650887
2021-04-05 16:00:00.000,39.45269
2021-04-05 18:00:00.000,43.693645
2021-04-05 20:00:00.000,45.72067
2021-04-05 22:00:00.000,31.372246
2021-04-06 00:00:00.000,17.643171
2021-04-06 02:00:00.000,13.702791
2021-04-06 04:00:00.000,19.031116
2021-04-06 06:00:00.000,32.28046
2021-04-06 08:00:00.000,37.815094
2021-04-06 10:00:00.000,39.811752
2021-04-06 12:00:00.000,40.930378
2021-04-06 14:00:00.000,39.55116
2021-04-06 16:00:00.000,39.378365
2021-04-06 18:00:00.000,44.11186
2021-04-06 20:00:00.000,45.70583
2021-04-06 22:00:00.000,31.422838
2021-04-07 00:00:00.000,17.708063
2021-04-07 02:00:00.000,14.057354
2021-04-07 04:00:00.000,19.741272
2021-04-07 06:00:00.000,32.217766
2021-04-07 08:00:00.000,37.828983
2021-04-07 10:00:00.000,40.438446
2021-04-07 12:00:00.000,40.958027
2021-04-07 14:00:00.000,39.477417
2021-04-07 16:00:00.000,39.544704
2021-04-07 18:00:00.000,44.24912
2021-04-07 20:00:00.000,46.17641
2021-04-07 22:00:00.000,32.119347
2021-04-08 00:00:00.000,18.737806
2021-04-08 02:00:00.000,14.7762375
2021-04-08 04:00:00.000,20.391586
2021-04-08 06:00:00.000,32.579666
2021-04-08 08:00:00.000,38.528786
2021-04-08 10:00:00.000,40.640484
2021-04-08 12:00:00.000,42.259686
2021-04-08 14:00:00.000,40.558193
2021-04-08 16:00:00.000,40.247143
2021-04-08 18:00:00.000,45.22361
2021-04-08 20:00:00.000,46.87328
2021-04-08 22:00:00.000,32.228928
2021-04-09 00:00:00.000,18.970152
2021-04-09 02:00:00.000,15.107581
2021-04-09 04:00:00.000,20.677794
2021-04-09 06:00:00.000,33.091366
2021-04-09 08:00:00.000,38.836525
2021-04-09 10:00:00.000,40.934772
2021-04-09 12:00:00.000,41.939934
2021-04-09 14:00:00.000,40.32245
2021-04-09 16:00:00.000,40.372707
2021-04-09 18:00:00.000,45.29607
2021-04-09 20:00:00.000,48.753872
2021-04-09 22:00:00.000,35.728054
2021-04-10 00:00:00.000,21.392185
2021-04-10 02:00:00.000,16.356018
2021-04-10 04:00:00.000,21.496532
2021-04-10 06:00:00.000,36.41921
2021-04-10 08:00:00.000,45.542458
2021-04-10 10:00:00.000,45.45217
2021-04-10 12:00:00.000,44.183357
2021-04-10 14:00:00.000,40.231377
2021-04-10 16:00:00.000,38.16185
2021-04-10 18:00:00.000,42.036507
2021-04-10 20:00:00.000,45.931423
2021-04-10 22:00:00.000,34.653
2021-04-11 00:00:00.000,20.428164
2021-04-11 02:00:00.000,14.89721
2021-04-11 04:00:00.000,18.886913
2021-04-11 06:00:00.000,32.893307
2021-04-11 08:00:00.000,43.949028
2021-04-11 10:00:00.000,44.778522
2021-04-11 12:00:00.000,43.99145
2021-04-11 14:00:00.000,40.302757
2021-04-11 16:00:00.000,38.54128
2021-04-11 18:00:00.000,42.636784
2021-04-11 20:00:00.000,45.53827
2021-04-11 22:00:00.000,32.17094
2021-04-12 00:00:00.000,18.62964
2021-04-12 02:00:00.000,14.777655
2021-04-12 04:00:00.000,19.934341
2021-04-12 06:00:00.000,31.76615
2021-04-12 08:00:00.000,37.104404
2021-04-12 10:00:00.000,39.32939
2021-04-12 12:00:00.000,41.154434
2021-04-12 14:00:00.000,40.03227
2021-04-12 16:00:00.000,39.02558
2021-04-12 18:00:00.000,43.889004
2021-04-12 20:00:00.000,45.498
2021-04-12 22:00:00.000,30.30756
2021-04-13 00:00:00.000,17.283993
2021-04-13 02:00:00.000,14.195861
2021-04-13 04:00:00.000,19.43139
2021-04-13 06:00:00.000,31.20411
2021-04-13 08:00:00.000,35.75543
2021-04-13 10:00:00.000,37.648247
2021-04-13 12:00:00.000,38.975098
2021-04-13 14:00:00.000,38.362465
2021-04-13 16:00:00.000,38.07836
2021-04-13 18:00:00.000,43.929127
2021-04-13 20:00:00.000,45.68266
2021-04-13 22:00:00.000,29.84898
2021-04-14 00:00:00.000,17.243229
2021-04-14 02:00:00.000,14.311916
2021-04-14 04:00:00.000,19.507715
2021-04-14 06:00:00.000,31.03157
2021-04-14 08:00:00.000,35.798515
2021-04-14 10:00:00.000,37.80773
2021-04-14 12:00:00.000,39.009834
2021-04-14 14:00:00.000,37.945503
2021-04-14 16:00:00.000,37.61517
2021-04-14 18:00:00.000,43.978497
2021-04-14 20:00:00.000,46.1019
2021-04-14 22:00:00.000,29.704458
2021-04-15 00:00:00.000,17.007887
2021-04-15 02:00:00.000,14.291351
2021-04-15 04:00:00.000,19.816782
2021-04-15 06:00:00.000,32.17002
2021-04-15 08:00:00.000,37.16712
2021-04-15 10:00:00.000,38.949547
2021-04-15 12:00:00.000,39.575607
2021-04-15 14:00:00.000,37.495377
2021-04-15 16:00:00.000,37.42082
2021-04-15 18:00:00.000,44.036316
2021-04-15 20:00:00.000,45.908607
2021-04-15 22:00:00.000,30.399029
2021-04-16 00:00:00.000,17.121792
2021-04-16 02:00:00.000,13.881616
2021-04-16 04:00:00.000,19.785343
2021-04-16 06:00:00.000,31.915764
2021-04-16 08:00:00.000,37.21464
2021-04-16 10:00:00.000,38.93575
2021-04-16 12:00:00.000,39.814564
2021-04-16 14:00:00.000,37.9288
2021-04-16 16:00:00.000,37.002586
2021-04-16 18:00:00.000,43.862152
2021-04-16 20:00:00.000,48.516262
2021-04-16 22:00:00.000,33.75603
2021-04-17 00:00:00.000,20.402359
2021-04-17 02:00:00.000,16.326494
2021-04-17 04:00:00.000,21.204468
2021-04-17 06:00:00.000,34.266068
2021-04-17 08:00:00.000,42.50154
2021-04-17 10:00:00.000,42.792034
2021-04-17 12:00:00.000,41.27321
2021-04-17 14:00:00.000,37.478054
2021-04-17 16:00:00.000,36.030865
2021-04-17 18:00:00.000,41.043583
2021-04-17 20:00:00.000,45.61092
2021-04-17 22:00:00.000,31.878122
2021-04-18 00:00:00.000,18.5953
2021-04-18 02:00:00.000,14.408808
2021-04-18 04:00:00.000,18.568306
2021-04-18 06:00:00.000,32.78931
2021-04-18 08:00:00.000,43.763847
2021-04-18 10:00:00.000,44.885387
2021-04-18 12:00:00.000,45.109497
2021-04-18 14:00:00.000,41.16372
2021-04-18 16:00:00.000,39.01868
2021-04-18 18:00:00.000,43.955467
2021-04-18 20:00:00.000,45.687
2021-04-18 22:00:00.000,30.695057
2021-04-19 00:00:00.000,17.79511
2021-04-19 02:00:00.000,14.66306
2021-04-19 04:00:00.000,19.98266
2021-04-19 06:00:00.000,32.2415
2021-04-19 08:00:00.000,39.459656
2021-04-19 10:00:00.000,41.796684
2021-04-19 12:00:00.000,42.984978
2021-04-19 14:00:00.000,41.657063
2021-04-19 16:00:00.000,40.99667
2021-04-19 18:00:00.000,45.874355
2021-04-19 20:00:00.000,47.337517
2021-04-19 22:00:00.000,30.211756
2021-04-20 00:00:00.000,16.415758
2021-04-20 02:00:00.000,13.781774
2021-04-20 04:00:00.000,19.596153
2021-04-20 06:00:00.000,32.112686
2021-04-20 08:00:00.000,37.1891
2021-04-20 10:00:00.000,39.51875
2021-04-20 12:00:00.000,40.772396
2021-04-20 14:00:00.000,39.98673
2021-04-20 16:00:00.000,39.366722
2021-04-20 18:00:00.000,44.701996
2021-04-20 20:00:00.000,45.092525
2021-04-20 22:00:00.000,28.485462
2021-04-21 00:00:00.000,15.660441
2021-04-21 02:00:00.000,12.899812
2021-04-21 04:00:00.000,18.426773
2021-04-21 06:00:00.000,31.050621
2021-04-21 08:00:00.000,36.766315
2021-04-21 10:00:00.000,41.053074
2021-04-21 12:00:00.000,43.197914
2021-04-21 14:00:00.000,41.111034
2021-04-21 16:00:00.000,40.749386
2021-04-21 18:00:00.000,46.8687
2021-04-21 20:00:00.000,47.291687
2021-04-21 22:00:00.000,30.04305
2021-04-22 00:00:00.000,17.00632
2021-04-22 02:00:00.000,13.982592
2021-04-22 04:00:00.000,19.456312
2021-04-22 06:00:00.000,32.755417
2021-04-22 08:00:00.000,37.814526
2021-04-22 10:00:00.000,39.682117
2021-04-22 12:00:00.000,40.69224
2021-04-22 14:00:00.000,39.30662
2021-04-22 16:00:00.000,38.954426
2021-04-22 18:00:00.000,43.79292
2021-04-22 20:00:00.000,45.85711
2021-04-22 22:00:00.000,29.857073
2021-04-23 00:00:00.000,16.73926
2021-04-23 02:00:00.000,13.789526
2021-04-23 04:00:00.000,19.198244
2021-04-23 06:00:00.000,31.075777
2021-04-23 08:00:00.000,36.807533
2021-04-23 10:00:00.000,39.334564
2021-04-23 12:00:00.000,39.970184
2021-04-23 14:00:00.000,37.804466
2021-04-23 16:00:00.000,37.519093
2021-04-23 18:00:00.000,43.485115
2021-04-23 20:00:00.000,46.430202
2021-04-23 22:00:00.000,31.846876
2021-04-24 00:00:00.000,18.4136
2021-04-24 02:00:00.000,14.54384
2021-04-24 04:00:00.000,18.829906
2021-04-24 06:00:00.000,32.834335
2021-04-24 08:00:00.000,42.883636
2021-04-24 10:00:00.000,45.025826
2021-04-24 12:00:00.000,44.112267
2021-04-24 14:00:00.000,40.286987
2021-04-24 16:00:00.000,38.682632
2021-04-24 18:00:00.000,43.601704
2021-04-24 20:00:00.000,46.167835
2021-04-24 22:00:00.000,33.07945
2021-04-25 00:00:00.000,19.383831
2021-04-25 02:00:00.000,14.454815
2021-04-25 04:00:00.000,18.207094
2021-04-25 06:00:00.000,31.857912
2021-04-25 08:00:00.000,44.889965
2021-04-25 10:00:00.000,47.510128
2021-04-25 12:00:00.000,47.24468
2021-04-25 14:00:00.000,43.469612
2021-04-25 16:00:00.000,40.450188
2021-04-25 18:00:00.000,43.708447
2021-04-25 20:00:00.000,45.55276
2021-04-25 22:00:00.000,31.107979
2021-04-26 00:00:00.000,18.11451
2021-04-26 02:00:00.000,14.417528
2021-04-26 04:00:00.000,19.43757
2021-04-26 06:00:00.000,30.830442
2021-04-26 08:00:00.000,36.66477
2021-04-26 10:00:00.000,39.978535
2021-04-26 12:00:00.000,41.696587
2021-04-26 14:00:00.000,40.251682
2021-04-26 16:00:00.000,39.890606
2021-04-26 18:00:00.000,44.385586
2021-04-26 20:00:00.000,45.527958
2021-04-26 22:00:00.000,30.128603
2021-04-27 00:00:00.000,17.338816
2021-04-27 02:00:00.000,14.39885
2021-04-27 04:00:00.000,19.74119
2021-04-27 06:00:00.000,31.563364
2021-04-27 08:00:00.000,37.396183
2021-04-27 10:00:00.000,40.637833
2021-04-27 12:00:00.000,41.668713
2021-04-27 14:00:00.000,40.119617
2021-04-27 16:00:00.000,39.8609
2021-04-27 18:00:00.000,44.696167
2021-04-27 20:00:00.000,45.5876
2021-04-27 22:00:00.000,29.79399
2021-04-28 00:00:00.000,17.168846
2021-04-28 02:00:00.000,14.085835
2021-04-28 04:00:00.000,19.412113
2021-04-28 06:00:00.000,30.99257
2021-04-28 08:00:00.000,36.051403
2021-04-28 10:00:00.000,38.945568
2021-04-28 12:00:00.000,40.02678
2021-04-28 14:00:00.000,38.72912
2021-04-28 16:00:00.000,38.599213
2021-04-28 18:00:00.000,43.604126
2021-04-28 20:00:00.000,45.507683
2021-04-28 22:00:00.000,30.04699
2021-04-29 00:00:00.000,17.24945
2021-04-29 02:00:00.000,13.581935
2021-04-29 04:00:00.000,18.606602
2021-04-29 06:00:00.000,29.703362
2021-04-29 08:00:00.000,34.696495
2021-04-29 10:00:00.000,38.26831
2021-04-29 12:00:00.000,39.603928
2021-04-29 14:00:00.000,38.090923
2021-04-29 16:00:00.000,37.5019
2021-04-29 18:00:00.000,43.212654
2021-04-29 20:00:00.000,45.463524
2021-04-29 22:00:00.000,30.243969
2021-04-30 00:00:00.000,17.163902
2021-05-01 02:00:00.000,14.413743
2021-05-01 04:00:00.000,18.74004
2021-05-01 06:00:00.000,32.35507
2021-05-01 08:00:00.000,41.453465
2021-05-01 10:00:00.000,42.406055
2021-05-01 12:00:00.000,41.303032
2021-05-01 14:00:00.000,36.97399
2021-05-01 16:00:00.000,35.029865
2021-05-01 18:00:00.000,39.763805
2021-05-01 20:00:00.000,44.163174
2021-05-01 22:00:00.000,32.692734
2021-05-02 00:00:00.000,19.611513
2021-05-02 02:00:00.000,14.4538965
2021-05-02 04:00:00.000,17.774572
2021-05-02 06:00:00.000,29.627499
2021-05-02 08:00:00.000,38.943745
2021-05-02 10:00:00.000,40.401337
2021-05-02 12:00:00.000,39.926147
2021-05-02 14:00:00.000,36.218945
2021-05-02 16:00:00.000,34.86729
2021-05-02 18:00:00.000,40.022293
2021-05-02 20:00:00.000,44.854897
2021-05-02 22:00:00.000,32.8523
2021-05-03 00:00:00.000,19.51741
2021-05-03 02:00:00.000,14.484237
2021-05-03 04:00:00.000,18.484785
2021-05-03 06:00:00.000,31.5109
2021-05-03 08:00:00.000,43.190098
2021-05-03 10:00:00.000,45.714703
2021-05-03 12:00:00.000,43.684002
2021-05-03 14:00:00.000,38.95208
2021-05-03 16:00:00.000,36.64831
2021-05-03 18:00:00.000,42.03018
2021-05-03 20:00:00.000,46.23619
2021-05-03 22:00:00.000,33.16115
2021-05-04 00:00:00.000,19.342186
2021-05-04 02:00:00.000,14.47614
2021-05-04 04:00:00.000,18.90944
2021-05-04 06:00:00.000,32.085243
2021-05-04 08:00:00.000,43.78592
2021-05-04 10:00:00.000,47.06259
2021-05-04 12:00:00.000,44.64321
2021-05-04 14:00:00.000,39.701096
2021-05-04 16:00:00.000,37.48714
2021-05-04 18:00:00.000,43.221664
2021-05-04 20:00:00.000,46.877422
2021-05-04 22:00:00.000,33.549522
2021-05-05 00:00:00.000,19.509615
2021-05-05 02:00:00.000,14.409017
2021-05-05 04:00:00.000,18.979425
2021-05-05 06:00:00.000,31.51239
2021-05-05 08:00:00.000,42.654766
2021-05-05 10:00:00.000,45.252544
2021-05-05 12:00:00.000,42.330708
2021-05-05 14:00:00.000,38.180107
2021-05-05 16:00:00.000,36.445988
2021-05-05 18:00:00.000,41.95456
2021-05-05 20:00:00.000,46.466137
2021-05-05 22:00:00.000,33.385986
2021-05-06 00:00:00.000,19.690205
2021-05-06 02:00:00.000,14.80216
2021-05-06 04:00:00.000,19.188612
2021-05-06 06:00:00.000,32.11712
2021-05-06 08:00:00.000,42.789875
2021-05-06 10:00:00.000,45.432575
2021-05-06 12:00:00.000,42.992245
2021-05-06 14:00:00.000,38.361862
2021-05-06 16:00:00.000,36.209675
2021-05-06 18:00:00.000,42.36107
2021-05-06 20:00:00.000,46.935043
2021-05-06 22:00:00.000,33.687275
2021-05-07 00:00:00.000,19.90618
2021-05-07 02:00:00.000,14.6716
2021-05-07 04:00:00.000,18.853273
2021-05-07 06:00:00.000,31.730669
2021-05-07 08:00:00.000,42.18667
2021-05-07 10:00:00.000,43.875
2021-05-07 12:00:00.000,41.362164
2021-05-07 14:00:00.000,36.414013
2021-05-07 16:00:00.000,34.26812
2021-05-07 18:00:00.000,40.211323
2021-05-07 20:00:00.000,45.692455
2021-05-07 22:00:00.000,33.629505
2021-05-08 00:00:00.000,20.239414
2021-05-08 02:00:00.000,14.226417
2021-05-08 04:00:00.000,17.255257
2021-05-08 06:00:00.000,28.702969
2021-05-08 08:00:00.000,39.058853
2021-05-08 10:00:00.000,42.24392
2021-05-08 12:00:00.000,41.60926
2021-05-08 14:00:00.000,37.901394
2021-05-08 16:00:00.000,35.710785
2021-05-08 18:00:00.000,41.09301
2021-05-08 20:00:00.000,46.47151
2021-05-08 22:00:00.000,35.05848
2021-05-09 00:00:00.000,20.885818
2021-05-09 02:00:00.000,14.269394
2021-05-09 04:00:00.000,16.721083
2021-05-09 06:00:00.000,28.014084
2021-05-09 08:00:00.000,38.973137
2021-05-09 10:00:00.000,43.12513
2021-05-09 12:00:00.000,42.81099
2021-05-09 14:00:00.000,38.857754
2021-05-09 16:00:00.000,37.02836
2021-05-09 18:00:00.000,41.21529
2021-05-09 20:00:00.000,45.79788
2021-05-09 22:00:00.000,35.728523
2021-05-10 00:00:00.000,21.552351
2021-05-10 02:00:00.000,14.831536
2021-05-10 04:00:00.000,17.935812
2021-05-10 06:00:00.000,30.226757
2021-05-10 08:00:00.000,42.241184
2021-05-10 10:00:00.000,45.44476
2021-05-10 12:00:00.000,43.501728
2021-05-10 14:00:00.000,39.215546
2021-05-10 16:00:00.000,37.036934
2021-05-10 18:00:00.000,41.990154
2021-05-10 20:00:00.000,46.31148
2021-05-10 22:00:00.000,32.783978
2021-05-11 00:00:00.000,18.746113
2021-05-11 02:00:00.000,13.612712
2021-05-11 04:00:00.000,17.754482
2021-05-11 06:00:00.000,28.346537
2021-05-11 08:00:00.000,34.67948
2021-05-11 10:00:00.000,37.75902
2021-05-11 12:00:00.000,38.903255
2021-05-11 14:00:00.000,36.947365
2021-05-11 16:00:00.000,35.81732
2021-05-11 18:00:00.000,41.270874
2021-05-11 20:00:00.000,45.092407
2021-05-11 22:00:00.000,30.75985
2021-05-12 00:00:00.000,17.303997
2021-05-12 02:00:00.000,12.911629
2021-05-12 04:00:00.000,17.56789
2021-05-12 06:00:00.000,28.158222
2021-05-12 08:00:00.000,33.45057
2021-05-12 10:00:00.000,36.472805
2021-05-12 12:00:00.000,38.2635
2021-05-12 14:00:00.000,37.041878
2021-05-12 16:00:00.000,36.99443
2021-05-12 18:00:00.000,42.970245
2021-05-12 20:00:00.000,46.843605
2021-05-12 22:00:00.000,32.726444
2021-05-13 00:00:00.000,18.958355
2021-05-13 02:00:00.000,14.679529
2021-05-13 04:00:00.000,18.58339
2021-05-13 06:00:00.000,29.51118
2021-05-13 08:00:00.000,34.646114
2021-05-13 10:00:00.000,37.070454
2021-05-13 12:00:00.000,38.443066
2021-05-13 14:00:00.000,36.55086
2021-05-13 16:00:00.000,35.74213
2021-05-13 18:00:00.000,41.89021
2021-05-13 20:00:00.000,45.973396
2021-05-13 22:00:00.000,31.519054
2021-05-14 00:00:00.000,17.535807
2021-05-14 02:00:00.000,13.149465
2021-05-14 04:00:00.000,18.24018
2021-05-14 06:00:00.000,28.503428
2021-05-14 08:00:00.000,32.81203
2021-05-14 10:00:00.000,35.97751
2021-05-14 12:00:00.000,37.79167
2021-05-14 14:00:00.000,35.940033
2021-05-14 16:00:00.000,34.720337
2021-05-14 18:00:00.000,40.457653
2021-05-14 20:00:00.000,47.023205
2021-05-14 22:00:00.000,33.66331
2021-05-15 00:00:00.000,18.897705
2021-05-15 02:00:00.000,13.779247
2021-05-15 04:00:00.000,17.88801
2021-05-15 06:00:00.000,30.020275
2021-05-15 08:00:00.000,38.35664
2021-05-15 10:00:00.000,39.485874
2021-05-15 12:00:00.000,38.870457
2021-05-15 14:00:00.000,35.337177
2021-05-15 16:00:00.000,33.01774
2021-05-15 18:00:00.000,37.893803
2021-05-15 20:00:00.000,45.119198
2021-05-15 22:00:00.000,34.241287
2021-05-16 00:00:00.000,19.611515
2021-05-16 02:00:00.000,13.509908
2021-05-16 04:00:00.000,16.69982
2021-05-16 06:00:00.000,28.424725
2021-05-16 08:00:00.000,37.96739
2021-05-16 10:00:00.000,40.23311
2021-05-16 12:00:00.000,40.198776
2021-05-16 14:00:00.000,36.621788
2021-05-16 16:00:00.000,33.928646
2021-05-16 18:00:00.000,38.7256
2021-05-16 20:00:00.000,44.73472
2021-05-16 22:00:00.000,32.81197
2021-05-17 00:00:00.000,18.727365
2021-05-17 02:00:00.000,13.418182
2021-05-17 04:00:00.000,18.01825
2021-05-17 06:00:00.000,28.157515
2021-05-17 08:00:00.000,32.702347
2021-05-17 10:00:00.000,35.87548
2021-05-17 12:00:00.000,37.803234
2021-05-17 14:00:00.000,36.28923
2021-05-17 16:00:00.000,34.57989
2021-05-17 18:00:00.000,40.253036
2021-05-17 20:00:00.000,45.357655
2021-05-17 22:00:00.000,31.456177
2021-05-18 00:00:00.000,17.39601
2021-05-18 02:00:00.000,12.968093
2021-05-18 04:00:00.000,18.031239
2021-05-18 06:00:00.000,28.661907
2021-05-18 08:00:00.000,33.49593
2021-05-18 10:00:00.000,36.786423
2021-05-18 12:00:00.000,38.48881
2021-05-18 14:00:00.000,36.586807
2021-05-18 16:00:00.000,34.879448
2021-05-18 18:00:00.000,40.5797
2021-05-18 20:00:00.000,45.753372
2021-05-18 22:00:00.000,31.375101
2021-05-19 00:00:00.000,17.15727
2021-05-19 02:00:00.000,12.842887
2021-05-19 04:00:00.000,19.846727
2021-05-19 06:00:00.000,28.892735
2021-05-19 08:00:00.000,33.522022
2021-05-19 10:00:00.000,36.683365
2021-05-19 12:00:00.000,38.541138
2021-05-19 14:00:00.000,36.280197
2021-05-19 16:00:00.000,35.540573
2021-05-19 18:00:00.000,41.370914
2021-05-19 20:00:00.000,45.66797
2021-05-19 22:00:00.000,31.32475
2021-05-20 00:00:00.000,17.786482
2021-05-20 02:00:00.000,13.744905
2021-05-20 04:00:00.000,18.492329
2021-05-20 06:00:00.000,29.509966
2021-05-20 08:00:00.000,34.834545
2021-05-20 10:00:00.000,38.151295
2021-05-20 12:00:00.000,39.910103
2021-05-20 14:00:00.000,37.38688
2021-05-20 16:00:00.000,36.604294
2021-05-20 18:00:00.000,42.43784
2021-05-20 20:00:00.000,46.87083
2021-05-20 22:00:00.000,32.895187
2021-05-21 00:00:00.000,19.046495
2021-05-21 02:00:00.000,14.436356
2021-05-21 04:00:00.000,18.819021
2021-05-21 06:00:00.000,29.357811
2021-05-21 08:00:00.000,35.24589
2021-05-21 10:00:00.000,38.77916
2021-05-21 12:00:00.000,39.491737
2021-05-21 14:00:00.000,36.68097
2021-05-21 16:00:00.000,34.955658
2021-05-21 18:00:00.000,40.414715
2021-05-21 20:00:00.000,47.043457
2021-05-21 22:00:00.000,34.64326
2021-05-22 00:00:00.000,19.881578
2021-05-22 02:00:00.000,14.704493
2021-05-22 04:00:00.000,19.12732
2021-05-22 06:00:00.000,31.966969
2021-05-22 08:00:00.000,40.45441
2021-05-22 10:00:00.000,41.961575
2021-05-22 12:00:00.000,40.705147
2021-05-22 14:00:00.000,36.907024
2021-05-22 16:00:00.000,34.389076
2021-05-22 18:00:00.000,39.183952
2021-05-22 20:00:00.000,46.50366
2021-05-22 22:00:00.000,36.246464
2021-05-23 00:00:00.000,21.883392
2021-05-23 02:00:00.000,15.1835985
2021-05-23 04:00:00.000,18.342573
2021-05-23 06:00:00.000,30.675749
2021-05-23 08:00:00.000,41.247192
2021-05-23 10:00:00.000,43.484043
2021-05-23 12:00:00.000,42.972404
2021-05-23 14:00:00.000,39.302383
2021-05-23 16:00:00.000,37.46849
2021-05-23 18:00:00.000,42.36384
2021-05-23 20:00:00.000,47.164562
2021-05-23 22:00:00.000,34.50781
2021-05-24 00:00:00.000,20.185612
2021-05-24 02:00:00.000,15.245878
2021-05-24 04:00:00.000,19.98155
2021-05-24 06:00:00.000,31.916767
2021-05-24 08:00:00.000,39.73477
2021-05-24 10:00:00.000,42.488903
2021-05-24 12:00:00.000,41.970657
2021-05-24 14:00:00.000,38.72529
2021-05-24 16:00:00.000,37.407322
2021-05-24 18:00:00.000,43.293396
2021-05-24 20:00:00.000,48.130104
2021-05-24 22:00:00.000,34.134182
2021-05-25 00:00:00.000,19.587748
2021-05-25 02:00:00.000,14.927571
2021-05-25 04:00:00.000,19.90916
2021-05-25 06:00:00.000,31.876476
2021-05-25 08:00:00.000,39.715233
2021-05-25 10:00:00.000,42.900272
2021-05-25 12:00:00.000,42.345203
2021-05-25 14:00:00.000,38.565243
2021-05-25 16:00:00.000,37.207634
2021-05-25 18:00:00.000,43.056175
2021-05-25 20:00:00.000,48.23377
2021-05-25 22:00:00.000,34.07042
2021-05-26 00:00:00.000,19.739819
2021-05-26 02:00:00.000,14.906401
2021-05-26 04:00:00.000,19.602945
2021-05-26 06:00:00.000,30.97746
2021-05-26 08:00:00.000,38.64
2021-05-26 10:00:00.000,41.64939
2021-05-26 12:00:00.000,41.095905
2021-05-26 14:00:00.000,37.909428
2021-05-26 16:00:00.000,37.20364
2021-05-26 18:00:00.000,43.411827
2021-05-26 20:00:00.000,48.253197
2021-05-26 22:00:00.000,33.804367
2021-05-27 00:00:00.000,19.495161
2021-05-27 02:00:00.000,14.588242
2021-05-27 04:00:00.000,19.312092
2021-05-27 06:00:00.000,31.595158
2021-05-27 08:00:00.000,40.401615
2021-05-27 10:00:00.000,43.57414
2021-05-27 12:00:00.000,42.24464
2021-05-27 14:00:00.000,38.246387
2021-05-27 16:00:00.000,37.012745
2021-05-27 18:00:00.000,43.19165
2021-05-27 20:00:00.000,48.58761
2021-05-27 22:00:00.000,34.732864
2021-05-28 00:00:00.000,19.89403
2021-05-28 02:00:00.000,14.980725
2021-05-28 04:00:00.000,19.734629
2021-05-28 06:00:00.000,31.630615
2021-05-28 08:00:00.000,40.27181
2021-05-28 10:00:00.000,43.679874
2021-05-28 12:00:00.000,42.45341
2021-05-28 14:00:00.000,37.750732
2021-05-28 16:00:00.000,35.611717
2021-05-28 18:00:00.000,40.594894
2021-05-28 20:00:00.000,47.832592
2021-05-28 22:00:00.000,35.947258
2021-05-29 00:00:00.000,20.670326
2021-05-29 02:00:00.000,14.822202
2021-05-29 04:00:00.000,18.579546
2021-05-29 06:00:00.000,30.80369
2021-05-29 08:00:00.000,40.494595
2021-05-29 10:00:00.000,42.830128
2021-05-29 12:00:00.000,41.92898
2021-05-29 14:00:00.000,38.39865
2021-05-29 16:00:00.000,36.098248
2021-05-29 18:00:00.000,40.674953
2021-05-29 20:00:00.000,46.957584
2021-05-29 22:00:00.000,36.098385
2021-05-30 00:00:00.000,21.831608
2021-05-30 02:00:00.000,14.993659
2021-05-30 04:00:00.000,17.564507
2021-05-30 06:00:00.000,29.40005
2021-05-30 08:00:00.000,40.76628
2021-05-30 10:00:00.000,44.00328
2021-05-30 12:00:00.000,44.252113
2021-05-30 14:00:00.000,40.198742
2021-05-30 16:00:00.000,38.464764
2021-05-30 18:00:00.000,43.377247
2021-05-30 20:00:00.000,48.85095
2021-05-30 22:00:00.000,36.504047
2021-05-31 00:00:00.000,21.821127
2021-06-01 02:00:00.000,14.675136
2021-06-01 04:00:00.000,19.172598
2021-06-01 06:00:00.000,30.969238
2021-06-01 08:00:00.000,40.183907
2021-06-01 10:00:00.000,42.76917
2021-06-01 12:00:00.000,41.52295
2021-06-01 14:00:00.000,37.785217
2021-06-01 16:00:00.000,36.60781
2021-06-01 18:00:00.000,42.681755
2021-06-01 20:00:00.000,48.37768
2021-06-01 22:00:00.000,35.773792
2021-06-02 00:00:00.000,20.63755
2021-06-02 02:00:00.000,15.04914
2021-06-02 04:00:00.000,19.16662
2021-06-02 06:00:00.000,30.931175
2021-06-02 08:00:00.000,40.4933
2021-06-02 10:00:00.000,43.267235
2021-06-02 12:00:00.000,41.80866
2021-06-02 14:00:00.000,38.172916
2021-06-02 16:00:00.000,37.205986
2021-06-02 18:00:00.000,42.778484
2021-06-02 20:00:00.000,48.76166
2021-06-02 22:00:00.000,36.216
2021-06-03 00:00:00.000,20.787048
2021-06-03 02:00:00.000,14.4379225
2021-06-03 04:00:00.000,19.066277
2021-06-03 06:00:00.000,31.005495
2021-06-03 08:00:00.000,40.355743
2021-06-03 10:00:00.000,43.16905
2021-06-03 12:00:00.000,41.80724
2021-06-03 14:00:00.000,38.428364
2021-06-03 16:00:00.000,37.34224
2021-06-03 18:00:00.000,42.525097
2021-06-03 20:00:00.000,48.017254
2021-06-03 22:00:00.000,35.934357
2021-06-04 00:00:00.000,20.90088
2021-06-04 02:00:00.000,15.277562
2021-06-04 04:00:00.000,19.490026
2021-06-04 06:00:00.000,31.045914
2021-06-04 08:00:00.000,40.381817
2021-06-04 10:00:00.000,43.37737
2021-06-04 12:00:00.000,42.1468
2021-06-04 14:00:00.000,38.14777
2021-06-04 16:00:00.000,36.69464
2021-06-04 18:00:00.000,41.80999
2021-06-04 20:00:00.000,48.084774
2021-06-04 22:00:00.000,36.68231
2021-06-05 00:00:00.000,21.785408
2021-06-05 02:00:00.000,15.417007
2021-06-05 04:00:00.000,18.57635
2021-06-05 06:00:00.000,30.391111
2021-06-05 08:00:00.000,40.33503
2021-06-05 10:00:00.000,42.318096
2021-06-05 12:00:00.000,41.36702
2021-06-05 14:00:00.000,37.212776
2021-06-05 16:00:00.000,35.257095
2021-06-05 18:00:00.000,40.42621
2021-06-05 20:00:00.000,47.990356
2021-06-05 22:00:00.000,37.666634
2021-06-06 00:00:00.000,22.273468
2021-06-06 02:00:00.000,14.906851
2021-06-06 04:00:00.000,17.723482
2021-06-06 06:00:00.000,28.77337
2021-06-06 08:00:00.000,39.557465
2021-06-06 10:00:00.000,42.608772
2021-06-06 12:00:00.000,42.260983
2021-06-06 14:00:00.000,39.309513
2021-06-06 16:00:00.000,37.51366
2021-06-06 18:00:00.000,42.463814
2021-06-06 20:00:00.000,48.635254
2021-06-06 22:00:00.000,37.18762
2021-06-07 00:00:00.000,21.839224
2021-06-07 02:00:00.000,15.623824
2021-06-07 04:00:00.000,19.34273
2021-06-07 06:00:00.000,30.393866
2021-06-07 08:00:00.000,40.11629
2021-06-07 10:00:00.000,43.51055
2021-06-07 12:00:00.000,42.410004
2021-06-07 14:00:00.000,39.008972
2021-06-07 16:00:00.000,37.687347
2021-06-07 18:00:00.000,42.81254
2021-06-07 20:00:00.000,49.28599
2021-06-07 22:00:00.000,36.588097
2021-06-08 00:00:00.000,20.894728
2021-06-08 02:00:00.000,14.903541
2021-06-08 04:00:00.000,18.982569
2021-06-08 06:00:00.000,30.052507
2021-06-08 08:00:00.000,39.61454
2021-06-08 10:00:00.000,42.8169
2021-06-08 12:00:00.000,41.69031
2021-06-08 14:00:00.000,38.79254
2021-06-08 16:00:00.000,37.73006
2021-06-08 18:00:00.000,43.993706
2021-06-08 20:00:00.000,50.055195
2021-06-08 22:00:00.000,36.371334
2021-06-09 00:00:00.000,21.011007
2021-06-09 02:00:00.000,15.056006
2021-06-09 04:00:00.000,19.094826
2021-06-09 06:00:00.000,30.632938
2021-06-09 08:00:00.000,39.97653
2021-06-09 10:00:00.000,43.048756
2021-06-09 12:00:00.000,41.842876
2021-06-09 14:00:00.000,38.267826
2021-06-09 16:00:00.000,37.425404
2021-06-09 18:00:00.000,43.129047
2021-06-09 20:00:00.000,49.3811
2021-06-09 22:00:00.000,36.400352
2021-06-10 00:00:00.000,20.590244
2021-06-10 02:00:00.000,14.730327
2021-06-10 04:00:00.000,18.647522
2021-06-10 06:00:00.000,30.444983
2021-06-10 08:00:00.000,40.418526
2021-06-10 10:00:00.000,43.931965
2021-06-10 12:00:00.000,42.58557
2021-06-10 14:00:00.000,38.73153
2021-06-10 16:00:00.000,37.596504
2021-06-10 18:00:00.000,43.385788
2021-06-10 20:00:00.000,49.7944
2021-06-10 22:00:00.000,36.756702
2021-06-11 00:00:00.000,21.176298
2021-06-11 02:00:00.000,15.592734
2021-06-11 04:00:00.000,19.362137
2021-06-11 06:00:00.000,30.781961
2021-06-11 08:00:00.000,40.439545
2021-06-11 10:00:00.000,43.39056
2021-06-11 12:00:00.000,41.341846
2021-06-11 14:00:00.000,36.90039
2021-06-11 16:00:00.000,35.53156
2021-06-11 18:00:00.000,39.939774
2021-06-11 20:00:00.000,47.44705
2021-06-11 22:00:00.000,36.532223
2021-06-12 00:00:00.000,21.516087
2021-06-12 02:00:00.000,14.782884
2021-06-12 04:00:00.000,17.566296
2021-06-12 06:00:00.000,28.760374
2021-06-12 08:00:00.000,38.65398
2021-06-12 10:00:00.000,40.791176
2021-06-12 12:00:00.000,39.5563
2021-06-12 14:00:00.000,35.680336
2021-06-12 16:00:00.000,34.00397
2021-06-12 18:00:00.000,38.432472
2021-06-12 20:00:00.000,46.298683
2021-06-12 22:00:00.000,37.659927
2021-06-13 00:00:00.000,22.365522
2021-06-13 02:00:00.000,14.566055
2021-06-13 04:00:00.000,16.540535
2021-06-13 06:00:00.000,27.246628
2021-06-13 08:00:00.000,37.50216
2021-06-13 10:00:00.000,40.26544
2021-06-13 12:00:00.000,40.131798
2021-06-13 14:00:00.000,36.855545
2021-06-13 16:00:00.000,35.082264
2021-06-13 18:00:00.000,39.811226
2021-06-13 20:00:00.000,47.978836
2021-06-13 22:00:00.000,37.985466
2021-06-14 00:00:00.000,22.826872
2021-06-14 02:00:00.000,15.3967495
2021-06-14 04:00:00.000,18.37811
2021-06-14 06:00:00.000,30.261023
2021-06-14 08:00:00.000,41.80995
2021-06-14 10:00:00.000,44.337456
2021-06-14 12:00:00.000,42.24388
2021-06-14 14:00:00.000,37.135994
2021-06-14 16:00:00.000,34.67915
2021-06-14 18:00:00.000,39.486202
2021-06-14 20:00:00.000,47.48689
2021-06-14 22:00:00.000,37.07256
2021-06-15 00:00:00.000,21.2556
2021-06-15 02:00:00.000,14.569668
2021-06-15 04:00:00.000,18.203114
2021-06-15 06:00:00.000,29.590136
2021-06-15 08:00:00.000,39.332325
2021-06-15 10:00:00.000,42.338882
2021-06-15 12:00:00.000,41.064617
2021-06-15 14:00:00.000,36.807564
2021-06-15 16:00:00.000,35.19091
2021-06-15 18:00:00.000,40.267162
2021-06-15 20:00:00.000,48.233658
2021-06-15 22:00:00.000,36.564686
2021-06-16 00:00:00.000,20.609413
2021-06-16 02:00:00.000,14.464495
2021-06-16 04:00:00.000,18.455673
2021-06-16 06:00:00.000,30.316687
2021-06-16 08:00:00.000,39.685074
2021-06-16 10:00:00.000,42.079456
2021-06-16 12:00:00.000,40.898075
2021-06-16 14:00:00.000,36.487957
2021-06-16 16:00:00.000,35.0282
2021-06-16 18:00:00.000,41.295055
2021-06-16 20:00:00.000,49.569233
2021-06-16 22:00:00.000,37.29344
2021-06-17 00:00:00.000,21.336462
2021-06-17 02:00:00.000,15.102749
2021-06-17 04:00:00.000,18.705862
2021-06-17 06:00:00.000,30.028633
2021-06-17 08:00:00.000,39.69393
2021-06-17 10:00:00.000,42.50714
2021-06-17 12:00:00.000,40.95592
2021-06-17 14:00:00.000,37.03846
2021-06-17 16:00:00.000,35.34866
2021-06-17 18:00:00.000,40.6409
2021-06-17 20:00:00.000,48.19523
2021-06-17 22:00:00.000,36.00289
2021-06-18 00:00:00.000,20.628546
2021-06-18 02:00:00.000,14.573844
2021-06-18 04:00:00.000,18.438093
2021-06-18 06:00:00.000,29.892107
2021-06-18 08:00:00.000,39.23031
2021-06-18 10:00:00.000,41.974483
2021-06-18 12:00:00.000,40.351173
2021-06-18 14:00:00.000,35.914536
2021-06-18 16:00:00.000,33.98641
2021-06-18 18:00:00.000,38.724808
2021-06-18 20:00:00.000,47.568024
2021-06-18 22:00:00.000,36.869953
2021-06-19 00:00:00.000,21.25963
2021-06-19 02:00:00.000,14.4871
2021-06-19 04:00:00.000,17.180456
2021-06-19 06:00:00.000,28.31297
2021-06-19 08:00:00.000,37.873512
2021-06-19 10:00:00.000,40.39682
2021-06-19 12:00:00.000,39.875942
2021-06-19 14:00:00.000,35.830395
2021-06-19 16:00:00.000,33.202686
2021-06-19 18:00:00.000,37.13441
2021-06-19 20:00:00.000,46.136364
2021-06-19 22:00:00.000,37.5075
2021-06-20 00:00:00.000,22.320126
2021-06-20 02:00:00.000,14.581695
2021-06-20 04:00:00.000,16.862625
2021-06-20 06:00:00.000,28.21203
2021-06-20 08:00:00.000,39.201656
2021-06-20 10:00:00.000,41.803448
2021-06-20 12:00:00.000,41.89667
2021-06-20 14:00:00.000,38.147415
2021-06-20 16:00:00.000,35.427376
2021-06-20 18:00:00.000,39.716476
2021-06-20 20:00:00.000,47.755352
2021-06-20 22:00:00.000,37.407566
2021-06-21 00:00:00.000,22.09549
2021-06-21 02:00:00.000,15.164993
2021-06-21 04:00:00.000,18.628002
2021-06-21 06:00:00.000,30.48572
2021-06-21 08:00:00.000,40.17862
2021-06-21 10:00:00.000,43.57552
2021-06-21 12:00:00.000,42.345394
2021-06-21 14:00:00.000,38.22375
2021-06-21 16:00:00.000,35.729233
2021-06-21 18:00:00.000,39.626343
2021-06-21 20:00:00.000,47.327274
2021-06-21 22:00:00.000,37.11247
2021-06-22 00:00:00.000,21.442123
2021-06-22 02:00:00.000,15.202536
2021-06-22 04:00:00.000,19.073046
2021-06-22 06:00:00.000,30.697153
2021-06-22 08:00:00.000,40.630955
2021-06-22 10:00:00.000,44.18468
2021-06-22 12:00:00.000,42.963013
2021-06-22 14:00:00.000,38.548534
2021-06-22 16:00:00.000,35.90286
2021-06-22 18:00:00.000,39.82603
2021-06-22 20:00:00.000,47.809628
2021-06-22 22:00:00.000,37.325752
2021-06-23 00:00:00.000,21.533821
2021-06-23 02:00:00.000,15.00131
2021-06-23 04:00:00.000,18.648748
2021-06-23 06:00:00.000,31.028616
2021-06-23 08:00:00.000,40.72715
2021-06-23 10:00:00.000,43.5763
2021-06-23 12:00:00.000,41.894577
2021-06-23 14:00:00.000,37.31682
2021-06-23 16:00:00.000,35.393074
2021-06-23 18:00:00.000,39.190308
2021-06-23 20:00:00.000,47.686123
2021-06-23 22:00:00.000,36.83491
2021-06-24 00:00:00.000,21.154043
2021-06-24 02:00:00.000,14.867722
2021-06-24 04:00:00.000,18.469034
2021-06-24 06:00:00.000,30.591648
2021-06-24 08:00:00.000,40.286552
2021-06-24 10:00:00.000,42.761932
2021-06-24 12:00:00.000,41.439766
2021-06-24 14:00:00.000,37.42654
2021-06-24 16:00:00.000,35.049515
2021-06-24 18:00:00.000,39.16093
2021-06-24 20:00:00.000,47.120747
2021-06-24 22:00:00.000,36.332314
2021-06-25 00:00:00.000,20.68903
2021-06-25 02:00:00.000,14.517583
2021-06-25 04:00:00.000,18.266022
2021-06-25 06:00:00.000,30.257809
2021-06-25 08:00:00.000,39.843613
2021-06-25 10:00:00.000,42.77884
2021-06-25 12:00:00.000,40.640503
2021-06-25 14:00:00.000,36.400364
2021-06-25 16:00:00.000,33.902206
2021-06-25 18:00:00.000,37.70288
2021-06-25 20:00:00.000,46.234837
2021-06-25 22:00:00.000,36.501877
2021-06-26 00:00:00.000,21.148466
2021-06-26 02:00:00.000,14.556394
2021-06-26 04:00:00.000,17.362911
2021-06-26 06:00:00.000,28.841454
2021-06-26 08:00:00.000,38.794353
2021-06-26 10:00:00.000,41.661587
2021-06-26 12:00:00.000,40.572926
2021-06-26 14:00:00.000,36.176727
2021-06-26 16:00:00.000,33.610447
2021-06-26 18:00:00.000,36.65399
2021-06-26 20:00:00.000,45.488285
2021-06-26 22:00:00.000,37.26278
2021-06-27 00:00:00.000,22.262196
2021-06-27 02:00:00.000,14.640566
2021-06-27 04:00:00.000,16.651585
2021-06-27 06:00:00.000,27.85861
2021-06-27 08:00:00.000,38.773598
2021-06-27 10:00:00.000,41.743668
2021-06-27 12:00:00.000,41.32011
2021-06-27 14:00:00.000,37.478477
2021-06-27 16:00:00.000,35.31176
2021-06-27 18:00:00.000,39.064857
2021-06-27 20:00:00.000,46.98321
2021-06-27 22:00:00.000,36.633663
2021-06-28 00:00:00.000,21.174212
2021-06-28 02:00:00.000,14.679458
2021-06-28 04:00:00.000,18.268963
2021-06-28 06:00:00.000,30.130348
2021-06-28 08:00:00.000,40.374187
2021-06-28 10:00:00.000,43.427155
2021-06-28 12:00:00.000,42.364838
2021-06-28 14:00:00.000,38.269676
2021-06-28 16:00:00.000,35.9912
2021-06-28 18:00:00.000,39.94245
2021-06-28 20:00:00.000,47.382496
2021-06-28 22:00:00.000,35.933258
2021-06-29 00:00:00.000,20.565575
2021-06-29 02:00:00.000,14.497155
2021-06-29 04:00:00.000,17.849434
2021-06-29 06:00:00.000,29.320776
2021-06-29 08:00:00.000,39.102566
2021-06-29 10:00:00.000,42.02156
2021-06-29 12:00:00.000,40.44326
2021-06-29 14:00:00.000,36.45053
2021-06-29 16:00:00.000,34.532215
2021-06-29 18:00:00.000,39.363922
2021-06-29 20:00:00.000,47.079193
2021-06-29 22:00:00.000,35.581413
2021-06-30 00:00:00.000,20.67206
2021-07-01 02:00:00.000,14.555782
2021-07-01 04:00:00.000,17.862581
2021-07-01 06:00:00.000,29.1924
2021-07-01 08:00:00.000,38.688988
2021-07-01 10:00:00.000,42.003235
2021-07-01 12:00:00.000,40.09707
2021-07-01 14:00:00.000,35.5833
2021-07-01 16:00:00.000,33.75421
2021-07-01 18:00:00.000,38.40587
2021-07-01 20:00:00.000,46.830685
2021-07-01 22:00:00.000,35.830498
2021-07-02 00:00:00.000,20.769302
2021-07-02 02:00:00.000,14.6996355
2021-07-02 04:00:00.000,18.01874
2021-07-02 06:00:00.000,29.08426
2021-07-02 08:00:00.000,38.731976
2021-07-02 10:00:00.000,41.373302
2021-07-02 12:00:00.000,39.606365
2021-07-02 14:00:00.000,35.357185
2021-07-02 16:00:00.000,33.087864
2021-07-02 18:00:00.000,37.14249
2021-07-02 20:00:00.000,46.108097
2021-07-02 22:00:00.000,36.29136
2021-07-03 00:00:00.000,21.29063
2021-07-03 02:00:00.000,14.525483
2021-07-03 04:00:00.000,16.727362
2021-07-03 06:00:00.000,27.042858
2021-07-03 08:00:00.000,36.925
2021-07-03 10:00:00.000,39.24113
2021-07-03 12:00:00.000,38.269627
2021-07-03 14:00:00.000,34.50226
2021-07-03 16:00:00.000,32.00844
2021-07-03 18:00:00.000,35.827976
2021-07-03 20:00:00.000,44.50994
2021-07-03 22:00:00.000,35.938274
2021-07-04 00:00:00.000,21.521358
2021-07-04 02:00:00.000,14.336306
2021-07-04 04:00:00.000,16.017282
2021-07-04 06:00:00.000,25.89029
2021-07-04 08:00:00.000,36.770416
2021-07-04 10:00:00.000,40.218525
2021-07-04 12:00:00.000,40.21102
2021-07-04 14:00:00.000,36.70906
2021-07-04 16:00:00.000,34.640244
2021-07-04 18:00:00.000,39.00404
2021-07-04 20:00:00.000,47.00466
2021-07-04 22:00:00.000,36.984463
2021-07-05 00:00:00.000,21.974363
2021-07-05 02:00:00.000,15.369771
2021-07-05 04:00:00.000,18.228603
2021-07-05 06:00:00.000,28.792143
2021-07-05 08:00:00.000,38.68253
2021-07-05 10:00:00.000,41.67312
2021-07-05 12:00:00.000,40.348976
2021-07-05 14:00:00.000,36.3534
2021-07-05 16:00:00.000,34.438026
2021-07-05 18:00:00.000,39.011227
2021-07-05 20:00:00.000,47.114273
2021-07-05 22:00:00.000,36.11353
2021-07-06 00:00:00.000,20.87004
2021-07-06 02:00:00.000,14.582859
2021-07-06 04:00:00.000,17.954462
2021-07-06 06:00:00.000,28.916601
2021-07-06 08:00:00.000,38.637573
2021-07-06 10:00:00.000,41.2972
2021-07-06 12:00:00.000,39.546085
2021-07-06 14:00:00.000,35.41891
2021-07-06 16:00:00.000,33.798363
2021-07-06 18:00:00.000,38.037624
2021-07-06 20:00:00.000,46.312305
2021-07-06 22:00:00.000,35.240566
2021-07-07 00:00:00.000,19.870943
2021-07-07 02:00:00.000,13.816813
2021-07-07 04:00:00.000,17.037346
2021-07-07 06:00:00.000,28.168049
2021-07-07 08:00:00.000,37.667908
2021-07-07 10:00:00.000,40.88853
2021-07-07 12:00:00.000,39.6168
2021-07-07 14:00:00.000,35.464775
2021-07-07 16:00:00.000,33.480766
2021-07-07 18:00:00.000,37.955883
2021-07-07 20:00:00.000,46.0725
2021-07-07 22:00:00.000,35.079838
2021-07-08 00:00:00.000,20.040003
2021-07-08 02:00:00.000,14.059397
2021-07-08 04:00:00.000,17.406853
2021-07-08 06:00:00.000,28.42746
2021-07-08 08:00:00.000,37.808258
2021-07-08 10:00:00.000,40.44605
2021-07-08 12:00:00.000,39.107094
2021-07-08 14:00:00.000,35.227566
2021-07-08 16:00:00.000,33.054653
2021-07-08 18:00:00.000,37.363224
2021-07-08 20:00:00.000,46.041332
2021-07-08 22:00:00.000,35.32377
2021-07-09 00:00:00.000,20.326248
2021-07-09 02:00:00.000,14.170009
2021-07-09 04:00:00.000,17.10186
2021-07-09 06:00:00.000,27.751253
2021-07-09 08:00:00.000,37.381115
2021-07-09 10:00:00.000,39.691525
2021-07-09 12:00:00.000,38.118706
2021-07-09 14:00:00.000,33.903294
2021-07-09 16:00:00.000,31.439835
2021-07-09 18:00:00.000,35.298595
2021-07-09 20:00:00.000,44.75304
2021-07-09 22:00:00.000,35.55268
2021-07-10 00:00:00.000,20.606634
2021-07-10 02:00:00.000,13.922052
2021-07-10 04:00:00.000,16.11815
2021-07-10 06:00:00.000,26.383612
2021-07-10 08:00:00.000,36.334347
2021-07-10 10:00:00.000,38.92321
2021-07-10 12:00:00.000,38.08578
2021-07-10 14:00:00.000,34.039574
2021-07-10 16:00:00.000,31.450647
2021-07-10 18:00:00.000,34.905663
2021-07-10 20:00:00.000,44.089184
2021-07-10 22:00:00.000,36.10798
2021-07-11 00:00:00.000,21.280577
2021-07-11 02:00:00.000,13.944209
2021-07-11 04:00:00.000,15.771268
2021-07-11 06:00:00.000,26.658262
2021-07-11 08:00:00.000,36.909393
2021-07-11 10:00:00.000,39.645454
2021-07-11 12:00:00.000,39.465168
2021-07-11 14:00:00.000,35.94345
2021-07-11 16:00:00.000,33.74648
2021-07-11 18:00:00.000,37.32328
2021-07-11 20:00:00.000,45.967606
2021-07-11 22:00:00.000,35.784885
2021-07-12 00:00:00.000,20.502234
2021-07-12 02:00:00.000,13.641619
2021-07-12 04:00:00.000,16.8925
2021-07-12 06:00:00.000,27.954563
2021-07-12 08:00:00.000,38.33244
2021-07-12 10:00:00.000,41.10808
2021-07-12 12:00:00.000,39.657806
2021-07-12 14:00:00.000,35.87803
2021-07-12 16:00:00.000,33.8325
2021-07-12 18:00:00.000,37.729595
2021-07-12 20:00:00.000,46.214886
2021-07-12 22:00:00.000,35.159134
2021-07-13 00:00:00.000,19.68086
2021-07-13 02:00:00.000,13.58939
2021-07-13 04:00:00.000,16.81736
2021-07-13 06:00:00.000,28.051775
2021-07-13 08:00:00.000,37.95959
2021-07-13 10:00:00.000,40.719635
2021-07-13 12:00:00.000,39.450043
2021-07-13 14:00:00.000,35.347546
2021-07-13 16:00:00.000,33.407562
2021-07-13 18:00:00.000,38.028774
2021-07-13 20:00:00.000,46.16321
2021-07-13 22:00:00.000,35.080044
2021-07-14 00:00:00.000,19.709612
2021-07-14 02:00:00.000,13.627562
2021-07-14 04:00:00.000,16.962894
2021-07-14 06:00:00.000,28.391361
2021-07-14 08:00:00.000,38.125336
2021-07-14 10:00:00.000,40.596127
2021-07-14 12:00:00.000,38.98015
2021-07-14 14:00:00.000,35.00911
2021-07-14 16:00:00.000,33.362503
2021-07-14 18:00:00.000,37.607544
2021-07-14 20:00:00.000,46.21434
2021-07-14 22:00:00.000,35.35761
2021-07-15 00:00:00.000,20.059801
2021-07-15 02:00:00.000,14.159529
2021-07-15 04:00:00.000,17.064053
2021-07-15 06:00:00.000,28.612139
2021-07-15 08:00:00.000,38.183006
2021-07-15 10:00:00.000,40.595524
2021-07-15 12:00:00.000,39.265938
2021-07-15 14:00:00.000,35.424744
2021-07-15 16:00:00.000,33.567944
2021-07-15 18:00:00.000,37.735126
2021-07-15 20:00:00.000,45.98775
2021-07-15 22:00:00.000,34.832947
2021-07-16 00:00:00.000,19.536303
2021-07-16 02:00:00.000,13.661477
2021-07-16 04:00:00.000,16.877068
2021-07-16 06:00:00.000,28.095915
2021-07-16 08:00:00.000,37.49285
2021-07-16 10:00:00.000,39.729477
2021-07-16 12:00:00.000,38.557583
2021-07-16 14:00:00.000,34.377987
2021-07-16 16:00:00.000,32.493603
2021-07-16 18:00:00.000,36.023617
2021-07-16 20:00:00.000,44.690372
2021-07-16 22:00:00.000,35.298016
2021-07-17 00:00:00.000,20.188856
2021-07-17 02:00:00.000,13.482103
2021-07-17 04:00:00.000,15.891967
2021-07-17 06:00:00.000,26.640263
2021-07-17 08:00:00.000,36.43675
2021-07-17 10:00:00.000,38.942123
2021-07-17 12:00:00.000,38.51323
2021-07-17 14:00:00.000,34.36677
2021-07-17 16:00:00.000,31.469278
2021-07-17 18:00:00.000,34.649963
2021-07-17 20:00:00.000,44.18535
2021-07-17 22:00:00.000,35.603897
2021-07-18 00:00:00.000,20.639685
2021-07-18 02:00:00.000,13.505544
2021-07-18 04:00:00.000,15.250484
2021-07-18 06:00:00.000,25.859608
2021-07-18 08:00:00.000,36.459507
2021-07-18 10:00:00.000,39.85122
2021-07-18 12:00:00.000,39.781174
2021-07-18 14:00:00.000,35.80177
2021-07-18 16:00:00.000,34.26679
2021-07-18 18:00:00.000,38.407207
2021-07-18 20:00:00.000,46.631653
2021-07-18 22:00:00.000,35.385475
2021-07-19 00:00:00.000,20.057234
2021-07-19 02:00:00.000,13.767534
2021-07-19 04:00:00.000,16.828068
2021-07-19 06:00:00.000,28.10392
2021-07-19 08:00:00.000,38.01641
2021-07-19 10:00:00.000,40.479877
2021-07-19 12:00:00.000,39.539486
2021-07-19 14:00:00.000,34.909424
2021-07-19 16:00:00.000,32.888836
2021-07-19 18:00:00.000,37.256176
2021-07-19 20:00:00.000,45.692932
2021-07-19 22:00:00.000,35.127766
2021-07-20 00:00:00.000,20.008701
2021-07-20 02:00:00.000,14.18619
2021-07-20 04:00:00.000,17.166273
2021-07-20 06:00:00.000,27.989164
2021-07-20 08:00:00.000,37.925835
2021-07-20 10:00:00.000,40.740326
2021-07-20 12:00:00.000,39.442955
2021-07-20 14:00:00.000,35.331394
2021-07-20 16:00:00.000,33.738766
2021-07-20 18:00:00.000,38.82525
2021-07-20 20:00:00.000,46.857536
2021-07-20 22:00:00.000,34.536057
2021-07-21 00:00:00.000,19.259352
2021-07-21 02:00:00.000,13.321122
2021-07-21 04:00:00.000,16.11505
2021-07-21 06:00:00.000,27.180353
2021-07-21 08:00:00.000,36.792534
2021-07-21 10:00:00.000,39.61944
2021-07-21 12:00:00.000,38.40076
2021-07-21 14:00:00.000,34.48113
2021-07-21 16:00:00.000,33.18018
2021-07-21 18:00:00.000,38.686924
2021-07-21 20:00:00.000,47.12803
2021-07-21 22:00:00.000,34.187965
2021-07-22 00:00:00.000,18.848974
2021-07-22 02:00:00.000,13.300008
2021-07-22 04:00:00.000,16.237726
2021-07-22 06:00:00.000,27.558397
2021-07-22 08:00:00.000,37.09716
2021-07-22 10:00:00.000,39.788155
2021-07-22 12:00:00.000,38.406143
2021-07-22 14:00:00.000,34.581455
2021-07-22 16:00:00.000,33.235977
2021-07-22 18:00:00.000,38.934364
2021-07-22 20:00:00.000,46.291855
2021-07-22 22:00:00.000,33.691895
2021-07-23 00:00:00.000,18.678246
2021-07-23 02:00:00.000,12.938581
2021-07-23 04:00:00.000,16.106974
2021-07-23 06:00:00.000,26.862247
2021-07-23 08:00:00.000,36.48988
2021-07-23 10:00:00.000,39.319126
2021-07-23 12:00:00.000,37.859756
2021-07-23 14:00:00.000,33.912895
2021-07-23 16:00:00.000,32.271397
2021-07-23 18:00:00.000,37.18144
2021-07-23 20:00:00.000,45.043694
2021-07-23 22:00:00.000,34.16126
2021-07-24 00:00:00.000,19.427727
2021-07-24 02:00:00.000,13.302436
2021-07-24 04:00:00.000,15.553557
2021-07-24 06:00:00.000,26.019121
2021-07-24 08:00:00.000,36.019176
2021-07-24 10:00:00.000,38.497097
2021-07-24 12:00:00.000,37.285
2021-07-24 14:00:00.000,33.471058
2021-07-24 16:00:00.000,31.13443
2021-07-24 18:00:00.000,35.457787
2021-07-24 20:00:00.000,44.218174
2021-07-24 22:00:00.000,35.048397
2021-07-25 00:00:00.000,20.429707
2021-07-25 02:00:00.000,13.60091
2021-07-25 04:00:00.000,15.202402
2021-07-25 06:00:00.000,25.236637
2021-07-25 08:00:00.000,35.92613
2021-07-25 10:00:00.000,38.71974
2021-07-25 12:00:00.000,38.498436
2021-07-25 14:00:00.000,34.776215
2021-07-25 16:00:00.000,32.856365
2021-07-25 18:00:00.000,37.5486
2021-07-25 20:00:00.000,45.365585
2021-07-25 22:00:00.000,34.80605
2021-07-26 00:00:00.000,19.910309
2021-07-26 02:00:00.000,13.7207
2021-07-26 04:00:00.000,16.447754
2021-07-26 06:00:00.000,27.241135
2021-07-26 08:00:00.000,37.335724
2021-07-26 10:00:00.000,39.990154
2021-07-26 12:00:00.000,38.8159
2021-07-26 14:00:00.000,34.69501
2021-07-26 16:00:00.000,32.655636
2021-07-26 18:00:00.000,37.632282
2021-07-26 20:00:00.000,44.822506
2021-07-26 22:00:00.000,32.80766
2021-07-27 00:00:00.000,18.1733
2021-07-27 02:00:00.000,12.816793
2021-07-27 04:00:00.000,16.003086
2021-07-27 06:00:00.000,27.36123
2021-07-27 08:00:00.000,37.63254
2021-07-27 10:00:00.000,40.011436
2021-07-27 12:00:00.000,38.805855
2021-07-27 14:00:00.000,34.700977
2021-07-27 16:00:00.000,33.234764
2021-07-27 18:00:00.000,38.33428
2021-07-27 20:00:00.000,45.67502
2021-07-27 22:00:00.000,33.643707
2021-07-28 00:00:00.000,19.042276
2021-07-28 02:00:00.000,13.156924
2021-07-28 04:00:00.000,16.189886
2021-07-28 06:00:00.000,27.285618
2021-07-28 08:00:00.000,37.026974
2021-07-28 10:00:00.000,39.79373
2021-07-28 12:00:00.000,38.43748
2021-07-28 14:00:00.000,34.508537
2021-07-28 16:00:00.000,33.603966
2021-07-28 18:00:00.000,39.017056
2021-07-28 20:00:00.000,45.3664
2021-07-28 22:00:00.000,33.232365
2021-07-29 00:00:00.000,18.8931
2021-07-29 02:00:00.000,13.4478655
2021-07-29 04:00:00.000,16.448404
2021-07-29 06:00:00.000,27.637457
2021-07-29 08:00:00.000,37.367496
2021-07-29 10:00:00.000,39.66321
2021-07-29 12:00:00.000,38.118923
2021-07-29 14:00:00.000,34.172024
2021-07-29 16:00:00.000,33.294254
2021-07-29 18:00:00.000,38.761395
2021-07-29 20:00:00.000,45.92679
2021-07-29 22:00:00.000,34.160065
2021-07-30 00:00:00.000,19.306
2021-07-30 02:00:00.000,13.669453
2021-07-30 04:00:00.000,16.866495
2021-07-30 06:00:00.000,27.778902
2021-07-30 08:00:00.000,37.704403
2021-07-30 10:00:00.000,40.381195
2021-07-30 12:00:00.000,38.58246
2021-07-30 14:00:00.000,34.397327
2021-07-30 16:00:00.000,32.63185
2021-07-30 18:00:00.000,37.16317
2021-07-30 20:00:00.000,45.487694
2021-07-30 22:00:00.000,35.120575
2021-07-31 00:00:00.000,20.486324
2021-08-01 02:00:00.000,13.920812
2021-08-01 04:00:00.000,15.521745
2021-08-01 06:00:00.000,25.78898
2021-08-01 08:00:00.000,36.39641
2021-08-01 10:00:00.000,39.260094
2021-08-01 12:00:00.000,39.04483
2021-08-01 14:00:00.000,35.54857
2021-08-01 16:00:00.000,33.17353
2021-08-01 18:00:00.000,37.654175
2021-08-01 20:00:00.000,45.572643
2021-08-01 22:00:00.000,34.856197
2021-08-02 00:00:00.000,20.314646
2021-08-02 02:00:00.000,14.048258
2021-08-02 04:00:00.000,17.026182
2021-08-02 06:00:00.000,27.984606
2021-08-02 08:00:00.000,37.690094
2021-08-02 10:00:00.000,40.380474
2021-08-02 12:00:00.000,39.15831
2021-08-02 14:00:00.000,35.265804
2021-08-02 16:00:00.000,33.453377
2021-08-02 18:00:00.000,37.873344
2021-08-02 20:00:00.000,45.97294
2021-08-02 22:00:00.000,34.13766
2021-08-03 00:00:00.000,19.385887
2021-08-03 02:00:00.000,13.718901
2021-08-03 04:00:00.000,16.823765
2021-08-03 06:00:00.000,28.086216
2021-08-03 08:00:00.000,37.307526
2021-08-03 10:00:00.000,39.517384
2021-08-03 12:00:00.000,38.438408
2021-08-03 14:00:00.000,34.74203
2021-08-03 16:00:00.000,33.03267
2021-08-03 18:00:00.000,38.115074
2021-08-03 20:00:00.000,46.011467
2021-08-03 22:00:00.000,34.084007
2021-08-04 00:00:00.000,19.536612
2021-08-04 02:00:00.000,13.98977
2021-08-04 04:00:00.000,17.188326
2021-08-04 06:00:00.000,27.90836
2021-08-04 08:00:00.000,37.12003
2021-08-04 10:00:00.000,39.327435
2021-08-04 12:00:00.000,38.218903
2021-08-04 14:00:00.000,34.65138
2021-08-04 16:00:00.000,32.891823
2021-08-04 18:00:00.000,38.13227
2021-08-04 20:00:00.000,45.796974
2021-08-04 22:00:00.000,33.985256
2021-08-05 00:00:00.000,19.608822
2021-08-05 02:00:00.000,14.143372
2021-08-05 04:00:00.000,17.171116
2021-08-05 06:00:00.000,28.474207
2021-08-05 08:00:00.000,37.505863
2021-08-05 10:00:00.000,39.23275
2021-08-05 12:00:00.000,37.96968
2021-08-05 14:00:00.000,34.140045
2021-08-05 16:00:00.000,32.782272
2021-08-05 18:00:00.000,38.106773
2021-08-05 20:00:00.000,45.23764
2021-08-05 22:00:00.000,32.99298
2021-08-06 00:00:00.000,18.749676
2021-08-06 02:00:00.000,13.479389
2021-08-06 04:00:00.000,16.901443
2021-08-06 06:00:00.000,28.359528
2021-08-06 08:00:00.000,37.715908
2021-08-06 10:00:00.000,39.71678
2021-08-06 12:00:00.000,38.555313
2021-08-06 14:00:00.000,34.592964
2021-08-06 16:00:00.000,32.439587
2021-08-06 18:00:00.000,37.209778
2021-08-06 20:00:00.000,45.161747
2021-08-06 22:00:00.000,34.176273
2021-08-07 00:00:00.000,19.992323
2021-08-07 02:00:00.000,13.873961
2021-08-07 04:00:00.000,16.213524
2021-08-07 06:00:00.000,27.045738
2021-08-07 08:00:00.000,36.67404
2021-08-07 10:00:00.000,38.77228
2021-08-07 12:00:00.000,38.089184
2021-08-07 14:00:00.000,33.937515
2021-08-07 16:00:00.000,31.76356
2021-08-07 18:00:00.000,36.337605
2021-08-07 20:00:00.000,44.222313
2021-08-07 22:00:00.000,34.95153
2021-08-08 00:00:00.000,21.096859
2021-08-08 02:00:00.000,14.097948
2021-08-08 04:00:00.000,15.652075
2021-08-08 06:00:00.000,26.067549
2021-08-08 08:00:00.000,36.60394
2021-08-08 10:00:00.000,39.238777
2021-08-08 12:00:00.000,38.813
2021-08-08 14:00:00.000,34.98573
2021-08-08 16:00:00.000,32.780453
2021-08-08 18:00:00.000,37.34669
2021-08-08 20:00:00.000,45.10536
2021-08-08 22:00:00.000,34.683517
2021-08-09 00:00:00.000,20.39446
2021-08-09 02:00:00.000,13.9084
2021-08-09 04:00:00.000,16.844162
2021-08-09 06:00:00.000,27.935429
2021-08-09 08:00:00.000,37.410885
2021-08-09 10:00:00.000,39.609875
2021-08-09 12:00:00.000,38.59265
2021-08-09 14:00:00.000,34.366222
2021-08-09 16:00:00.000,32.65785
2021-08-09 18:00:00.000,37.64943
2021-08-09 20:00:00.000,45.390736
2021-08-09 22:00:00.000,33.929176
2021-08-10 00:00:00.000,19.515821
2021-08-10 02:00:00.000,13.77472
2021-08-10 04:00:00.000,16.721922
2021-08-10 06:00:00.000,28.262886
2021-08-10 08:00:00.000,37.72899
2021-08-10 10:00:00.000,39.515102
2021-08-10 12:00:00.000,38.027176
2021-08-10 14:00:00.000,34.451305
2021-08-10 16:00:00.000,33.081066
2021-08-10 18:00:00.000,38.680576
2021-08-10 20:00:00.000,45.731308
2021-08-10 22:00:00.000,33.70774
2021-08-11 00:00:00.000,19.352322
2021-08-11 02:00:00.000,13.643208
2021-08-11 04:00:00.000,16.81489
2021-08-11 06:00:00.000,28.564217
2021-08-11 08:00:00.000,38.45095
2021-08-11 10:00:00.000,40.10888
2021-08-11 12:00:00.000,38.649124
2021-08-11 14:00:00.000,34.821342
2021-08-11 16:00:00.000,33.723938
2021-08-11 18:00:00.000,39.278484
2021-08-11 20:00:00.000,46.355564
2021-08-11 22:00:00.000,34.215046
2021-08-12 00:00:00.000,19.77164
2021-08-12 02:00:00.000,14.012372
2021-08-12 04:00:00.000,17.07716
2021-08-12 06:00:00.000,28.64673
2021-08-12 08:00:00.000,37.977093
2021-08-12 10:00:00.000,39.85816
2021-08-12 12:00:00.000,38.728153
2021-08-12 14:00:00.000,34.81368
2021-08-12 16:00:00.000,33.121124
2021-08-12 18:00:00.000,38.988647
2021-08-12 20:00:00.000,46.199657
2021-08-12 22:00:00.000,34.32564
2021-08-13 00:00:00.000,19.766882
2021-08-13 02:00:00.000,13.8766165
2021-08-13 04:00:00.000,17.11969
2021-08-13 06:00:00.000,28.428432
2021-08-13 08:00:00.000,37.489254
2021-08-13 10:00:00.000,39.27799
2021-08-13 12:00:00.000,37.803722
2021-08-13 14:00:00.000,34.006607
2021-08-13 16:00:00.000,32.375877
2021-08-13 18:00:00.000,38.021065
2021-08-13 20:00:00.000,45.821575
2021-08-13 22:00:00.000,34.946873
2021-08-14 00:00:00.000,20.53077
2021-08-14 02:00:00.000,14.018353
2021-08-14 04:00:00.000,16.140678
2021-08-14 06:00:00.000,27.07857
2021-08-14 08:00:00.000,36.545525
2021-08-14 10:00:00.000,38.329594
2021-08-14 12:00:00.000,37.503952
2021-08-14 14:00:00.000,33.727654
2021-08-14 16:00:00.000,31.401522
2021-08-14 18:00:00.000,36.280075
2021-08-14 20:00:00.000,44.300186
2021-08-14 22:00:00.000,35.119194
2021-08-15 00:00:00.000,21.065092
2021-08-15 02:00:00.000,13.962787
2021-08-15 04:00:00.000,15.554035
2021-08-15 06:00:00.000,25.878704
2021-08-15 08:00:00.000,36.145256
2021-08-15 10:00:00.000,38.514458
2021-08-15 12:00:00.000,38.22301
2021-08-15 14:00:00.000,34.78659
2021-08-15 16:00:00.000,32.770046
2021-08-15 18:00:00.000,38.491802
2021-08-15 20:00:00.000,45.89746
2021-08-15 22:00:00.000,34.88722
2021-08-16 00:00:00.000,20.487705
2021-08-16 02:00:00.000,14.140055
2021-08-16 04:00:00.000,16.96872
2021-08-16 06:00:00.000,28.31615
2021-08-16 08:00:00.000,37.45978
2021-08-16 10:00:00.000,39.447437
2021-08-16 12:00:00.000,38.454536
2021-08-16 14:00:00.000,34.210785
2021-08-16 16:00:00.000,32.395294
2021-08-16 18:00:00.000,38.270008
2021-08-16 20:00:00.000,46.02432
2021-08-16 22:00:00.000,33.70211
2021-08-17 00:00:00.000,19.178747
2021-08-17 02:00:00.000,13.606806
2021-08-17 04:00:00.000,16.838974
2021-08-17 06:00:00.000,28.582207
2021-08-17 08:00:00.000,37.777344
2021-08-17 10:00:00.000,39.466637
2021-08-17 12:00:00.000,37.875362
2021-08-17 14:00:00.000,33.920704
2021-08-17 16:00:00.000,32.474358
2021-08-17 18:00:00.000,38.625164
2021-08-17 20:00:00.000,46.24387
2021-08-17 22:00:00.000,33.953148
2021-08-18 00:00:00.000,19.482073
2021-08-18 02:00:00.000,14.045085
2021-08-18 04:00:00.000,17.348688
2021-08-18 06:00:00.000,29.359333
2021-08-18 08:00:00.000,38.559826
2021-08-18 10:00:00.000,39.801857
2021-08-18 12:00:00.000,38.040047
2021-08-18 14:00:00.000,34.08341
2021-08-18 16:00:00.000,33.255848
2021-08-18 18:00:00.000,39.358227
2021-08-18 20:00:00.000,46.518665
2021-08-18 22:00:00.000,34.115795
2021-08-19 00:00:00.000,19.989202
2021-08-19 02:00:00.000,14.317339
2021-08-19 04:00:00.000,17.596292
2021-08-19 06:00:00.000,29.508553
2021-08-19 08:00:00.000,38.682915
2021-08-19 10:00:00.000,40.290096
2021-08-19 12:00:00.000,38.906693
2021-08-19 14:00:00.000,34.991405
2021-08-19 16:00:00.000,33.146767
2021-08-19 18:00:00.000,39.171658
2021-08-19 20:00:00.000,46.16491
2021-08-19 22:00:00.000,34.102245
2021-08-20 00:00:00.000,19.865652
2021-08-20 02:00:00.000,14.173785
2021-08-20 04:00:00.000,17.669996
2021-08-20 06:00:00.000,29.505287
2021-08-20 08:00:00.000,38.788795
2021-08-20 10:00:00.000,40.209282
2021-08-20 12:00:00.000,38.195858
2021-08-20 14:00:00.000,34.208004
2021-08-20 16:00:00.000,32.75135
2021-08-20 18:00:00.000,38.964684
2021-08-20 20:00:00.000,46.822815
2021-08-20 22:00:00.000,34.993664
2021-08-21 00:00:00.000,20.454449
2021-08-21 02:00:00.000,14.470066
2021-08-21 04:00:00.000,16.844288
2021-08-21 06:00:00.000,28.178839
2021-08-21 08:00:00.000,37.863457
2021-08-21 10:00:00.000,39.56771
2021-08-21 12:00:00.000,38.29864
2021-08-21 14:00:00.000,34.115112
2021-08-21 16:00:00.000,32.035034
2021-08-21 18:00:00.000,36.959297
2021-08-21 20:00:00.000,44.31372
2021-08-21 22:00:00.000,34.751842
2021-08-22 00:00:00.000,20.928461
2021-08-22 02:00:00.000,14.305403
2021-08-22 04:00:00.000,16.324875
2021-08-22 06:00:00.000,27.643082
2021-08-22 08:00:00.000,38.277878
2021-08-22 10:00:00.000,40.73356
2021-08-22 12:00:00.000,39.92588
2021-08-22 14:00:00.000,35.669186
2021-08-22 16:00:00.000,33.60994
2021-08-22 18:00:00.000,39.192223
2021-08-22 20:00:00.000,45.61774
2021-08-22 22:00:00.000,34.56618
2021-08-23 00:00:00.000,20.426119
2021-08-23 02:00:00.000,14.829832
2021-08-23 04:00:00.000,18.15603
2021-08-23 06:00:00.000,30.218071
2021-08-23 08:00:00.000,39.70429
2021-08-23 10:00:00.000,41.380924
2021-08-23 12:00:00.000,39.404102
2021-08-23 14:00:00.000,35.25644
2021-08-23 16:00:00.000,33.84379
2021-08-23 18:00:00.000,40.474224
2021-08-23 20:00:00.000,46.971676
2021-08-23 22:00:00.000,33.85349
2021-08-24 00:00:00.000,19.50767
2021-08-24 02:00:00.000,14.328114
2021-08-24 04:00:00.000,17.929781
2021-08-24 06:00:00.000,30.09824
2021-08-24 08:00:00.000,39.33602
2021-08-24 10:00:00.000,40.613396
2021-08-24 12:00:00.000,38.69095
2021-08-24 14:00:00.000,34.751587
2021-08-24 16:00:00.000,33.694836
2021-08-24 18:00:00.000,40.80678
2021-08-24 20:00:00.000,46.886684
2021-08-24 22:00:00.000,33.74907
2021-08-25 00:00:00.000,19.585539
2021-08-25 02:00:00.000,14.322175
2021-08-25 04:00:00.000,18.064682
2021-08-25 06:00:00.000,30.301783
2021-08-25 08:00:00.000,39.51142
2021-08-25 10:00:00.000,40.831398
2021-08-25 12:00:00.000,38.802624
2021-08-25 14:00:00.000,34.612892
2021-08-25 16:00:00.000,33.68521
2021-08-25 18:00:00.000,40.65089
2021-08-25 20:00:00.000,46.525436
2021-08-25 22:00:00.000,33.05305
2021-08-26 00:00:00.000,19.076603
2021-08-26 02:00:00.000,13.983202
2021-08-26 04:00:00.000,17.6228
2021-08-26 06:00:00.000,30.000792
2021-08-26 08:00:00.000,39.33043
2021-08-26 10:00:00.000,40.48524
2021-08-26 12:00:00.000,38.632
2021-08-26 14:00:00.000,34.68331
2021-08-26 16:00:00.000,33.78696
2021-08-26 18:00:00.000,40.752316
2021-08-26 20:00:00.000,46.154922
2021-08-26 22:00:00.000,33.345608
2021-08-27 00:00:00.000,19.199919
2021-08-27 02:00:00.000,14.171079
2021-08-27 04:00:00.000,17.790329
2021-08-27 06:00:00.000,29.736073
2021-08-27 08:00:00.000,38.91246
2021-08-27 10:00:00.000,40.121216
2021-08-27 12:00:00.000,37.85073
2021-08-27 14:00:00.000,33.710228
2021-08-27 16:00:00.000,32.59025
2021-08-27 18:00:00.000,38.75933
2021-08-27 20:00:00.000,45.22831
2021-08-27 22:00:00.000,33.881126
2021-08-28 00:00:00.000,20.096521
2021-08-28 02:00:00.000,14.253962
2021-08-28 04:00:00.000,16.943901
2021-08-28 06:00:00.000,28.506487
2021-08-28 08:00:00.000,37.58089
2021-08-28 10:00:00.000,38.59977
2021-08-28 12:00:00.000,36.95809
2021-08-28 14:00:00.000,33.12448
2021-08-28 16:00:00.000,31.381754
2021-08-28 18:00:00.000,36.737534
2021-08-28 20:00:00.000,42.998863
2021-08-28 22:00:00.000,33.62936
2021-08-29 00:00:00.000,20.32102
2021-08-29 02:00:00.000,14.191779
2021-08-29 04:00:00.000,16.624334
2021-08-29 06:00:00.000,27.459278
2021-08-29 08:00:00.000,37.281914
2021-08-29 10:00:00.000,39.30688
2021-08-29 12:00:00.000,38.409306
2021-08-29 14:00:00.000,34.738857
2021-08-29 16:00:00.000,32.953842
2021-08-29 18:00:00.000,38.69956
2021-08-29 20:00:00.000,44.368675
2021-08-29 22:00:00.000,33.40399
2021-08-30 00:00:00.000,20.691702
2021-08-30 02:00:00.000,14.577556
2021-08-30 04:00:00.000,17.73925
2021-08-30 06:00:00.000,29.683098
2021-08-30 08:00:00.000,39.10086
2021-08-30 10:00:00.000,40.540863
2021-08-30 12:00:00.000,38.69147
2021-08-30 14:00:00.000,34.838333
2021-08-30 16:00:00.000,33.78018
2021-08-30 18:00:00.000,40.09742
2021-08-30 20:00:00.000,45.049583
2021-08-30 22:00:00.000,33.16398
2021-08-31 00:00:00.000,19.177118
2021-09-01 02:00:00.000,13.686174
2021-09-01 04:00:00.000,17.900417
2021-09-01 06:00:00.000,28.861385
2021-09-01 08:00:00.000,34.129734
2021-09-01 10:00:00.000,37.187595
2021-09-01 12:00:00.000,37.393646
2021-09-01 14:00:00.000,34.810253
2021-09-01 16:00:00.000,34.419113
2021-09-01 18:00:00.000,40.307793
2021-09-01 20:00:00.000,42.959126
2021-09-01 22:00:00.000,29.741673
2021-09-02 00:00:00.000,17.180182
2021-09-02 02:00:00.000,13.384471
2021-09-02 04:00:00.000,17.983765
2021-09-02 06:00:00.000,28.452887
2021-09-02 08:00:00.000,33.235756
2021-09-02 10:00:00.000,35.448013
2021-09-02 12:00:00.000,36.939785
2021-09-02 14:00:00.000,35.35131
2021-09-02 16:00:00.000,35.489
2021-09-02 18:00:00.000,41.42643
2021-09-02 20:00:00.000,43.632904
2021-09-02 22:00:00.000,29.826992
2021-09-03 00:00:00.000,17.288937
2021-09-03 02:00:00.000,13.291911
2021-09-03 04:00:00.000,17.67918
2021-09-03 06:00:00.000,28.814201
2021-09-03 08:00:00.000,34.452858
2021-09-03 10:00:00.000,36.707214
2021-09-03 12:00:00.000,37.864418
2021-09-03 14:00:00.000,35.863743
2021-09-03 16:00:00.000,36.159893
2021-09-03 18:00:00.000,41.996315
2021-09-03 20:00:00.000,46.120174
2021-09-03 22:00:00.000,33.06848
2021-09-04 00:00:00.000,19.091364
2021-09-04 02:00:00.000,14.402438
2021-09-04 04:00:00.000,17.90604
2021-09-04 06:00:00.000,30.462334
2021-09-04 08:00:00.000,39.762848
2021-09-04 10:00:00.000,40.99626
2021-09-04 12:00:00.000,39.904217
2021-09-04 14:00:00.000,35.792645
2021-09-04 16:00:00.000,34.441082
2021-09-04 18:00:00.000,38.814846
2021-09-04 20:00:00.000,44.113533
2021-09-04 22:00:00.000,33.52467
2021-09-05 00:00:00.000,20.218536
2021-09-05 02:00:00.000,14.251206
2021-09-05 04:00:00.000,16.902195
2021-09-05 06:00:00.000,28.626934
2021-09-05 08:00:00.000,39.500893
2021-09-05 10:00:00.000,41.257313
2021-09-05 12:00:00.000,40.355835
2021-09-05 14:00:00.000,36.6485
2021-09-05 16:00:00.000,35.44536
2021-09-05 18:00:00.000,40.731407
2021-09-05 20:00:00.000,44.428288
2021-09-05 22:00:00.000,32.652264
2021-09-06 00:00:00.000,19.503962
2021-09-06 02:00:00.000,14.492633
2021-09-06 04:00:00.000,18.150969
2021-09-06 06:00:00.000,28.612398
2021-09-06 08:00:00.000,34.18247
2021-09-06 10:00:00.000,36.677696
2021-09-06 12:00:00.000,38.13549
2021-09-06 14:00:00.000,35.806324
2021-09-06 16:00:00.000,35.380203
2021-09-06 18:00:00.000,40.62716
2021-09-06 20:00:00.000,43.632015
2021-09-06 22:00:00.000,30.70929
2021-09-07 00:00:00.000,17.978611
2021-09-07 02:00:00.000,13.994206
2021-09-07 04:00:00.000,18.192984
2021-09-07 06:00:00.000,29.00439
2021-09-07 08:00:00.000,34.535187
2021-09-07 10:00:00.000,36.73129
2021-09-07 12:00:00.000,37.57874
2021-09-07 14:00:00.000,35.442375
2021-09-07 16:00:00.000,35.903778
2021-09-07 18:00:00.000,41.763023
2021-09-07 20:00:00.000,44.32265
2021-09-07 22:00:00.000,30.776142
2021-09-08 00:00:00.000,18.085579
2021-09-08 02:00:00.000,14.234005
2021-09-08 04:00:00.000,18.706724
2021-09-08 06:00:00.000,29.57107
2021-09-08 08:00:00.000,34.65651
2021-09-08 10:00:00.000,36.421143
2021-09-08 12:00:00.000,37.046604
2021-09-08 14:00:00.000,35.922432
2021-09-08 16:00:00.000,36.315193
2021-09-08 18:00:00.000,41.88599
2021-09-08 20:00:00.000,44.829372
2021-09-08 22:00:00.000,31.102757
2021-09-09 00:00:00.000,18.054296
2021-09-09 02:00:00.000,14.066503
2021-09-09 04:00:00.000,18.572062
2021-09-09 06:00:00.000,29.64753
2021-09-09 08:00:00.000,35.216957
2021-09-09 10:00:00.000,37.403053
2021-09-09 12:00:00.000,38.134075
2021-09-09 14:00:00.000,36.48045
2021-09-09 16:00:00.000,36.33326
2021-09-09 18:00:00.000,42.286896
2021-09-09 20:00:00.000,45.19683
2021-09-09 22:00:00.000,31.473452
2021-09-10 00:00:00.000,18.207443
2021-09-10 02:00:00.000,13.939282
2021-09-10 04:00:00.000,18.159615
2021-09-10 06:00:00.000,29.65032
2021-09-10 08:00:00.000,35.36193
2021-09-10 10:00:00.000,37.32963
2021-09-10 12:00:00.000,37.597034
2021-09-10 14:00:00.000,35.411705
2021-09-10 16:00:00.000,35.09393
2021-09-10 18:00:00.000,41.84265
2021-09-10 20:00:00.000,46.383797
2021-09-10 22:00:00.000,33.349213
2021-09-11 00:00:00.000,19.403547
2021-09-11 02:00:00.000,14.482448
2021-09-11 04:00:00.000,18.338995
2021-09-11 06:00:00.000,31.277788
2021-09-11 08:00:00.000,39.543846
2021-09-11 10:00:00.000,40.273727
2021-09-11 12:00:00.000,38.928753
2021-09-11 14:00:00.000,34.66687
2021-09-11 16:00:00.000,33.46949
2021-09-11 18:00:00.000,38.560272
2021-09-11 20:00:00.000,42.74836
2021-09-11 22:00:00.000,32.812153
2021-09-12 00:00:00.000,20.112116
2021-09-12 02:00:00.000,14.386023
2021-09-12 04:00:00.000,17.141773
2021-09-12 06:00:00.000,29.623404
2021-09-12 08:00:00.000,40.12363
2021-09-12 10:00:00.000,41.46712
2021-09-12 12:00:00.000,40.448067
2021-09-12 14:00:00.000,36.5137
2021-09-12 16:00:00.000,35.150745
2021-09-12 18:00:00.000,40.07
2021-09-12 20:00:00.000,42.42233
2021-09-12 22:00:00.000,31.200094
2021-09-13 00:00:00.000,18.652506
2021-09-13 02:00:00.000,14.354246
2021-09-13 04:00:00.000,18.521833
2021-09-13 06:00:00.000,29.99728
2021-09-13 08:00:00.000,35.976955
2021-09-13 10:00:00.000,37.8687
2021-09-13 12:00:00.000,38.10279
2021-09-13 14:00:00.000,35.820908
2021-09-13 16:00:00.000,35.267193
2021-09-13 18:00:00.000,41.933807
2021-09-13 20:00:00.000,45.70115
2021-09-13 22:00:00.000,32.007927
2021-09-14 00:00:00.000,18.56789
2021-09-14 02:00:00.000,13.810949
2021-09-14 04:00:00.000,18.218388
2021-09-14 06:00:00.000,30.433868
2021-09-14 08:00:00.000,36.24577
2021-09-14 10:00:00.000,37.923424
2021-09-14 12:00:00.000,38.031155
2021-09-14 14:00:00.000,35.98525
2021-09-14 16:00:00.000,35.883186
2021-09-14 18:00:00.000,42.861706
2021-09-14 20:00:00.000,45.717384
2021-09-14 22:00:00.000,31.655527
2021-09-15 00:00:00.000,18.117237
2021-09-15 02:00:00.000,13.9770975
2021-09-15 04:00:00.000,18.717014
2021-09-15 06:00:00.000,30.540121
2021-09-15 08:00:00.000,36.589714
2021-09-15 10:00:00.000,38.60305
2021-09-15 12:00:00.000,38.242992
2021-09-15 14:00:00.000,35.637276
2021-09-15 16:00:00.000,35.648483
2021-09-15 18:00:00.000,42.265835
2021-09-15 20:00:00.000,45.735043
2021-09-15 22:00:00.000,32.140396
2021-09-16 00:00:00.000,18.327112
2021-09-16 02:00:00.000,13.779336
2021-09-16 04:00:00.000,18.352047
2021-09-16 06:00:00.000,30.080784
2021-09-16 08:00:00.000,36.494423
2021-09-16 10:00:00.000,38.74739
2021-09-16 12:00:00.000,39.065907
2021-09-16 14:00:00.000,36.924397
2021-09-16 16:00:00.000,36.693905
2021-09-16 18:00:00.000,42.674484
2021-09-16 20:00:00.000,45.797688
2021-09-16 22:00:00.000,32.156006
2021-09-17 00:00:00.000,18.260357
2021-09-17 02:00:00.000,13.900461
2021-09-17 04:00:00.000,18.533434
2021-09-17 06:00:00.000,32.013954
2021-09-17 08:00:00.000,40.614086
2021-09-17 10:00:00.000,42.47032
2021-09-17 12:00:00.000,40.474136
2021-09-17 14:00:00.000,36.488117
2021-09-17 16:00:00.000,35.808884
2021-09-17 18:00:00.000,42.401917
2021-09-17 20:00:00.000,46.858097
2021-09-17 22:00:00.000,34.837807
2021-09-18 00:00:00.000,20.778437
2021-09-18 02:00:00.000,15.1943245
2021-09-18 04:00:00.000,18.44043
2021-09-18 06:00:00.000,31.708559
2021-09-18 08:00:00.000,41.25224
2021-09-18 10:00:00.000,42.410305
2021-09-18 12:00:00.000,41.15878
2021-09-18 14:00:00.000,36.735203
2021-09-18 16:00:00.000,35.274178
2021-09-18 18:00:00.000,40.138756
2021-09-18 20:00:00.000,44.72087
2021-09-18 22:00:00.000,34.633224
2021-09-19 00:00:00.000,20.615734
2021-09-19 02:00:00.000,14.564743
2021-09-19 04:00:00.000,17.095215
2021-09-19 06:00:00.000,29.63657
2021-09-19 08:00:00.000,40.784653
2021-09-19 10:00:00.000,42.97106
2021-09-19 12:00:00.000,42.65206
2021-09-19 14:00:00.000,38.874027
2021-09-19 16:00:00.000,37.713474
2021-09-19 18:00:00.000,42.149513
2021-09-19 20:00:00.000,44.90421
2021-09-19 22:00:00.000,33.828495
2021-09-20 00:00:00.000,19.812767
2021-09-20 02:00:00.000,14.67124
2021-09-20 04:00:00.000,18.483557
2021-09-20 06:00:00.000,30.724827
2021-09-20 08:00:00.000,38.565235
2021-09-20 10:00:00.000,41.13167
2021-09-20 12:00:00.000,41.027584
2021-09-20 14:00:00.000,38.02941
2021-09-20 16:00:00.000,37.420254
2021-09-20 18:00:00.000,43.52231
2021-09-20 20:00:00.000,46.498745
2021-09-20 22:00:00.000,32.91038
2021-09-21 00:00:00.000,18.81064
2021-09-21 02:00:00.000,13.58505
2021-09-21 04:00:00.000,18.119188
2021-09-21 06:00:00.000,29.957012
2021-09-21 08:00:00.000,36.50229
2021-09-21 10:00:00.000,38.928993
2021-09-21 12:00:00.000,39.08141
2021-09-21 14:00:00.000,37.001835
2021-09-21 16:00:00.000,37.119537
2021-09-21 18:00:00.000,43.75236
2021-09-21 20:00:00.000,46.899685
2021-09-21 22:00:00.000,33.501713
2021-09-22 00:00:00.000,19.146072
2021-09-22 02:00:00.000,14.189321
2021-09-22 04:00:00.000,18.768028
2021-09-22 06:00:00.000,30.485308
2021-09-22 08:00:00.000,37.02782
2021-09-22 10:00:00.000,39.42423
2021-09-22 12:00:00.000,39.271187
2021-09-22 14:00:00.000,36.704906
2021-09-22 16:00:00.000,37.25908
2021-09-22 18:00:00.000,43.492733
2021-09-22 20:00:00.000,46.884216
2021-09-22 22:00:00.000,33.059372
2021-09-23 00:00:00.000,18.622997
2021-09-23 02:00:00.000,13.796666
2021-09-23 04:00:00.000,18.198135
2021-09-23 06:00:00.000,29.731892
2021-09-23 08:00:00.000,36.44536
2021-09-23 10:00:00.000,38.924072
2021-09-23 12:00:00.000,39.23906
2021-09-23 14:00:00.000,36.99129
2021-09-23 16:00:00.000,37.215164
2021-09-23 18:00:00.000,44.086853
2021-09-23 20:00:00.000,47.491535
2021-09-23 22:00:00.000,34.28087
2021-09-24 00:00:00.000,19.473282
2021-09-24 02:00:00.000,15.352813
2021-09-24 04:00:00.000,19.411314
2021-09-24 06:00:00.000,31.070467
2021-09-24 08:00:00.000,37.9595
2021-09-24 10:00:00.000,39.662647
2021-09-24 12:00:00.000,39.875404
2021-09-24 14:00:00.000,37.0491
2021-09-24 16:00:00.000,37.249477
2021-09-24 18:00:00.000,43.514114
2021-09-24 20:00:00.000,47.99239
2021-09-24 22:00:00.000,36.283382
2021-09-25 00:00:00.000,21.396185
2021-09-25 02:00:00.000,15.305701
2021-09-25 04:00:00.000,18.670439
2021-09-25 06:00:00.000,31.471754
2021-09-25 08:00:00.000,41.1994
2021-09-25 10:00:00.000,42.934647
2021-09-25 12:00:00.000,41.82827
2021-09-25 14:00:00.000,37.497784
2021-09-25 16:00:00.000,36.442635
2021-09-25 18:00:00.000,41.024555
2021-09-25 20:00:00.000,45.96456
2021-09-25 22:00:00.000,36.5552
2021-09-26 00:00:00.000,22.112196
2021-09-26 02:00:00.000,15.062617
2021-09-26 04:00:00.000,17.439878
2021-09-26 06:00:00.000,29.809185
2021-09-26 08:00:00.000,41.263767
2021-09-26 10:00:00.000,43.877346
2021-09-26 12:00:00.000,43.05946
2021-09-26 14:00:00.000,38.604034
2021-09-26 16:00:00.000,37.536404
2021-09-26 18:00:00.000,42.03163
2021-09-26 20:00:00.000,44.550808
2021-09-26 22:00:00.000,33.94103
2021-09-27 00:00:00.000,20.102404
2021-09-27 02:00:00.000,14.579149
2021-09-27 04:00:00.000,18.024675
2021-09-27 06:00:00.000,29.528624
2021-09-27 08:00:00.000,35.875668
2021-09-27 10:00:00.000,38.812965
2021-09-27 12:00:00.000,39.540977
2021-09-27 14:00:00.000,36.986034
2021-09-27 16:00:00.000,37.25555
2021-09-27 18:00:00.000,43.551525
2021-09-27 20:00:00.000,47.17986
2021-09-27 22:00:00.000,33.8056
2021-09-28 00:00:00.000,19.05426
2021-09-28 02:00:00.000,13.920723
2021-09-28 04:00:00.000,18.093979
2021-09-28 06:00:00.000,29.43166
2021-09-28 08:00:00.000,35.644394
2021-09-28 10:00:00.000,38.134476
2021-09-28 12:00:00.000,38.0652
2021-09-28 14:00:00.000,36.24212
2021-09-28 16:00:00.000,36.80047
2021-09-28 18:00:00.000,43.81855
2021-09-28 20:00:00.000,47.08614
2021-09-28 22:00:00.000,33.413464
2021-09-29 00:00:00.000,19.06836
2021-09-29 02:00:00.000,14.367892
2021-09-29 04:00:00.000,18.545116
2021-09-29 06:00:00.000,30.202631
2021-09-29 08:00:00.000,36.16863
2021-09-29 10:00:00.000,38.217155
2021-09-29 12:00:00.000,38.285217
2021-09-29 14:00:00.000,36.381207
2021-09-29 16:00:00.000,37.039467
2021-09-29 18:00:00.000,43.51734
2021-09-29 20:00:00.000,46.86682
2021-09-29 22:00:00.000,33.174225
2021-09-30 00:00:00.000,18.888556
2021-10-01 02:00:00.000,13.7523575
2021-10-01 04:00:00.000,18.157856
2021-10-01 06:00:00.000,30.077997
2021-10-01 08:00:00.000,36.633846
2021-10-01 10:00:00.000,39.104847
2021-10-01 12:00:00.000,39.17274
2021-10-01 14:00:00.000,36.20747
2021-10-01 16:00:00.000,36.4567
2021-10-01 18:00:00.000,43.115524
2021-10-01 20:00:00.000,47.34368
2021-10-01 22:00:00.000,35.48271
2021-10-02 00:00:00.000,20.80701
2021-10-02 02:00:00.000,14.690343
2021-10-02 04:00:00.000,17.951004
2021-10-02 06:00:00.000,30.810896
2021-10-02 08:00:00.000,40.049473
2021-10-02 10:00:00.000,41.586983
2021-10-02 12:00:00.000,40.55529
2021-10-02 14:00:00.000,36.00991
2021-10-02 16:00:00.000,35.210342
2021-10-02 18:00:00.000,40.43013
2021-10-02 20:00:00.000,44.703598
2021-10-02 22:00:00.000,34.619385
2021-10-03 00:00:00.000,20.91899
2021-10-03 02:00:00.000,14.431669
2021-10-03 04:00:00.000,17.052773
2021-10-03 06:00:00.000,29.728489
2021-10-03 08:00:00.000,40.798546
2021-10-03 10:00:00.000,42.62835
2021-10-03 12:00:00.000,41.92814
2021-10-03 14:00:00.000,37.70478
2021-10-03 16:00:00.000,36.889294
2021-10-03 18:00:00.000,41.665318
2021-10-03 20:00:00.000,43.686924
2021-10-03 22:00:00.000,32.37008
2021-10-04 00:00:00.000,19.02639
2021-10-04 02:00:00.000,13.746553
2021-10-04 04:00:00.000,17.312899
2021-10-04 06:00:00.000,29.660568
2021-10-04 08:00:00.000,36.86973
2021-10-04 10:00:00.000,39.452106
2021-10-04 12:00:00.000,39.62039
2021-10-04 14:00:00.000,36.83245
2021-10-04 16:00:00.000,36.634
2021-10-04 18:00:00.000,39.611233
2021-10-04 20:00:00.000,41.89638
2021-10-04 22:00:00.000,30.309355
2021-10-05 00:00:00.000,18.282063
2021-10-05 02:00:00.000,13.517217
2021-10-05 04:00:00.000,17.759644
2021-10-05 06:00:00.000,30.302952
2021-10-05 08:00:00.000,37.516132
2021-10-05 10:00:00.000,40.189762
2021-10-05 12:00:00.000,40.262993
2021-10-05 14:00:00.000,36.674328
2021-10-05 16:00:00.000,36.83815
2021-10-05 18:00:00.000,42.971252
2021-10-05 20:00:00.000,46.030437
2021-10-05 22:00:00.000,33.004486
2021-10-06 00:00:00.000,18.669786
2021-10-06 02:00:00.000,13.631947
2021-10-06 04:00:00.000,17.917028
2021-10-06 06:00:00.000,30.146622
2021-10-06 08:00:00.000,36.99888
2021-10-06 10:00:00.000,38.46893
2021-10-06 12:00:00.000,38.198715
2021-10-06 14:00:00.000,35.863216
2021-10-06 16:00:00.000,36.64293
2021-10-06 18:00:00.000,43.87843
2021-10-06 20:00:00.000,46.769382
2021-10-06 22:00:00.000,32.774094
2021-10-07 00:00:00.000,18.543827
2021-10-07 02:00:00.000,13.545006
2021-10-07 04:00:00.000,17.931412
2021-10-07 06:00:00.000,30.149004
2021-10-07 08:00:00.000,36.98652
2021-10-07 10:00:00.000,38.63464
2021-10-07 12:00:00.000,38.783268
2021-10-07 14:00:00.000,36.162354
2021-10-07 16:00:00.000,36.77652
2021-10-07 18:00:00.000,43.16089
2021-10-07 20:00:00.000,45.284176
2021-10-07 22:00:00.000,31.696745
2021-10-08 00:00:00.000,17.85458
2021-10-08 02:00:00.000,13.181949
2021-10-08 04:00:00.000,17.579794
2021-10-08 06:00:00.000,30.07971
2021-10-08 08:00:00.000,36.759136
2021-10-08 10:00:00.000,38.47543
2021-10-08 12:00:00.000,38.68035
2021-10-08 14:00:00.000,35.635895
2021-10-08 16:00:00.000,36.702774
2021-10-08 18:00:00.000,43.489918
2021-10-08 20:00:00.000,46.341393
2021-10-08 22:00:00.000,34.08451
2021-10-09 00:00:00.000,19.628233
2021-10-09 02:00:00.000,14.304233
2021-10-09 04:00:00.000,18.05879
2021-10-09 06:00:00.000,31.658497
2021-10-09 08:00:00.000,40.614075
2021-10-09 10:00:00.000,41.029305
2021-10-09 12:00:00.000,40.079185
2021-10-09 14:00:00.000,35.579582
2021-10-09 16:00:00.000,35.752247
2021-10-09 18:00:00.000,40.90114
2021-10-09 20:00:00.000,44.441196
2021-10-09 22:00:00.000,34.168938
2021-10-10 00:00:00.000,20.275442
2021-10-10 02:00:00.000,13.712372
2021-10-10 04:00:00.000,16.865875
2021-10-10 06:00:00.000,30.465342
2021-10-10 08:00:00.000,41.221592
2021-10-10 10:00:00.000,42.645775
2021-10-10 12:00:00.000,41.698215
2021-10-10 14:00:00.000,37.180714
2021-10-10 16:00:00.000,36.744423
2021-10-10 18:00:00.000,41.928856
2021-10-10 20:00:00.000,43.363876
2021-10-10 22:00:00.000,32.20515
2021-10-11 00:00:00.000,19.174564
2021-10-11 02:00:00.000,13.639722
2021-10-11 04:00:00.000,17.3991
2021-10-11 06:00:00.000,29.756784
2021-10-11 08:00:00.000,36.699333
2021-10-11 10:00:00.000,38.965435
2021-10-11 12:00:00.000,39.53556
2021-10-11 14:00:00.000,36.5975
2021-10-11 16:00:00.000,37.08675
2021-10-11 18:00:00.000,43.343708
2021-10-11 20:00:00.000,45.35339
2021-10-11 22:00:00.000,32.673798
2021-10-12 00:00:00.000,18.818192
2021-10-12 02:00:00.000,13.772642
2021-10-12 04:00:00.000,18.179293
2021-10-12 06:00:00.000,30.519096
2021-10-12 08:00:00.000,36.94963
2021-10-12 10:00:00.000,38.794518
2021-10-12 12:00:00.000,39.080273
2021-10-12 14:00:00.000,36.409565
2021-10-12 16:00:00.000,37.516052
2021-10-12 18:00:00.000,43.97411
2021-10-12 20:00:00.000,46.259655
2021-10-12 22:00:00.000,32.60543
2021-10-13 00:00:00.000,18.589035
2021-10-13 02:00:00.000,13.953487
2021-10-13 04:00:00.000,18.501226
2021-10-13 06:00:00.000,30.615345
2021-10-13 08:00:00.000,37.08719
2021-10-13 10:00:00.000,39.098957
2021-10-13 12:00:00.000,39.521954
2021-10-13 14:00:00.000,36.86985
2021-10-13 16:00:00.000,38.135586
2021-10-13 18:00:00.000,44.78778
2021-10-13 20:00:00.000,46.619377
2021-10-13 22:00:00.000,33.220646
2021-10-14 00:00:00.000,18.963308
2021-10-14 02:00:00.000,14.375042
2021-10-14 04:00:00.000,19.010387
2021-10-14 06:00:00.000,30.876884
2021-10-14 08:00:00.000,37.176395
2021-10-14 10:00:00.000,39.078568
2021-10-14 12:00:00.000,39.441532
2021-10-14 14:00:00.000,37.48068
2021-10-14 16:00:00.000,38.69734
2021-10-14 18:00:00.000,44.95347
2021-10-14 20:00:00.000,46.794735
2021-10-14 22:00:00.000,33.31897
2021-10-15 00:00:00.000,19.3703
2021-10-15 02:00:00.000,14.576785
2021-10-15 04:00:00.000,18.623495
2021-10-15 06:00:00.000,30.26552
2021-10-15 08:00:00.000,36.82658
2021-10-15 10:00:00.000,39.31314
2021-10-15 12:00:00.000,40.03147
2021-10-15 14:00:00.000,37.61588
2021-10-15 16:00:00.000,38.730213
2021-10-15 18:00:00.000,45.49625
2021-10-15 20:00:00.000,48.59999
2021-10-15 22:00:00.000,36.202
2021-10-16 00:00:00.000,21.207273
2021-10-16 02:00:00.000,15.3296
2021-10-16 04:00:00.000,18.746634
2021-10-16 06:00:00.000,31.92841
2021-10-16 08:00:00.000,41.313114
2021-10-16 10:00:00.000,42.275024
2021-10-16 12:00:00.000,41.450954
2021-10-16 14:00:00.000,37.07436
2021-10-16 16:00:00.000,37.36743
2021-10-16 18:00:00.000,42.45201
2021-10-16 20:00:00.000,46.44783
2021-10-16 22:00:00.000,35.931572
2021-10-17 00:00:00.000,22.1715
2021-10-17 02:00:00.000,15.143688
2021-10-17 04:00:00.000,17.731394
2021-10-17 06:00:00.000,30.716803
2021-10-17 08:00:00.000,42.07645
2021-10-17 10:00:00.000,43.510822
2021-10-17 12:00:00.000,42.379562
2021-10-17 14:00:00.000,38.0757
2021-10-17 16:00:00.000,37.9278
2021-10-17 18:00:00.000,43.502964
2021-10-17 20:00:00.000,45.572495
2021-10-17 22:00:00.000,34.100246
2021-10-18 00:00:00.000,20.155634
2021-10-18 02:00:00.000,15.209864
2021-10-18 04:00:00.000,18.778172
2021-10-18 06:00:00.000,30.845333
2021-10-18 08:00:00.000,37.777664
2021-10-18 10:00:00.000,40.1603
2021-10-18 12:00:00.000,40.411854
2021-10-18 14:00:00.000,37.57646
2021-10-18 16:00:00.000,38.70843
2021-10-18 18:00:00.000,45.399895
2021-10-18 20:00:00.000,47.91806
2021-10-18 22:00:00.000,34.2129
2021-10-19 00:00:00.000,19.653463
2021-10-19 02:00:00.000,14.433105
2021-10-19 04:00:00.000,18.643633
2021-10-19 06:00:00.000,30.959772
2021-10-19 08:00:00.000,37.480103
2021-10-19 10:00:00.000,39.842995
2021-10-19 12:00:00.000,40.471394
2021-10-19 14:00:00.000,38.244656
2021-10-19 16:00:00.000,39.252247
2021-10-19 18:00:00.000,45.88017
2021-10-19 20:00:00.000,48.668312
2021-10-19 22:00:00.000,34.46115
2021-10-20 00:00:00.000,19.459486
2021-10-20 02:00:00.000,14.481131
2021-10-20 04:00:00.000,18.848269
2021-10-20 06:00:00.000,31.144598
2021-10-20 08:00:00.000,37.853313
2021-10-20 10:00:00.000,40.176094
2021-10-20 12:00:00.000,40.80917
2021-10-20 14:00:00.000,38.281586
2021-10-20 16:00:00.000,38.967342
2021-10-20 18:00:00.000,45.891483
2021-10-20 20:00:00.000,48.4692
2021-10-20 22:00:00.000,34.185047
2021-10-21 00:00:00.000,19.646143
2021-10-21 02:00:00.000,14.636058
2021-10-21 04:00:00.000,19.122618
2021-10-21 06:00:00.000,31.69075
2021-10-21 08:00:00.000,38.31894
2021-10-21 10:00:00.000,40.126965
2021-10-21 12:00:00.000,40.332714
2021-10-21 14:00:00.000,37.743393
2021-10-21 16:00:00.000,38.480103
2021-10-21 18:00:00.000,45.330414
2021-10-21 20:00:00.000,48.26023
2021-10-21 22:00:00.000,34.30834
2021-10-22 00:00:00.000,19.394657
2021-10-22 02:00:00.000,14.2742195
2021-10-22 04:00:00.000,18.655872
2021-10-22 06:00:00.000,31.414667
2021-10-22 08:00:00.000,38.53919
2021-10-22 10:00:00.000,40.41123
2021-10-22 12:00:00.000,41.197453
2021-10-22 14:00:00.000,37.90653
2021-10-22 16:00:00.000,38.859863
2021-10-22 18:00:00.000,45.401222
2021-10-22 20:00:00.000,49.844852
2021-10-22 22:00:00.000,36.820107
2021-10-23 00:00:00.000,21.630228
2021-10-23 02:00:00.000,15.557858
2021-10-23 04:00:00.000,19.032877
2021-10-23 06:00:00.000,33.08332
2021-10-23 08:00:00.000,43.547413
2021-10-23 10:00:00.000,44.425453
2021-10-23 12:00:00.000,43.28293
2021-10-23 14:00:00.000,38.05792
2021-10-23 16:00:00.000,38.227806
2021-10-23 18:00:00.000,43.10972
2021-10-23 20:00:00.000,48.235634
2021-10-23 22:00:00.000,38.53838
2021-10-24 00:00:00.000,23.81973
2021-10-24 02:00:00.000,16.211662
2021-10-24 04:00:00.000,18.607676
2021-10-24 06:00:00.000,31.580364
2021-10-24 08:00:00.000,43.891674
2021-10-24 10:00:00.000,46.243797
2021-10-24 12:00:00.000,45.741608
2021-10-24 14:00:00.000,40.05062
2021-10-24 16:00:00.000,39.76719
2021-10-24 18:00:00.000,43.864117
2021-10-24 20:00:00.000,46.1884
2021-10-24 22:00:00.000,35.382477
2021-10-25 00:00:00.000,21.676678
2021-10-25 02:00:00.000,15.915855
2021-10-25 04:00:00.000,19.547302
2021-10-25 06:00:00.000,32.38609
2021-10-25 08:00:00.000,42.042824
2021-10-25 10:00:00.000,43.75429
2021-10-25 12:00:00.000,42.84207
2021-10-25 14:00:00.000,38.563957
2021-10-25 16:00:00.000,39.31239
2021-10-25 18:00:00.000,46.00657
2021-10-25 20:00:00.000,49.477684
2021-10-25 22:00:00.000,35.98768
2021-10-26 00:00:00.000,20.898409
2021-10-26 02:00:00.000,15.035976
2021-10-26 04:00:00.000,19.17671
2021-10-26 06:00:00.000,32.45802
2021-10-26 08:00:00.000,41.849064
2021-10-26 10:00:00.000,43.621605
2021-10-26 12:00:00.000,42.549664
2021-10-26 14:00:00.000,38.330406
2021-10-26 16:00:00.000,39.305412
2021-10-26 18:00:00.000,46.465187
2021-10-26 20:00:00.000,49.761597
2021-10-26 22:00:00.000,36.094337
2021-10-27 00:00:00.000,21.05644
2021-10-27 02:00:00.000,15.188215
2021-10-27 04:00:00.000,19.091175
2021-10-27 06:00:00.000,32.647816
2021-10-27 08:00:00.000,42.51628
2021-10-27 10:00:00.000,43.901882
2021-10-27 12:00:00.000,42.653606
2021-10-27 14:00:00.000,38.489113
2021-10-27 16:00:00.000,39.558403
2021-10-27 18:00:00.000,46.381336
2021-10-27 20:00:00.000,50.02323
2021-10-27 22:00:00.000,36.5881
2021-10-28 00:00:00.000,21.200487
2021-10-28 02:00:00.000,15.153788
2021-10-28 04:00:00.000,18.988644
2021-10-28 06:00:00.000,32.200287
2021-10-28 08:00:00.000,43.20158
2021-10-28 10:00:00.000,45.128475
2021-10-28 12:00:00.000,43.2813
2021-10-28 14:00:00.000,39.02821
2021-10-28 16:00:00.000,39.782494
2021-10-28 18:00:00.000,46.652184
2021-10-28 20:00:00.000,50.269913
2021-10-28 22:00:00.000,36.530903
2021-10-29 00:00:00.000,21.112848
2021-10-29 02:00:00.000,14.81607
2021-10-29 04:00:00.000,18.353909
2021-10-29 06:00:00.000,31.676062
2021-10-29 08:00:00.000,42.340683
2021-10-29 10:00:00.000,43.75827
2021-10-29 12:00:00.000,42.30478
2021-10-29 14:00:00.000,37.757324
2021-10-29 16:00:00.000,38.88429
2021-10-29 18:00:00.000,45.369007
2021-10-29 20:00:00.000,49.938473
2021-10-29 22:00:00.000,38.048946
2021-10-30 00:00:00.000,22.64674
2021-10-30 02:00:00.000,15.116448
2021-10-30 04:00:00.000,17.892605
2021-10-30 06:00:00.000,31.062702
2021-10-30 08:00:00.000,42.978218
2021-10-30 10:00:00.000,44.611526
2021-10-30 12:00:00.000,43.011974
2021-10-30 14:00:00.000,37.45358
2021-10-30 16:00:00.000,37.517776
2021-10-30 18:00:00.000,42.84814
2021-10-30 20:00:00.000,47.462795
2021-10-30 22:00:00.000,37.651432
2021-10-31 00:00:00.000,22.906946
2021-11-01 02:00:00.000,15.333845
2021-11-01 04:00:00.000,18.24366
2021-11-01 06:00:00.000,32.38811
2021-11-01 08:00:00.000,45.186043
2021-11-01 10:00:00.000,46.87174
2021-11-01 12:00:00.000,44.183193
2021-11-01 14:00:00.000,38.67775
2021-11-01 16:00:00.000,39.701416
2021-11-01 18:00:00.000,46.41554
2021-11-01 20:00:00.000,50.96287
2021-11-01 22:00:00.000,37.949135
2021-11-02 00:00:00.000,21.904938
2021-11-02 02:00:00.000,15.307024
2021-11-02 04:00:00.000,18.79809
2021-11-02 06:00:00.000,32.463413
2021-11-02 08:00:00.000,45.562157
2021-11-02 10:00:00.000,47.980312
2021-11-02 12:00:00.000,45.304016
2021-11-02 14:00:00.000,39.75824
2021-11-02 16:00:00.000,40.2944
2021-11-02 18:00:00.000,46.814774
2021-11-02 20:00:00.000,50.789642
2021-11-02 22:00:00.000,38.10913
2021-11-03 00:00:00.000,22.049643
2021-11-03 02:00:00.000,15.298997
2021-11-03 04:00:00.000,18.625257
2021-11-03 06:00:00.000,31.864883
2021-11-03 08:00:00.000,45.126575
2021-11-03 10:00:00.000,48.774574
2021-11-03 12:00:00.000,46.72546
2021-11-03 14:00:00.000,41.123142
2021-11-03 16:00:00.000,41.72633
2021-11-03 18:00:00.000,47.59928
2021-11-03 20:00:00.000,51.64394
2021-11-03 22:00:00.000,39.525856
2021-11-04 00:00:00.000,23.137001
2021-11-04 02:00:00.000,15.996236
2021-11-04 04:00:00.000,18.768314
2021-11-04 06:00:00.000,31.190805
2021-11-04 08:00:00.000,44.960434
2021-11-04 10:00:00.000,48.772964
2021-11-04 12:00:00.000,46.94732
2021-11-04 14:00:00.000,42.25076
2021-11-04 16:00:00.000,41.968994
2021-11-04 18:00:00.000,47.2071
2021-11-04 20:00:00.000,51.093765
2021-11-04 22:00:00.000,39.63489
2021-11-05 00:00:00.000,23.91162
2021-11-05 02:00:00.000,16.160984
2021-11-05 04:00:00.000,18.250448
2021-11-05 06:00:00.000,30.110725
2021-11-05 08:00:00.000,43.666718
2021-11-05 10:00:00.000,47.911057
2021-11-05 12:00:00.000,46.78697
2021-11-05 14:00:00.000,41.5804
2021-11-05 16:00:00.000,41.462498
2021-11-05 18:00:00.000,47.398235
2021-11-05 20:00:00.000,52.25084
2021-11-05 22:00:00.000,40.85251
2021-11-06 00:00:00.000,24.28041
2021-11-06 02:00:00.000,16.342524
2021-11-06 04:00:00.000,17.852766
2021-11-06 06:00:00.000,28.974699
2021-11-06 08:00:00.000,42.50603
2021-11-06 10:00:00.000,46.684856
2021-11-06 12:00:00.000,45.807518
2021-11-06 14:00:00.000,40.06282
2021-11-06 16:00:00.000,40.00234
2021-11-06 18:00:00.000,45.648136
2021-11-06 20:00:00.000,50.877625
2021-11-06 22:00:00.000,41.289227
2021-11-07 00:00:00.000,24.727018
2021-11-07 02:00:00.000,15.989998
2021-11-07 04:00:00.000,17.134659
2021-11-07 06:00:00.000,27.946102
2021-11-07 08:00:00.000,42.019333
2021-11-07 10:00:00.000,46.504086
2021-11-07 12:00:00.000,46.04715
2021-11-07 14:00:00.000,40.58782
2021-11-07 16:00:00.000,40.97741
2021-11-07 18:00:00.000,46.72844
2021-11-07 20:00:00.000,48.773968
2021-11-07 22:00:00.000,37.6487
2021-11-08 00:00:00.000,22.588114
2021-11-08 02:00:00.000,15.888435
2021-11-08 04:00:00.000,18.859184
2021-11-08 06:00:00.000,30.715763
2021-11-08 08:00:00.000,39.066765
2021-11-08 10:00:00.000,42.274513
2021-11-08 12:00:00.000,42.85425
2021-11-08 14:00:00.000,39.037468
2021-11-08 16:00:00.000,40.720856
2021-11-08 18:00:00.000,47.867584
2021-11-08 20:00:00.000,51.811134
2021-11-08 22:00:00.000,37.804234
2021-11-09 00:00:00.000,21.579811
2021-11-09 02:00:00.000,15.334795
2021-11-09 04:00:00.000,18.431587
2021-11-09 06:00:00.000,30.506298
2021-11-09 08:00:00.000,38.725925
2021-11-09 10:00:00.000,41.44794
2021-11-09 12:00:00.000,42.551258
2021-11-09 14:00:00.000,38.763096
2021-11-09 16:00:00.000,40.25079
2021-11-09 18:00:00.000,47.405342
2021-11-09 20:00:00.000,51.690544
2021-11-09 22:00:00.000,37.6178
2021-11-10 00:00:00.000,21.509327
2021-11-10 02:00:00.000,15.178639
2021-11-10 04:00:00.000,18.237514
2021-11-10 06:00:00.000,30.269012
2021-11-10 08:00:00.000,38.673992
2021-11-10 10:00:00.000,41.69623
2021-11-10 12:00:00.000,42.7514
2021-11-10 14:00:00.000,38.342556
2021-11-10 16:00:00.000,39.932594
2021-11-10 18:00:00.000,46.94518
2021-11-10 20:00:00.000,50.66033
2021-11-10 22:00:00.000,36.468098
2021-11-11 00:00:00.000,20.628662
2021-11-11 02:00:00.000,14.922358
2021-11-11 04:00:00.000,18.339214
2021-11-11 06:00:00.000,30.414236
2021-11-11 08:00:00.000,38.494133
2021-11-11 10:00:00.000,40.643665
2021-11-11 12:00:00.000,41.638557
2021-11-11 14:00:00.000,37.85597
2021-11-11 16:00:00.000,39.93604
2021-11-11 18:00:00.000,46.93583
2021-11-11 20:00:00.000,49.93759
2021-11-11 22:00:00.000,36.25426
2021-11-12 00:00:00.000,20.506536
2021-11-12 02:00:00.000,14.9719
2021-11-12 04:00:00.000,18.0838
2021-11-12 06:00:00.000,29.912565
2021-11-12 08:00:00.000,38.096657
2021-11-12 10:00:00.000,40.88972
2021-11-12 12:00:00.000,41.930817
2021-11-12 14:00:00.000,38.414135
2021-11-12 16:00:00.000,39.844677
2021-11-12 18:00:00.000,46.867466
2021-11-12 20:00:00.000,51.990425
2021-11-12 22:00:00.000,38.757977
2021-11-13 00:00:00.000,22.137833
2021-11-13 02:00:00.000,15.2529125
2021-11-13 04:00:00.000,17.55897
2021-11-13 06:00:00.000,29.98074
2021-11-13 08:00:00.000,42.375515
2021-11-13 10:00:00.000,44.35421
2021-11-13 12:00:00.000,43.671757
2021-11-13 14:00:00.000,38.524487
2021-11-13 16:00:00.000,38.517082
2021-11-13 18:00:00.000,43.823853
2021-11-13 20:00:00.000,48.7431
2021-11-13 22:00:00.000,38.647667
2021-11-14 00:00:00.000,22.86668
2021-11-14 02:00:00.000,15.238563
2021-11-14 04:00:00.000,16.542408
2021-11-14 06:00:00.000,28.128954
2021-11-14 08:00:00.000,42.187824
2021-11-14 10:00:00.000,45.246525
2021-11-14 12:00:00.000,44.6123
2021-11-14 14:00:00.000,40.22513
2021-11-14 16:00:00.000,39.679764
2021-11-14 18:00:00.000,45.50462
2021-11-14 20:00:00.000,46.7701
2021-11-14 22:00:00.000,35.268112
2021-11-15 00:00:00.000,20.77813
2021-11-15 02:00:00.000,15.074577
2021-11-15 04:00:00.000,17.878988
2021-11-15 06:00:00.000,29.081734
2021-11-15 08:00:00.000,36.346188
2021-11-15 10:00:00.000,39.48747
2021-11-15 12:00:00.000,41.001884
2021-11-15 14:00:00.000,38.366676
2021-11-15 16:00:00.000,40.020607
2021-11-15 18:00:00.000,45.864567
2021-11-15 20:00:00.000,49.004578
2021-11-15 22:00:00.000,35.456005
2021-11-16 00:00:00.000,20.668161
2021-11-16 02:00:00.000,15.207616
2021-11-16 04:00:00.000,18.37237
2021-11-16 06:00:00.000,30.61097
2021-11-16 08:00:00.000,37.74811
2021-11-16 10:00:00.000,40.21425
2021-11-16 12:00:00.000,41.7408
2021-11-16 14:00:00.000,38.477913
2021-11-16 16:00:00.000,40.331154
2021-11-16 18:00:00.000,47.104275
2021-11-16 20:00:00.000,50.023422
2021-11-16 22:00:00.000,35.3016
2021-11-17 00:00:00.000,20.160076
2021-11-17 02:00:00.000,14.820131
2021-11-17 04:00:00.000,18.43117
2021-11-17 06:00:00.000,30.395033
2021-11-17 08:00:00.000,37.387848
2021-11-17 10:00:00.000,40.207962
2021-11-17 12:00:00.000,41.507214
2021-11-17 14:00:00.000,38.24723
2021-11-17 16:00:00.000,40.181072
2021-11-17 18:00:00.000,46.829914
2021-11-17 20:00:00.000,49.777206
2021-11-17 22:00:00.000,35.248936
2021-11-18 00:00:00.000,20.352783
2021-11-18 02:00:00.000,15.050643
2021-11-18 04:00:00.000,18.735205
2021-11-18 06:00:00.000,30.614119
2021-11-18 08:00:00.000,37.60807
2021-11-18 10:00:00.000,40.358707
2021-11-18 12:00:00.000,41.437687
2021-11-18 14:00:00.000,38.32052
2021-11-18 16:00:00.000,39.895912
2021-11-18 18:00:00.000,45.989246
2021-11-18 20:00:00.000,48.81929
2021-11-18 22:00:00.000,34.84092
2021-11-19 00:00:00.000,19.942621
2021-11-19 02:00:00.000,14.721379
2021-11-19 04:00:00.000,18.626923
2021-11-19 06:00:00.000,30.463726
2021-11-19 08:00:00.000,37.139214
2021-11-19 10:00:00.000,39.861996
2021-11-19 12:00:00.000,41.98309
2021-11-19 14:00:00.000,39.03842
2021-11-19 16:00:00.000,40.618855
2021-11-19 18:00:00.000,46.76153
2021-11-19 20:00:00.000,51.173378
2021-11-19 22:00:00.000,37.970795
2021-11-20 00:00:00.000,21.75179
2021-11-20 02:00:00.000,15.446742
2021-11-20 04:00:00.000,18.824175
2021-11-20 06:00:00.000,31.766998
2021-11-20 08:00:00.000,44.067963
2021-11-20 10:00:00.000,45.55582
2021-11-20 12:00:00.000,44.377953
2021-11-20 14:00:00.000,39.573166
2021-11-20 16:00:00.000,39.437057
2021-11-20 18:00:00.000,43.97923
2021-11-20 20:00:00.000,48.308674
2021-11-20 22:00:00.000,38.663406
2021-11-21 00:00:00.000,22.925257
2021-11-21 02:00:00.000,15.509745
2021-11-21 04:00:00.000,17.008272
2021-11-21 06:00:00.000,28.718214
2021-11-21 08:00:00.000,42.955315
2021-11-21 10:00:00.000,45.85847
2021-11-21 12:00:00.000,45.064297
2021-11-21 14:00:00.000,40.422516
2021-11-21 16:00:00.000,40.126858
2021-11-21 18:00:00.000,44.84577
2021-11-21 20:00:00.000,46.28546
2021-11-21 22:00:00.000,34.8056
2021-11-22 00:00:00.000,20.799412
2021-11-22 02:00:00.000,15.298205
2021-11-22 04:00:00.000,18.345345
2021-11-22 06:00:00.000,29.370358
2021-11-22 08:00:00.000,37.44097
2021-11-22 10:00:00.000,40.429073
2021-11-22 12:00:00.000,41.874847
2021-11-22 14:00:00.000,38.65202
2021-11-22 16:00:00.000,39.956806
2021-11-22 18:00:00.000,45.605297
2021-11-22 20:00:00.000,49.012413
2021-11-22 22:00:00.000,35.280758
2021-11-23 00:00:00.000,20.270935
2021-11-23 02:00:00.000,14.919103
2021-11-23 04:00:00.000,18.177143
2021-11-23 06:00:00.000,29.933044
2021-11-23 08:00:00.000,37.5244
2021-11-23 10:00:00.000,40.781013
2021-11-23 12:00:00.000,42.02787
2021-11-23 14:00:00.000,38.7159
2021-11-23 16:00:00.000,40.066326
2021-11-23 18:00:00.000,46.06681
2021-11-23 20:00:00.000,49.2787
2021-11-23 22:00:00.000,35.295086
2021-11-24 00:00:00.000,20.482994
2021-11-24 02:00:00.000,15.2206335
2021-11-24 04:00:00.000,18.860188
2021-11-24 06:00:00.000,30.487793
2021-11-24 08:00:00.000,38.188324
2021-11-24 10:00:00.000,41.147923
2021-11-24 12:00:00.000,42.310585
2021-11-24 14:00:00.000,38.769222
2021-11-24 16:00:00.000,39.3391
2021-11-24 18:00:00.000,45.23585
2021-11-24 20:00:00.000,48.53353
2021-11-24 22:00:00.000,34.970825
2021-11-25 00:00:00.000,20.38904
2021-11-25 02:00:00.000,15.214346
2021-11-25 04:00:00.000,18.84067
2021-11-25 06:00:00.000,30.361359
2021-11-25 08:00:00.000,37.995804
2021-11-25 10:00:00.000,41.092632
2021-11-25 12:00:00.000,42.468506
2021-11-25 14:00:00.000,38.885643
2021-11-25 16:00:00.000,39.426167
2021-11-25 18:00:00.000,45.21358
2021-11-25 20:00:00.000,47.81751
2021-11-25 22:00:00.000,34.761917
2021-11-26 00:00:00.000,20.042677
2021-11-26 02:00:00.000,14.735392
2021-11-26 04:00:00.000,18.4589
2021-11-26 06:00:00.000,30.137913
2021-11-26 08:00:00.000,38.21128
2021-11-26 10:00:00.000,41.37278
2021-11-26 12:00:00.000,43.542732
2021-11-26 14:00:00.000,39.940407
2021-11-26 16:00:00.000,40.073017
2021-11-26 18:00:00.000,45.60516
2021-11-26 20:00:00.000,50.08271
2021-11-26 22:00:00.000,37.824947
2021-11-27 00:00:00.000,21.92392
2021-11-27 02:00:00.000,15.384515
2021-11-27 04:00:00.000,18.105768
2021-11-27 06:00:00.000,30.622332
2021-11-27 08:00:00.000,43.700165
2021-11-27 10:00:00.000,46.38979
2021-11-27 12:00:00.000,45.76304
2021-11-27 14:00:00.000,40.304554
2021-11-27 16:00:00.000,39.754837
2021-11-27 18:00:00.000,44.568516
2021-11-27 20:00:00.000,48.66094
2021-11-27 22:00:00.000,38.7487
2021-11-28 00:00:00.000,22.920218
2021-11-28 02:00:00.000,15.197012
2021-11-28 04:00:00.000,16.80369
2021-11-28 06:00:00.000,28.393
2021-11-28 08:00:00.000,43.177876
2021-11-28 10:00:00.000,46.8219
2021-11-28 12:00:00.000,45.92719
2021-11-28 14:00:00.000,41.209606
2021-11-28 16:00:00.000,40.897877
2021-11-28 18:00:00.000,45.547882
2021-11-28 20:00:00.000,47.050438
2021-11-28 22:00:00.000,35.867275
2021-11-29 00:00:00.000,21.321909
2021-11-29 02:00:00.000,15.221916
2021-11-29 04:00:00.000,18.264683
2021-11-29 06:00:00.000,29.851366
2021-11-29 08:00:00.000,38.526154
2021-11-29 10:00:00.000,42.017525
2021-11-29 12:00:00.000,43.051697
2021-11-29 14:00:00.000,39.16855
2021-11-29 16:00:00.000,40.27181
2021-11-29 18:00:00.000,46.46142
2021-11-29 20:00:00.000,49.666794
2021-11-29 22:00:00.000,35.409554
2021-11-30 00:00:00.000,20.760855
2021-12-01 02:00:00.000,15.490838
2021-12-01 04:00:00.000,19.08958
2021-12-01 06:00:00.000,30.103731
2021-12-01 08:00:00.000,38.92135
2021-12-01 10:00:00.000,42.086693
2021-12-01 12:00:00.000,42.64124
2021-12-01 14:00:00.000,38.674793
2021-12-01 16:00:00.000,39.97393
2021-12-01 18:00:00.000,46.47135
2021-12-01 20:00:00.000,50.21166
2021-12-01 22:00:00.000,36.88006
2021-12-02 00:00:00.000,21.306715
2021-12-02 02:00:00.000,15.652396
2021-12-02 04:00:00.000,18.983412
2021-12-02 06:00:00.000,30.366766
2021-12-02 08:00:00.000,38.66562
2021-12-02 10:00:00.000,41.52907
2021-12-02 12:00:00.000,42.46161
2021-12-02 14:00:00.000,38.502373
2021-12-02 16:00:00.000,39.614197
2021-12-02 18:00:00.000,46.586014
2021-12-02 20:00:00.000,50.588886
2021-12-02 22:00:00.000,36.1678
2021-12-03 00:00:00.000,20.544422
2021-12-03 02:00:00.000,15.286692
2021-12-03 04:00:00.000,18.439991
2021-12-03 06:00:00.000,30.217604
2021-12-03 08:00:00.000,39.15287
2021-12-03 10:00:00.000,42.17522
2021-12-03 12:00:00.000,42.935402
2021-12-03 14:00:00.000,38.701283
2021-12-03 16:00:00.000,39.59434
2021-12-03 18:00:00.000,45.826786
2021-12-03 20:00:00.000,51.34005
2021-12-03 22:00:00.000,38.84627
2021-12-04 00:00:00.000,22.44492
2021-12-04 02:00:00.000,15.521902
2021-12-04 04:00:00.000,17.906794
2021-12-04 06:00:00.000,30.127035
2021-12-04 08:00:00.000,43.47436
2021-12-04 10:00:00.000,45.65678
2021-12-04 12:00:00.000,44.647552
2021-12-04 14:00:00.000,39.56386
2021-12-04 16:00:00.000,39.042942
2021-12-04 18:00:00.000,43.835606
2021-12-04 20:00:00.000,48.576187
2021-12-04 22:00:00.000,38.554024
2021-12-05 00:00:00.000,22.601643
2021-12-05 02:00:00.000,15.095901
2021-12-05 04:00:00.000,16.31606
2021-12-05 06:00:00.000,27.068153
2021-12-05 08:00:00.000,42.042347
2021-12-05 10:00:00.000,45.938595
2021-12-05 12:00:00.000,45.160614
2021-12-05 14:00:00.000,40.49245
2021-12-05 16:00:00.000,40.12945
2021-12-05 18:00:00.000,44.889034
2021-12-05 20:00:00.000,47.351418
2021-12-05 22:00:00.000,35.6147
2021-12-06 00:00:00.000,21.403893
2021-12-06 02:00:00.000,15.466613
2021-12-06 04:00:00.000,18.244015
2021-12-06 06:00:00.000,29.52766
2021-12-06 08:00:00.000,38.504723
2021-12-06 10:00:00.000,42.02016
2021-12-06 12:00:00.000,42.61221
2021-12-06 14:00:00.000,38.788486
2021-12-06 16:00:00.000,39.91196
2021-12-06 18:00:00.000,45.644558
2021-12-06 20:00:00.000,49.713818
2021-12-06 22:00:00.000,36.316746
2021-12-07 00:00:00.000,20.863651
2021-12-07 02:00:00.000,15.161922
2021-12-07 04:00:00.000,18.371262
2021-12-07 06:00:00.000,30.28533
2021-12-07 08:00:00.000,39.293037
2021-12-07 10:00:00.000,42.392475
2021-12-07 12:00:00.000,42.969185
2021-12-07 14:00:00.000,39.15528
2021-12-07 16:00:00.000,40.203453
2021-12-07 18:00:00.000,45.882523
2021-12-07 20:00:00.000,49.638096
2021-12-07 22:00:00.000,36.055004
2021-12-08 00:00:00.000,20.67893
2021-12-08 02:00:00.000,15.1613655
2021-12-08 04:00:00.000,18.619915
2021-12-08 06:00:00.000,30.174698
2021-12-08 08:00:00.000,39.054623
2021-12-08 10:00:00.000,41.8191
2021-12-08 12:00:00.000,42.517666
2021-12-08 14:00:00.000,38.628384
2021-12-08 16:00:00.000,39.51818
2021-12-08 18:00:00.000,45.387383
2021-12-08 20:00:00.000,49.214813
2021-12-08 22:00:00.000,36.521286
2021-12-09 00:00:00.000,21.018167
2021-12-09 02:00:00.000,15.2848015
2021-12-09 04:00:00.000,18.839552
2021-12-09 06:00:00.000,30.615616
2021-12-09 08:00:00.000,39.348587
2021-12-09 10:00:00.000,42.712643
2021-12-09 12:00:00.000,43.24287
2021-12-09 14:00:00.000,39.391994
2021-12-09 16:00:00.000,40.374775
2021-12-09 18:00:00.000,46.4623
2021-12-09 20:00:00.000,50.117535
2021-12-09 22:00:00.000,36.77226
2021-12-10 00:00:00.000,21.086472
2021-12-10 02:00:00.000,15.277701
2021-12-10 04:00:00.000,18.46027
2021-12-10 06:00:00.000,30.443378
2021-12-10 08:00:00.000,39.703426
2021-12-10 10:00:00.000,42.434822
2021-12-10 12:00:00.000,42.91011
2021-12-10 14:00:00.000,39.175293
2021-12-10 16:00:00.000,39.965023
2021-12-10 18:00:00.000,46.20989
2021-12-10 20:00:00.000,51.70033
2021-12-10 22:00:00.000,39.012238
2021-12-11 00:00:00.000,22.491856
2021-12-11 02:00:00.000,15.640508
2021-12-11 04:00:00.000,17.848425
2021-12-11 06:00:00.000,30.097813
2021-12-11 08:00:00.000,43.885044
2021-12-11 10:00:00.000,46.206783
2021-12-11 12:00:00.000,45.23513
2021-12-11 14:00:00.000,40.020638
2021-12-11 16:00:00.000,39.332863
2021-12-11 18:00:00.000,44.294033
2021-12-11 20:00:00.000,49.55916
2021-12-11 22:00:00.000,39.215622
2021-12-12 00:00:00.000,23.603798
2021-12-12 02:00:00.000,15.745397
2021-12-12 04:00:00.000,16.913168
2021-12-12 06:00:00.000,28.185198
2021-12-12 08:00:00.000,43.501
2021-12-12 10:00:00.000,46.91183
2021-12-12 12:00:00.000,45.536175
2021-12-12 14:00:00.000,40.673187
2021-12-12 16:00:00.000,40.449455
2021-12-12 18:00:00.000,45.382687
2021-12-12 20:00:00.000,47.31989
2021-12-12 22:00:00.000,35.65558
2021-12-13 00:00:00.000,21.468878
2021-12-13 02:00:00.000,15.52229
2021-12-13 04:00:00.000,18.49918
2021-12-13 06:00:00.000,29.89376
2021-12-13 08:00:00.000,39.27547
2021-12-13 10:00:00.000,42.87378
2021-12-13 12:00:00.000,43.421753
2021-12-13 14:00:00.000,39.40363
2021-12-13 16:00:00.000,40.34734
2021-12-13 18:00:00.000,46.30819
2021-12-13 20:00:00.000,50.416264
2021-12-13 22:00:00.000,36.654907
2021-12-14 00:00:00.000,21.112112
2021-12-14 02:00:00.000,15.295215
2021-12-14 04:00:00.000,18.16865
2021-12-14 06:00:00.000,30.00109
2021-12-14 08:00:00.000,39.069977
2021-12-14 10:00:00.000,42.120674
2021-12-14 12:00:00.000,42.542976
2021-12-14 14:00:00.000,38.676094
2021-12-14 16:00:00.000,39.74277
2021-12-14 18:00:00.000,46.317337
2021-12-14 20:00:00.000,50.188335
2021-12-14 22:00:00.000,36.548904
2021-12-15 00:00:00.000,21.258059
2021-12-15 02:00:00.000,15.480957
2021-12-15 04:00:00.000,18.784416
2021-12-15 06:00:00.000,29.628155
2021-12-15 08:00:00.000,37.987034
2021-12-15 10:00:00.000,40.86809
2021-12-15 12:00:00.000,41.102608
2021-12-15 14:00:00.000,37.6871
2021-12-15 16:00:00.000,38.870674
2021-12-15 18:00:00.000,45.590435
2021-12-15 20:00:00.000,49.52641
2021-12-15 22:00:00.000,35.93648
2021-12-16 00:00:00.000,20.897495
2021-12-16 02:00:00.000,15.329004
2021-12-16 04:00:00.000,18.576258
2021-12-16 06:00:00.000,29.8635
2021-12-16 08:00:00.000,38.41352
2021-12-16 10:00:00.000,41.456505
2021-12-16 12:00:00.000,42.361847
2021-12-16 14:00:00.000,38.78364
2021-12-16 16:00:00.000,39.53667
2021-12-16 18:00:00.000,45.897015
2021-12-16 20:00:00.000,49.873055
2021-12-16 22:00:00.000,36.530083
2021-12-17 00:00:00.000,21.3913
2021-12-17 02:00:00.000,15.635364
2021-12-17 04:00:00.000,18.39223
2021-12-17 06:00:00.000,29.874573
2021-12-17 08:00:00.000,38.69371
2021-12-17 10:00:00.000,41.770016
2021-12-17 12:00:00.000,42.57311
2021-12-17 14:00:00.000,38.274708
2021-12-17 16:00:00.000,38.980995
2021-12-17 18:00:00.000,45.3914
2021-12-17 20:00:00.000,50.776703
2021-12-17 22:00:00.000,38.86146
2021-12-18 00:00:00.000,22.670898
2021-12-18 02:00:00.000,15.585336
2021-12-18 04:00:00.000,17.81496
2021-12-18 06:00:00.000,29.833649
2021-12-18 08:00:00.000,43.31084
2021-12-18 10:00:00.000,45.521603
2021-12-18 12:00:00.000,44.387905
2021-12-18 14:00:00.000,38.938133
2021-12-18 16:00:00.000,38.362564
2021-12-18 18:00:00.000,43.558144
2021-12-18 20:00:00.000,50.02773
2021-12-18 22:00:00.000,40.46669
2021-12-19 00:00:00.000,24.3691
2021-12-19 02:00:00.000,15.966025
2021-12-19 04:00:00.000,16.680864
2021-12-19 06:00:00.000,27.587654
2021-12-19 08:00:00.000,42.725304
2021-12-19 10:00:00.000,45.949383
2021-12-19 12:00:00.000,45.4044
2021-12-19 14:00:00.000,40.235565
2021-12-19 16:00:00.000,39.7051
2021-12-19 18:00:00.000,45.29956
2021-12-19 20:00:00.000,47.895317
2021-12-19 22:00:00.000,36.463196
2021-12-20 00:00:00.000,21.613754
2021-12-20 02:00:00.000,15.78316
2021-12-20 04:00:00.000,18.427023
2021-12-20 06:00:00.000,29.762815
2021-12-20 08:00:00.000,38.605278
2021-12-20 10:00:00.000,41.35717
2021-12-20 12:00:00.000,41.938046
2021-12-20 14:00:00.000,38.280373
2021-12-20 16:00:00.000,39.187504
2021-12-20 18:00:00.000,45.38505
2021-12-20 20:00:00.000,49.398273
2021-12-20 22:00:00.000,36.457413
2021-12-21 00:00:00.000,21.02955
2021-12-21 02:00:00.000,15.23761
2021-12-21 04:00:00.000,18.18058
2021-12-21 06:00:00.000,29.700512
2021-12-21 08:00:00.000,38.379635
2021-12-21 10:00:00.000,41.02336
2021-12-21 12:00:00.000,41.57594
2021-12-21 14:00:00.000,38.04772
2021-12-21 16:00:00.000,38.887432
2021-12-21 18:00:00.000,45.327488
2021-12-21 20:00:00.000,49.09135
2021-12-21 22:00:00.000,36.245335
2021-12-22 00:00:00.000,21.282843
2021-12-22 02:00:00.000,15.467595
2021-12-22 04:00:00.000,18.642685
2021-12-22 06:00:00.000,29.986572
2021-12-22 08:00:00.000,39.13385
2021-12-22 10:00:00.000,41.66784
2021-12-22 12:00:00.000,42.2125
2021-12-22 14:00:00.000,38.43445
2021-12-22 16:00:00.000,39.08651
2021-12-22 18:00:00.000,45.242886
2021-12-22 20:00:00.000,48.98855
2021-12-22 22:00:00.000,36.04457
2021-12-23 00:00:00.000,21.109945
2021-12-23 02:00:00.000,15.633297
2021-12-23 04:00:00.000,18.643763
2021-12-23 06:00:00.000,30.130962
2021-12-23 08:00:00.000,39.234592
2021-12-23 10:00:00.000,42.011982
2021-12-23 12:00:00.000,43.290604
2021-12-23 14:00:00.000,39.02371
2021-12-23 16:00:00.000,38.972675
2021-12-23 18:00:00.000,45.240383
2021-12-23 20:00:00.000,49.429123
2021-12-23 22:00:00.000,36.27537
2021-12-24 00:00:00.000,21.230276
2021-12-24 02:00:00.000,15.625221
2021-12-24 04:00:00.000,18.347103
2021-12-24 06:00:00.000,29.386723
2021-12-24 08:00:00.000,38.595947
2021-12-24 10:00:00.000,41.193165
2021-12-24 12:00:00.000,42.58082
2021-12-24 14:00:00.000,39.287914
2021-12-24 16:00:00.000,39.424446
2021-12-24 18:00:00.000,45.699802
2021-12-24 20:00:00.000,51.234497
2021-12-24 22:00:00.000,39.387905
2021-12-25 00:00:00.000,23.091623
2021-12-25 02:00:00.000,16.18091
2021-12-25 04:00:00.000,18.278566
2021-12-25 06:00:00.000,29.446762
2021-12-25 08:00:00.000,42.796238
2021-12-25 10:00:00.000,46.4069
2021-12-25 12:00:00.000,46.76978
2021-12-25 14:00:00.000,41.97116
2021-12-25 16:00:00.000,41.232925
2021-12-25 18:00:00.000,46.818626
2021-12-25 20:00:00.000,52.745632
2021-12-25 22:00:00.000,42.237156
2021-12-26 00:00:00.000,25.391266
2021-12-26 02:00:00.000,17.224813
2021-12-26 04:00:00.000,18.229483
2021-12-26 06:00:00.000,29.423058
2021-12-26 08:00:00.000,44.7875
2021-12-26 10:00:00.000,48.035614
2021-12-26 12:00:00.000,47.392105
2021-12-26 14:00:00.000,42.127903
2021-12-26 16:00:00.000,41.221436
2021-12-26 18:00:00.000,46.75179
2021-12-26 20:00:00.000,50.285652
2021-12-26 22:00:00.000,38.71114
2021-12-27 00:00:00.000,23.744486
2021-12-27 02:00:00.000,17.114546
2021-12-27 04:00:00.000,19.332733
2021-12-27 06:00:00.000,30.510021
2021-12-27 08:00:00.000,41.700764
2021-12-27 10:00:00.000,44.349457
2021-12-27 12:00:00.000,44.57887
2021-12-27 14:00:00.000,39.904133
2021-12-27 16:00:00.000,39.658024
2021-12-27 18:00:00.000,45.20503
2021-12-27 20:00:00.000,49.331978
2021-12-27 22:00:00.000,38.307434
2021-12-28 00:00:00.000,22.980896
2021-12-28 02:00:00.000,16.529514
2021-12-28 04:00:00.000,18.793322
2021-12-28 06:00:00.000,30.513025
2021-12-28 08:00:00.000,41.888466
2021-12-28 10:00:00.000,44.340397
2021-12-28 12:00:00.000,44.35489
2021-12-28 14:00:00.000,39.454807
2021-12-28 16:00:00.000,39.17155
2021-12-28 18:00:00.000,44.73179
2021-12-28 20:00:00.000,48.53488
2021-12-28 22:00:00.000,37.16157
2021-12-29 00:00:00.000,21.578772
2021-12-29 02:00:00.000,15.407969
2021-12-29 04:00:00.000,18.034529
2021-12-29 06:00:00.000,29.452557
2021-12-29 08:00:00.000,41.58776
2021-12-29 10:00:00.000,44.781292
2021-12-29 12:00:00.000,43.816177
2021-12-29 14:00:00.000,38.701504
2021-12-29 16:00:00.000,38.42311
2021-12-29 18:00:00.000,43.883934
2021-12-29 20:00:00.000,48.557705
2021-12-29 22:00:00.000,38.046303
2021-12-30 00:00:00.000,22.452572
2021-12-30 02:00:00.000,15.753364
2021-12-30 04:00:00.000,18.210714
2021-12-30 06:00:00.000,29.604908
2021-12-30 08:00:00.000,43.03444
2021-12-30 10:00:00.000,45.88595
2021-12-30 12:00:00.000,44.159325
2021-12-30 14:00:00.000,38.59952
2021-12-30 16:00:00.000,37.716843
2021-12-30 18:00:00.000,42.968086
2021-12-30 20:00:00.000,48.56608
2021-12-30 22:00:00.000,39.768948
2021-12-31 00:00:00.000,24.055916
2022-01-01 02:00:00.000,17.62769
2022-01-01 04:00:00.000,14.501553
2022-01-01 06:00:00.000,20.57984
2022-01-01 08:00:00.000,33.361183
2022-01-01 10:00:00.000,41.401283
2022-01-01 12:00:00.000,42.957737
2022-01-01 14:00:00.000,38.461853
2022-01-01 16:00:00.000,37.23215
2022-01-01 18:00:00.000,41.485287
2022-01-01 20:00:00.000,46.007664
2022-01-01 22:00:00.000,40.257458
2022-01-02 00:00:00.000,26.00588
2022-01-02 02:00:00.000,16.175001
2022-01-02 04:00:00.000,15.756113
2022-01-02 06:00:00.000,23.844685
2022-01-02 08:00:00.000,37.97752
2022-01-02 10:00:00.000,44.26991
2022-01-02 12:00:00.000,44.004314
2022-01-02 14:00:00.000,39.19214
2022-01-02 16:00:00.000,37.899273
2022-01-02 18:00:00.000,42.8633
2022-01-02 20:00:00.000,47.68451
2022-01-02 22:00:00.000,40.59215
2022-01-03 00:00:00.000,25.802807
2022-01-03 02:00:00.000,16.533907
2022-01-03 04:00:00.000,16.146706
2022-01-03 06:00:00.000,25.179857
2022-01-03 08:00:00.000,39.83681
2022-01-03 10:00:00.000,45.831802
2022-01-03 12:00:00.000,44.806164
2022-01-03 14:00:00.000,39.060677
2022-01-03 16:00:00.000,37.810005
2022-01-03 18:00:00.000,43.296707
2022-01-03 20:00:00.000,50.43502
2022-01-03 22:00:00.000,42.620125
2022-01-04 00:00:00.000,26.500097
2022-01-04 02:00:00.000,16.721424
2022-01-04 04:00:00.000,16.183693
2022-01-04 06:00:00.000,25.206812
2022-01-04 08:00:00.000,39.745083
2022-01-04 10:00:00.000,45.59631
2022-01-04 12:00:00.000,44.64995
2022-01-04 14:00:00.000,39.274597
2022-01-04 16:00:00.000,38.074253
2022-01-04 18:00:00.000,43.30744
2022-01-04 20:00:00.000,50.277424
2022-01-04 22:00:00.000,42.479576
2022-01-05 00:00:00.000,26.646479
2022-01-05 02:00:00.000,16.85158
2022-01-05 04:00:00.000,16.550957
2022-01-05 06:00:00.000,25.351883
2022-01-05 08:00:00.000,39.74431
2022-01-05 10:00:00.000,45.38911
2022-01-05 12:00:00.000,44.337955
2022-01-05 14:00:00.000,39.24953
2022-01-05 16:00:00.000,38.459183
2022-01-05 18:00:00.000,44.002308
2022-01-05 20:00:00.000,51.403996
2022-01-05 22:00:00.000,43.125175
2022-01-06 00:00:00.000,26.789986
2022-01-06 02:00:00.000,17.08718
2022-01-06 04:00:00.000,16.673546
2022-01-06 06:00:00.000,25.828342
2022-01-06 08:00:00.000,40.463432
2022-01-06 10:00:00.000,45.811302
2022-01-06 12:00:00.000,44.71982
2022-01-06 14:00:00.000,38.85389
2022-01-06 16:00:00.000,37.87476
2022-01-06 18:00:00.000,43.278774
2022-01-06 20:00:00.000,50.839005
2022-01-06 22:00:00.000,43.23416
2022-01-07 00:00:00.000,27.254564
2022-01-07 02:00:00.000,17.326448
2022-01-07 04:00:00.000,16.55997
2022-01-07 06:00:00.000,25.207457
2022-01-07 08:00:00.000,39.722755
2022-01-07 10:00:00.000,45.064507
2022-01-07 12:00:00.000,43.892544
2022-01-07 14:00:00.000,38.311516
2022-01-07 16:00:00.000,37.2136
2022-01-07 18:00:00.000,42.657673
2022-01-07 20:00:00.000,50.541626
2022-01-07 22:00:00.000,42.922714
2022-01-08 00:00:00.000,26.873207
2022-01-08 02:00:00.000,16.872917
2022-01-08 04:00:00.000,16.12797
2022-01-08 06:00:00.000,24.258467
2022-01-08 08:00:00.000,38.016315
2022-01-08 10:00:00.000,43.790085
2022-01-08 12:00:00.000,44.096283
2022-01-08 14:00:00.000,39.54852
2022-01-08 16:00:00.000,38.104904
2022-01-08 18:00:00.000,43.277515
2022-01-08 20:00:00.000,49.943523
2022-01-08 22:00:00.000,42.3888
2022-01-09 00:00:00.000,26.218266
2022-01-09 02:00:00.000,16.666975
2022-01-09 04:00:00.000,15.5966625
2022-01-09 06:00:00.000,23.994686
2022-01-09 08:00:00.000,38.387093
2022-01-09 10:00:00.000,44.21305
2022-01-09 12:00:00.000,44.610653
2022-01-09 14:00:00.000,40.2445
2022-01-09 16:00:00.000,38.62493
2022-01-09 18:00:00.000,42.843014
2022-01-09 20:00:00.000,45.988438
2022-01-09 22:00:00.000,36.765636
2022-01-10 00:00:00.000,23.43383
2022-01-10 02:00:00.000,16.083805
2022-01-10 04:00:00.000,17.132812
2022-01-10 06:00:00.000,26.090996
2022-01-10 08:00:00.000,35.286613
2022-01-10 10:00:00.000,39.696014
2022-01-10 12:00:00.000,41.54201
2022-01-10 14:00:00.000,38.20261
2022-01-10 16:00:00.000,38.2562
2022-01-10 18:00:00.000,43.462723
2022-01-10 20:00:00.000,48.618473
2022-01-10 22:00:00.000,37.248436
2022-01-11 00:00:00.000,22.47472
2022-01-11 02:00:00.000,15.704856
2022-01-11 04:00:00.000,16.651495
2022-01-11 06:00:00.000,26.292933
2022-01-11 08:00:00.000,35.07168
2022-01-11 10:00:00.000,38.536713
2022-01-11 12:00:00.000,40.373695
2022-01-11 14:00:00.000,37.49097
2022-01-11 16:00:00.000,37.89126
2022-01-11 18:00:00.000,43.28272
2022-01-11 20:00:00.000,48.31807
2022-01-11 22:00:00.000,36.413044
2022-01-12 00:00:00.000,21.877728
2022-01-12 02:00:00.000,15.271181
2022-01-12 04:00:00.000,17.058453
2022-01-12 06:00:00.000,26.931211
2022-01-12 08:00:00.000,34.646683
2022-01-12 10:00:00.000,38.288208
2022-01-12 12:00:00.000,40.05242
2022-01-12 14:00:00.000,37.4272
2022-01-12 16:00:00.000,37.938454
2022-01-12 18:00:00.000,43.82053
2022-01-12 20:00:00.000,48.140114
2022-01-12 22:00:00.000,35.79236
2022-01-13 00:00:00.000,21.634844
2022-01-13 02:00:00.000,15.197703
2022-01-13 04:00:00.000,17.113018
2022-01-13 06:00:00.000,27.003319
2022-01-13 08:00:00.000,35.258446
2022-01-13 10:00:00.000,38.77521
2022-01-13 12:00:00.000,40.917343
2022-01-13 14:00:00.000,37.90869
2022-01-13 16:00:00.000,37.864117
2022-01-13 18:00:00.000,43.12571
2022-01-13 20:00:00.000,47.77317
2022-01-13 22:00:00.000,35.944485
2022-01-14 00:00:00.000,21.80979
2022-01-14 02:00:00.000,15.885749
2022-01-14 04:00:00.000,17.846167
2022-01-14 06:00:00.000,27.658073
2022-01-14 08:00:00.000,35.747112
2022-01-14 10:00:00.000,39.2909
2022-01-14 12:00:00.000,41.306156
2022-01-14 14:00:00.000,37.904957
2022-01-14 16:00:00.000,37.917526
2022-01-14 18:00:00.000,43.754425
2022-01-14 20:00:00.000,50.095
2022-01-14 22:00:00.000,38.92771
2022-01-15 00:00:00.000,23.486229
2022-01-15 02:00:00.000,16.196226
2022-01-15 04:00:00.000,16.872723
2022-01-15 06:00:00.000,27.415234
2022-01-15 08:00:00.000,40.73746
2022-01-15 10:00:00.000,43.859398
2022-01-15 12:00:00.000,43.63443
2022-01-15 14:00:00.000,39.08707
2022-01-15 16:00:00.000,37.420193
2022-01-15 18:00:00.000,42.29302
2022-01-15 20:00:00.000,48.154964
2022-01-15 22:00:00.000,39.776432
2022-01-16 00:00:00.000,23.998854
2022-01-16 02:00:00.000,15.989023
2022-01-16 04:00:00.000,16.226217
2022-01-16 06:00:00.000,26.404127
2022-01-16 08:00:00.000,41.070297
2022-01-16 10:00:00.000,44.805096
2022-01-16 12:00:00.000,44.3451
2022-01-16 14:00:00.000,39.55857
2022-01-16 16:00:00.000,38.204704
2022-01-16 18:00:00.000,42.493427
2022-01-16 20:00:00.000,44.584225
2022-01-16 22:00:00.000,34.584774
2022-01-17 00:00:00.000,21.49943
2022-01-17 02:00:00.000,16.0521
2022-01-17 04:00:00.000,17.726755
2022-01-17 06:00:00.000,27.518225
2022-01-17 08:00:00.000,35.022648
2022-01-17 10:00:00.000,39.25395
2022-01-17 12:00:00.000,41.2734
2022-01-17 14:00:00.000,38.37237
2022-01-17 16:00:00.000,38.18232
2022-01-17 18:00:00.000,43.13028
2022-01-17 20:00:00.000,46.406887
2022-01-17 22:00:00.000,34.749397
2022-01-18 00:00:00.000,21.391829
2022-01-18 02:00:00.000,15.97174
2022-01-18 04:00:00.000,17.910763
2022-01-18 06:00:00.000,27.716713
2022-01-18 08:00:00.000,36.005287
2022-01-18 10:00:00.000,39.10631
2022-01-18 12:00:00.000,41.26264
2022-01-18 14:00:00.000,38.086533
2022-01-18 16:00:00.000,38.205128
2022-01-18 18:00:00.000,43.69781
2022-01-18 20:00:00.000,47.379993
2022-01-18 22:00:00.000,35.340805
2022-01-19 00:00:00.000,21.861698
2022-01-19 02:00:00.000,16.312424
2022-01-19 04:00:00.000,18.541956
2022-01-19 06:00:00.000,28.229527
2022-01-19 08:00:00.000,35.877174
2022-01-19 10:00:00.000,38.799854
2022-01-19 12:00:00.000,40.39943
2022-01-19 14:00:00.000,37.774937
2022-01-19 16:00:00.000,38.288223
2022-01-19 18:00:00.000,43.973278
2022-01-19 20:00:00.000,47.840343
2022-01-19 22:00:00.000,35.33709
2022-01-20 00:00:00.000,21.43763
2022-01-20 02:00:00.000,16.375826
2022-01-20 04:00:00.000,18.425251
2022-01-20 06:00:00.000,28.704523
2022-01-20 08:00:00.000,36.58174
2022-01-20 10:00:00.000,39.800613
2022-01-20 12:00:00.000,41.65281
2022-01-20 14:00:00.000,38.49149
2022-01-20 16:00:00.000,38.690758
2022-01-20 18:00:00.000,43.972416
2022-01-20 20:00:00.000,47.568893
2022-01-20 22:00:00.000,35.1978
2022-01-21 00:00:00.000,21.367981
2022-01-21 02:00:00.000,16.21031
2022-01-21 04:00:00.000,18.52172
2022-01-21 06:00:00.000,28.821028
2022-01-21 08:00:00.000,37.12479
2022-01-21 10:00:00.000,40.474323
2022-01-21 12:00:00.000,44.928
2022-01-21 14:00:00.000,41.979237
2022-01-21 16:00:00.000,41.719902
2022-01-21 18:00:00.000,45.966164
2022-01-21 20:00:00.000,48.977417
2022-01-21 22:00:00.000,37.73535
2022-01-22 00:00:00.000,22.813206
2022-01-22 02:00:00.000,16.36518
2022-01-22 04:00:00.000,17.800875
2022-01-22 06:00:00.000,28.89332
2022-01-22 08:00:00.000,41.41789
2022-01-22 10:00:00.000,43.887825
2022-01-22 12:00:00.000,43.394405
2022-01-22 14:00:00.000,38.99216
2022-01-22 16:00:00.000,37.61665
2022-01-22 18:00:00.000,41.99542
2022-01-22 20:00:00.000,47.243767
2022-01-22 22:00:00.000,38.422287
2022-01-23 00:00:00.000,22.86739
2022-01-23 02:00:00.000,15.734239
2022-01-23 04:00:00.000,16.228985
2022-01-23 06:00:00.000,26.39051
2022-01-23 08:00:00.000,40.678753
2022-01-23 10:00:00.000,44.482754
2022-01-23 12:00:00.000,44.17187
2022-01-23 14:00:00.000,39.847622
2022-01-23 16:00:00.000,38.283337
2022-01-23 18:00:00.000,42.587353
2022-01-23 20:00:00.000,46.073246
2022-01-23 22:00:00.000,33.87566
2022-01-24 00:00:00.000,20.866587
2022-01-24 02:00:00.000,15.324971
2022-01-24 04:00:00.000,17.685034
2022-01-24 06:00:00.000,28.303217
2022-01-24 08:00:00.000,37.31875
2022-01-24 10:00:00.000,41.111523
2022-01-24 12:00:00.000,42.25568
2022-01-24 14:00:00.000,38.662205
2022-01-24 16:00:00.000,38.437332
2022-01-24 18:00:00.000,43.781185
2022-01-24 20:00:00.000,47.895985
2022-01-24 22:00:00.000,35.7196
2022-01-25 00:00:00.000,21.717176
2022-01-25 02:00:00.000,16.202744
2022-01-25 04:00:00.000,18.413174
2022-01-25 06:00:00.000,29.07451
2022-01-25 08:00:00.000,38.68897
2022-01-25 10:00:00.000,42.141697
2022-01-25 12:00:00.000,43.02527
2022-01-25 14:00:00.000,38.880417
2022-01-25 16:00:00.000,38.462864
2022-01-25 18:00:00.000,43.969704
2022-01-25 20:00:00.000,47.730953
2022-01-25 22:00:00.000,35.49081
2022-01-26 00:00:00.000,21.669338
2022-01-26 02:00:00.000,16.014883
2022-01-26 04:00:00.000,18.160006
2022-01-26 06:00:00.000,28.94313
2022-01-26 08:00:00.000,38.371162
2022-01-26 10:00:00.000,41.77594
2022-01-26 12:00:00.000,42.65764
2022-01-26 14:00:00.000,38.81779
2022-01-26 16:00:00.000,38.63271
2022-01-26 18:00:00.000,44.259365
2022-01-26 20:00:00.000,48.04309
2022-01-26 22:00:00.000,35.853283
2022-01-27 00:00:00.000,21.70634
2022-01-27 02:00:00.000,16.43734
2022-01-27 04:00:00.000,18.819267
2022-01-27 06:00:00.000,30.192656
2022-01-27 08:00:00.000,40.065685
2022-01-27 10:00:00.000,43.079117
2022-01-27 12:00:00.000,43.924828
2022-01-27 14:00:00.000,39.5576
2022-01-27 16:00:00.000,38.697247
2022-01-27 18:00:00.000,44.213737
2022-01-27 20:00:00.000,48.225983
2022-01-27 22:00:00.000,35.52559
2022-01-28 00:00:00.000,21.193703
2022-01-28 02:00:00.000,15.909087
2022-01-28 04:00:00.000,18.451906
2022-01-28 06:00:00.000,30.150047
2022-01-28 08:00:00.000,40.36316
2022-01-28 10:00:00.000,43.626595
2022-01-28 12:00:00.000,44.162525
2022-01-28 14:00:00.000,39.790688
2022-01-28 16:00:00.000,38.720184
2022-01-28 18:00:00.000,43.90582
2022-01-28 20:00:00.000,49.217644
2022-01-28 22:00:00.000,37.70536
2022-01-29 00:00:00.000,22.435925
2022-01-29 02:00:00.000,15.920576
2022-01-29 04:00:00.000,17.675825
2022-01-29 06:00:00.000,29.90656
2022-01-29 08:00:00.000,43.883854
2022-01-29 10:00:00.000,46.283142
2022-01-29 12:00:00.000,45.76761
2022-01-29 14:00:00.000,40.489822
2022-01-29 16:00:00.000,38.058914
2022-01-29 18:00:00.000,42.087925
2022-01-29 20:00:00.000,47.50196
2022-01-29 22:00:00.000,37.984726
2022-01-30 00:00:00.000,23.37453
2022-01-30 02:00:00.000,15.777782
2022-01-30 04:00:00.000,16.7537
2022-01-30 06:00:00.000,28.036278
2022-01-30 08:00:00.000,42.806004
2022-01-30 10:00:00.000,46.52906
2022-01-30 12:00:00.000,46.314545
2022-01-30 14:00:00.000,41.677704
2022-01-30 16:00:00.000,39.169296
2022-01-30 18:00:00.000,42.922623
2022-01-30 20:00:00.000,46.522205
2022-01-30 22:00:00.000,34.56825
2022-01-31 00:00:00.000,20.730265
2022-02-01 02:00:00.000,15.291274
2022-02-01 04:00:00.000,17.891195
2022-02-01 06:00:00.000,29.97746
2022-02-01 08:00:00.000,40.04394
2022-02-01 10:00:00.000,43.481297
2022-02-01 12:00:00.000,44.33292
2022-02-01 14:00:00.000,40.04156
2022-02-01 16:00:00.000,39.128
2022-02-01 18:00:00.000,44.023
2022-02-01 20:00:00.000,48.49721
2022-02-01 22:00:00.000,36.22351
2022-02-02 00:00:00.000,21.729301
2022-02-02 02:00:00.000,15.864956
2022-02-02 04:00:00.000,18.53728
2022-02-02 06:00:00.000,30.785725
2022-02-02 08:00:00.000,41.091667
2022-02-02 10:00:00.000,44.32363
2022-02-02 12:00:00.000,44.603134
2022-02-02 14:00:00.000,40.190445
2022-02-02 16:00:00.000,39.332767
2022-02-02 18:00:00.000,44.196392
2022-02-02 20:00:00.000,48.44743
2022-02-02 22:00:00.000,35.483196
2022-02-03 00:00:00.000,21.103437
2022-02-03 02:00:00.000,15.5343485
2022-02-03 04:00:00.000,18.268
2022-02-03 06:00:00.000,30.508339
2022-02-03 08:00:00.000,40.80232
2022-02-03 10:00:00.000,43.764385
2022-02-03 12:00:00.000,43.822906
2022-02-03 14:00:00.000,39.68622
2022-02-03 16:00:00.000,38.95928
2022-02-03 18:00:00.000,44.023018
2022-02-03 20:00:00.000,47.964615
2022-02-03 22:00:00.000,35.378704
2022-02-04 00:00:00.000,20.949936
2022-02-04 02:00:00.000,15.446542
2022-02-04 04:00:00.000,18.124594
2022-02-04 06:00:00.000,30.2797
2022-02-04 08:00:00.000,40.96388
2022-02-04 10:00:00.000,43.886578
2022-02-04 12:00:00.000,44.00529
2022-02-04 14:00:00.000,39.715202
2022-02-04 16:00:00.000,38.76938
2022-02-04 18:00:00.000,43.96524
2022-02-04 20:00:00.000,48.539894
2022-02-04 22:00:00.000,37.364864
2022-02-05 00:00:00.000,22.15479
2022-02-05 02:00:00.000,15.436705
2022-02-05 04:00:00.000,17.007366
2022-02-05 06:00:00.000,29.188456
2022-02-05 08:00:00.000,43.46277
2022-02-05 10:00:00.000,45.762722
2022-02-05 12:00:00.000,45.268032
2022-02-05 14:00:00.000,40.75068
2022-02-05 16:00:00.000,38.611794
2022-02-05 18:00:00.000,42.26946
2022-02-05 20:00:00.000,47.621716
2022-02-05 22:00:00.000,38.716915
2022-02-06 00:00:00.000,23.782824
2022-02-06 02:00:00.000,15.839924
2022-02-06 04:00:00.000,16.440573
2022-02-06 06:00:00.000,27.396677
2022-02-06 08:00:00.000,42.542587
2022-02-06 10:00:00.000,46.266716
2022-02-06 12:00:00.000,46.209797
2022-02-06 14:00:00.000,42.354733
2022-02-06 16:00:00.000,39.742386
2022-02-06 18:00:00.000,43.392067
2022-02-06 20:00:00.000,47.138065
2022-02-06 22:00:00.000,36.682457
2022-02-07 00:00:00.000,22.540787
2022-02-07 02:00:00.000,16.167585
2022-02-07 04:00:00.000,18.835289
2022-02-07 06:00:00.000,31.328056
2022-02-07 08:00:00.000,41.69503
2022-02-07 10:00:00.000,44.599094
2022-02-07 12:00:00.000,45.249474
2022-02-07 14:00:00.000,40.747555
2022-02-07 16:00:00.000,39.82784
2022-02-07 18:00:00.000,44.832977
2022-02-07 20:00:00.000,49.304424
2022-02-07 22:00:00.000,36.616196
2022-02-08 00:00:00.000,21.417877
2022-02-08 02:00:00.000,15.5964575
2022-02-08 04:00:00.000,18.606512
2022-02-08 06:00:00.000,31.562683
2022-02-08 08:00:00.000,41.464855
2022-02-08 10:00:00.000,43.99613
2022-02-08 12:00:00.000,44.483406
2022-02-08 14:00:00.000,40.552357
2022-02-08 16:00:00.000,39.744923
2022-02-08 18:00:00.000,44.812534
2022-02-08 20:00:00.000,49.724144
2022-02-08 22:00:00.000,36.56565
2022-02-09 00:00:00.000,20.937206
2022-02-09 02:00:00.000,15.245947
2022-02-09 04:00:00.000,18.302355
2022-02-09 06:00:00.000,31.30348
2022-02-09 08:00:00.000,41.684155
2022-02-09 10:00:00.000,44.386147
2022-02-09 12:00:00.000,44.424038
2022-02-09 14:00:00.000,40.368824
2022-02-09 16:00:00.000,39.664238
2022-02-09 18:00:00.000,44.977562
2022-02-09 20:00:00.000,49.178936
2022-02-09 22:00:00.000,36.156506
2022-02-10 00:00:00.000,20.735493
2022-02-10 02:00:00.000,15.034311
2022-02-10 04:00:00.000,18.025612
2022-02-10 06:00:00.000,30.621868
2022-02-10 08:00:00.000,40.187157
2022-02-10 10:00:00.000,42.898064
2022-02-10 12:00:00.000,43.804535
2022-02-10 14:00:00.000,40.348484
2022-02-10 16:00:00.000,39.72288
2022-02-10 18:00:00.000,44.77879
2022-02-10 20:00:00.000,49.24625
2022-02-10 22:00:00.000,36.427914
2022-02-11 00:00:00.000,21.042223
2022-02-11 02:00:00.000,15.365021
2022-02-11 04:00:00.000,18.613317
2022-02-11 06:00:00.000,31.144869
2022-02-11 08:00:00.000,40.61612
2022-02-11 10:00:00.000,43.53289
2022-02-11 12:00:00.000,44.219135
2022-02-11 14:00:00.000,40.06967
2022-02-11 16:00:00.000,39.346233
2022-02-11 18:00:00.000,44.702694
2022-02-11 20:00:00.000,50.93426
2022-02-11 22:00:00.000,38.98257
2022-02-12 00:00:00.000,22.562937
2022-02-12 02:00:00.000,15.655953
2022-02-12 04:00:00.000,17.510952
2022-02-12 06:00:00.000,30.305744
2022-02-12 08:00:00.000,43.354496
2022-02-12 10:00:00.000,44.957554
2022-02-12 12:00:00.000,44.576813
2022-02-12 14:00:00.000,39.7539
2022-02-12 16:00:00.000,37.981056
2022-02-12 18:00:00.000,42.7504
2022-02-12 20:00:00.000,48.700623
2022-02-12 22:00:00.000,39.080486
2022-02-13 00:00:00.000,23.77509
2022-02-13 02:00:00.000,15.766012
2022-02-13 04:00:00.000,16.667624
2022-02-13 06:00:00.000,28.295822
2022-02-13 08:00:00.000,42.662174
2022-02-13 10:00:00.000,45.439625
2022-02-13 12:00:00.000,45.576355
2022-02-13 14:00:00.000,41.676804
2022-02-13 16:00:00.000,39.537586
2022-02-13 18:00:00.000,43.009903
2022-02-13 20:00:00.000,47.041035
2022-02-13 22:00:00.000,36.11793
2022-02-14 00:00:00.000,21.650715
2022-02-14 02:00:00.000,15.070135
2022-02-14 04:00:00.000,18.223072
2022-02-14 06:00:00.000,30.905499
2022-02-14 08:00:00.000,39.774193
2022-02-14 10:00:00.000,41.931732
2022-02-14 12:00:00.000,42.47681
2022-02-14 14:00:00.000,39.50204
2022-02-14 16:00:00.000,38.87686
2022-02-14 18:00:00.000,44.40975
2022-02-14 20:00:00.000,48.88251
2022-02-14 22:00:00.000,35.473324
2022-02-15 00:00:00.000,20.523699
2022-02-15 02:00:00.000,15.263367
2022-02-15 04:00:00.000,18.714214
2022-02-15 06:00:00.000,31.586033
2022-02-15 08:00:00.000,39.835144
2022-02-15 10:00:00.000,41.66683
2022-02-15 12:00:00.000,42.382298
2022-02-15 14:00:00.000,39.292942
2022-02-15 16:00:00.000,39.38466
2022-02-15 18:00:00.000,45.153263
2022-02-15 20:00:00.000,49.058968
2022-02-15 22:00:00.000,34.95638
2022-02-16 00:00:00.000,20.650894
2022-02-16 02:00:00.000,15.0851345
2022-02-16 04:00:00.000,18.610537
2022-02-16 06:00:00.000,31.470295
2022-02-16 08:00:00.000,39.55541
2022-02-16 10:00:00.000,41.116024
2022-02-16 12:00:00.000,42.495983
2022-02-16 14:00:00.000,39.503902
2022-02-16 16:00:00.000,39.558678
2022-02-16 18:00:00.000,45.62352
2022-02-16 20:00:00.000,49.420284
2022-02-16 22:00:00.000,34.78125
2022-02-17 00:00:00.000,20.317698
2022-02-17 02:00:00.000,15.010631
2022-02-17 04:00:00.000,18.572014
2022-02-17 06:00:00.000,31.151966
2022-02-17 08:00:00.000,39.378593
2022-02-17 10:00:00.000,41.051872
2022-02-17 12:00:00.000,42.0236
2022-02-17 14:00:00.000,39.00255
2022-02-17 16:00:00.000,39.747734
2022-02-17 18:00:00.000,45.9126
2022-02-17 20:00:00.000,49.889477
2022-02-17 22:00:00.000,35.293606
2022-02-18 00:00:00.000,20.517727
2022-02-18 02:00:00.000,15.264384
2022-02-18 04:00:00.000,18.920525
2022-02-18 06:00:00.000,31.57473
2022-02-18 08:00:00.000,39.753826
2022-02-18 10:00:00.000,41.629593
2022-02-18 12:00:00.000,43.28505
2022-02-18 14:00:00.000,39.710304
2022-02-18 16:00:00.000,39.374065
2022-02-18 18:00:00.000,45.57398
2022-02-18 20:00:00.000,50.46962
2022-02-18 22:00:00.000,38.1573
2022-02-19 00:00:00.000,22.298147
2022-02-19 02:00:00.000,15.725928
2022-02-19 04:00:00.000,18.31988
2022-02-19 06:00:00.000,31.917997
2022-02-19 08:00:00.000,43.771736
2022-02-19 10:00:00.000,44.87622
2022-02-19 12:00:00.000,44.809788
2022-02-19 14:00:00.000,40.20539
2022-02-19 16:00:00.000,38.314583
2022-02-19 18:00:00.000,42.619946
2022-02-19 20:00:00.000,48.22259
2022-02-19 22:00:00.000,38.13143
2022-02-20 00:00:00.000,22.829628
2022-02-20 02:00:00.000,15.679213
2022-02-20 04:00:00.000,17.11367
2022-02-20 06:00:00.000,29.10694
2022-02-20 08:00:00.000,43.20867
2022-02-20 10:00:00.000,45.726135
2022-02-20 12:00:00.000,45.396564
2022-02-20 14:00:00.000,41.700306
2022-02-20 16:00:00.000,39.682705
2022-02-20 18:00:00.000,43.652603
2022-02-20 20:00:00.000,47.330826
2022-02-20 22:00:00.000,36.24103
2022-02-21 00:00:00.000,22.195131
2022-02-21 02:00:00.000,15.992893
2022-02-21 04:00:00.000,18.785671
2022-02-21 06:00:00.000,30.112085
2022-02-21 08:00:00.000,38.56095
2022-02-21 10:00:00.000,41.089695
2022-02-21 12:00:00.000,42.172855
2022-02-21 14:00:00.000,39.614742
2022-02-21 16:00:00.000,39.604206
2022-02-21 18:00:00.000,45.005363
2022-02-21 20:00:00.000,51.738075
2022-02-21 22:00:00.000,38.71351
2022-02-22 00:00:00.000,22.361303
2022-02-22 02:00:00.000,16.010864
2022-02-22 04:00:00.000,19.30813
2022-02-22 06:00:00.000,32.007027
2022-02-22 08:00:00.000,40.465004
2022-02-22 10:00:00.000,42.646072
2022-02-22 12:00:00.000,43.816845
2022-02-22 14:00:00.000,40.33578
2022-02-22 16:00:00.000,40.28685
2022-02-22 18:00:00.000,46.306034
2022-02-22 20:00:00.000,52.67743
2022-02-22 22:00:00.000,40.06608
2022-02-23 00:00:00.000,23.357237
2022-02-23 02:00:00.000,16.26542
2022-02-23 04:00:00.000,19.286215
2022-02-23 06:00:00.000,33.92845
2022-02-23 08:00:00.000,48.39978
2022-02-23 10:00:00.000,49.735123
2022-02-23 12:00:00.000,47.09482
2022-02-23 14:00:00.000,41.322086
2022-02-23 16:00:00.000,39.307568
2022-02-23 18:00:00.000,44.051373
2022-02-23 20:00:00.000,49.41943
2022-02-23 22:00:00.000,37.89916
2022-02-24 00:00:00.000,22.288311
2022-02-24 02:00:00.000,15.591692
2022-02-24 04:00:00.000,18.8496
2022-02-24 06:00:00.000,33.41356
2022-02-24 08:00:00.000,44.976967
2022-02-24 10:00:00.000,47.51158
2022-02-24 12:00:00.000,48.153946
2022-02-24 14:00:00.000,43.86402
2022-02-24 16:00:00.000,42.530937
2022-02-24 18:00:00.000,49.27711
2022-02-24 20:00:00.000,53.98148
2022-02-24 22:00:00.000,39.42904
2022-02-25 00:00:00.000,23.476643
2022-02-25 02:00:00.000,16.707798
2022-02-25 04:00:00.000,20.153479
2022-02-25 06:00:00.000,33.916527
2022-02-25 08:00:00.000,42.41567
2022-02-25 10:00:00.000,43.87016
2022-02-25 12:00:00.000,45.578564
2022-02-25 14:00:00.000,42.311707
2022-02-25 16:00:00.000,41.98835
2022-02-25 18:00:00.000,47.74862
2022-02-25 20:00:00.000,55.090626
2022-02-25 22:00:00.000,42.36826
2022-02-26 00:00:00.000,24.735968
2022-02-26 02:00:00.000,17.252754
2022-02-26 04:00:00.000,20.001682
2022-02-26 06:00:00.000,34.412083
2022-02-26 08:00:00.000,46.9445
2022-02-26 10:00:00.000,48.47335
2022-02-26 12:00:00.000,48.32895
2022-02-26 14:00:00.000,43.740704
2022-02-26 16:00:00.000,41.352676
2022-02-26 18:00:00.000,46.575996
2022-02-26 20:00:00.000,53.213577
2022-02-26 22:00:00.000,43.185585
2022-02-27 00:00:00.000,26.644161
2022-02-27 02:00:00.000,17.324598
2022-02-27 04:00:00.000,18.701874
2022-02-27 06:00:00.000,31.80492
2022-02-27 08:00:00.000,46.068726
2022-02-27 10:00:00.000,48.605675
2022-02-27 12:00:00.000,49.065075
2022-02-27 14:00:00.000,45.52899
2022-02-27 16:00:00.000,42.596626
2022-02-27 18:00:00.000,47.52872
2022-02-27 20:00:00.000,52.0576
2022-02-27 22:00:00.000,40.64835
2022-02-28 00:00:00.000,24.518732
2022-03-01 02:00:00.000,16.457888
2022-03-01 04:00:00.000,19.557383
2022-03-01 06:00:00.000,31.435083
2022-03-01 08:00:00.000,38.779137
2022-03-01 10:00:00.000,40.735634
2022-03-01 12:00:00.000,42.75157
2022-03-01 14:00:00.000,40.55589
2022-03-01 16:00:00.000,40.44702
2022-03-01 18:00:00.000,47.35544
2022-03-01 20:00:00.000,53.32625
2022-03-01 22:00:00.000,39.14996
2022-03-02 00:00:00.000,22.708675
2022-03-02 02:00:00.000,16.574259
2022-03-02 04:00:00.000,20.082092
2022-03-02 06:00:00.000,33.02649
2022-03-02 08:00:00.000,39.744827
2022-03-02 10:00:00.000,41.20408
2022-03-02 12:00:00.000,42.603977
2022-03-02 14:00:00.000,40.045315
2022-03-02 16:00:00.000,39.975357
2022-03-02 18:00:00.000,46.36597
2022-03-02 20:00:00.000,51.03345
2022-03-02 22:00:00.000,36.959805
2022-03-03 00:00:00.000,21.169943
2022-03-03 02:00:00.000,15.930363
2022-03-03 04:00:00.000,19.729662
2022-03-03 06:00:00.000,32.5603
2022-03-03 08:00:00.000,38.854916
2022-03-03 10:00:00.000,40.172825
2022-03-03 12:00:00.000,41.903553
2022-03-03 14:00:00.000,40.235897
2022-03-03 16:00:00.000,40.06764
2022-03-03 18:00:00.000,46.09623
2022-03-03 20:00:00.000,51.35093
2022-03-03 22:00:00.000,36.639652
2022-03-04 00:00:00.000,20.834549
2022-03-04 02:00:00.000,15.464841
2022-03-04 04:00:00.000,17.340586
2022-03-04 06:00:00.000,28.956928
2022-03-04 08:00:00.000,34.06808
2022-03-04 10:00:00.000,35.518303
2022-03-04 12:00:00.000,36.842087
2022-03-04 14:00:00.000,34.171146
2022-03-04 16:00:00.000,33.49451
2022-03-04 18:00:00.000,38.910885
2022-03-04 20:00:00.000,43.82792
2022-03-04 22:00:00.000,32.22888
2022-03-05 00:00:00.000,19.210304
2022-03-05 02:00:00.000,14.146347
2022-03-05 04:00:00.000,17.24933
2022-03-05 06:00:00.000,28.35167
2022-03-05 08:00:00.000,34.46258
2022-03-05 10:00:00.000,36.310726
2022-03-05 12:00:00.000,37.77808
2022-03-05 14:00:00.000,34.679333
2022-03-05 16:00:00.000,33.01533
2022-03-05 18:00:00.000,37.129047
2022-03-05 20:00:00.000,42.322014
2022-03-05 22:00:00.000,33.326237
2022-03-06 00:00:00.000,20.262627
2022-03-06 02:00:00.000,14.298386
2022-03-06 04:00:00.000,16.226004
2022-03-06 06:00:00.000,27.952528
2022-03-06 08:00:00.000,37.62252
2022-03-06 10:00:00.000,38.43767
2022-03-06 12:00:00.000,38.474045
2022-03-06 14:00:00.000,35.085068
2022-03-06 16:00:00.000,33.038918
2022-03-06 18:00:00.000,36.908325
2022-03-06 20:00:00.000,42.56508
2022-03-06 22:00:00.000,34.16857
2022-03-07 00:00:00.000,21.366482
2022-03-07 02:00:00.000,15.112496
2022-03-07 04:00:00.000,17.565664
2022-03-07 06:00:00.000,30.527012
2022-03-07 08:00:00.000,41.61392
2022-03-07 10:00:00.000,42.603035
2022-03-07 12:00:00.000,40.294315
2022-03-07 14:00:00.000,36.260353
2022-03-07 16:00:00.000,34.397762
2022-03-07 18:00:00.000,39.375046
2022-03-07 20:00:00.000,45.57572
2022-03-07 22:00:00.000,36.280937
2022-03-08 00:00:00.000,21.421919
2022-03-08 02:00:00.000,14.90968
2022-03-08 04:00:00.000,17.443235
2022-03-08 06:00:00.000,30.431082
2022-03-08 08:00:00.000,41.853554
2022-03-08 10:00:00.000,43.18511
2022-03-08 12:00:00.000,41.01612
2022-03-08 14:00:00.000,36.81853
2022-03-08 16:00:00.000,34.919613
2022-03-08 18:00:00.000,39.028915
2022-03-08 20:00:00.000,43.1634
2022-03-08 22:00:00.000,32.15332
2022-03-09 00:00:00.000,19.513304
2022-03-09 02:00:00.000,14.203254
2022-03-09 04:00:00.000,17.442783
2022-03-09 06:00:00.000,28.65507
2022-03-09 08:00:00.000,34.36217
2022-03-09 10:00:00.000,36.281784
2022-03-09 12:00:00.000,36.76609
2022-03-09 14:00:00.000,34.570698
2022-03-09 16:00:00.000,34.42258
2022-03-09 18:00:00.000,39.760406
2022-03-09 20:00:00.000,43.30804
2022-03-09 22:00:00.000,31.051857
2022-03-10 00:00:00.000,18.424496
2022-03-10 02:00:00.000,14.087619
2022-03-10 04:00:00.000,17.330816
2022-03-10 06:00:00.000,27.972765
2022-03-10 08:00:00.000,33.45769
2022-03-10 10:00:00.000,35.2567
2022-03-10 12:00:00.000,36.820683
2022-03-10 14:00:00.000,34.907017
2022-03-10 16:00:00.000,35.165287
2022-03-10 18:00:00.000,40.11383
2022-03-10 20:00:00.000,44.33916
2022-03-10 22:00:00.000,31.977776
2022-03-11 00:00:00.000,19.28291
2022-03-11 02:00:00.000,14.62329
2022-03-11 04:00:00.000,18.332533
2022-03-11 06:00:00.000,29.5186
2022-03-11 08:00:00.000,34.501934
2022-03-11 10:00:00.000,35.6691
2022-03-11 12:00:00.000,37.14637
2022-03-11 14:00:00.000,34.986767
2022-03-11 16:00:00.000,34.649338
2022-03-11 18:00:00.000,40.02435
2022-03-11 20:00:00.000,45.876015
2022-03-11 22:00:00.000,34.641354
2022-03-12 00:00:00.000,21.091068
2022-03-12 02:00:00.000,15.759866
2022-03-12 04:00:00.000,18.801064
2022-03-12 06:00:00.000,31.726181
2022-03-12 08:00:00.000,39.97942
2022-03-12 10:00:00.000,40.240524
2022-03-12 12:00:00.000,40.250355
2022-03-12 14:00:00.000,36.82386
2022-03-12 16:00:00.000,34.76358
2022-03-12 18:00:00.000,39.316216
2022-03-12 20:00:00.000,45.511765
2022-03-12 22:00:00.000,37.027157
2022-03-13 00:00:00.000,24.210194
2022-03-13 02:00:00.000,17.608532
2022-03-13 04:00:00.000,19.255766
2022-03-13 06:00:00.000,30.852032
2022-03-13 08:00:00.000,40.756905
2022-03-13 10:00:00.000,42.052856
2022-03-13 12:00:00.000,41.914875
2022-03-13 14:00:00.000,38.68513
2022-03-13 16:00:00.000,36.332485
2022-03-13 18:00:00.000,39.945217
2022-03-13 20:00:00.000,44.401085
2022-03-13 22:00:00.000,34.456112
2022-03-14 00:00:00.000,22.770714
2022-03-14 02:00:00.000,18.01598
2022-03-14 04:00:00.000,21.588326
2022-03-14 06:00:00.000,32.918575
2022-03-14 08:00:00.000,37.983055
2022-03-14 10:00:00.000,39.03166
2022-03-14 12:00:00.000,39.320976
2022-03-14 14:00:00.000,37.54204
2022-03-14 16:00:00.000,37.06974
2022-03-14 18:00:00.000,42.61946
2022-03-14 20:00:00.000,47.737484
2022-03-14 22:00:00.000,35.48625
2022-03-15 00:00:00.000,22.781065
2022-03-15 02:00:00.000,18.087187
2022-03-15 04:00:00.000,22.072548
2022-03-15 06:00:00.000,33.16329
2022-03-15 08:00:00.000,37.31796
2022-03-15 10:00:00.000,38.02364
2022-03-15 12:00:00.000,38.453106
2022-03-15 14:00:00.000,37.038284
2022-03-15 16:00:00.000,36.796574
2022-03-15 18:00:00.000,41.94516
2022-03-15 20:00:00.000,45.017597
2022-03-15 22:00:00.000,32.481388
2022-03-16 00:00:00.000,20.137869
2022-03-16 02:00:00.000,16.130545
2022-03-16 04:00:00.000,19.730076
2022-03-16 06:00:00.000,30.920872
2022-03-16 08:00:00.000,34.917118
2022-03-16 10:00:00.000,35.89047
2022-03-16 12:00:00.000,36.650246
2022-03-16 14:00:00.000,35.39546
2022-03-16 16:00:00.000,34.991314
2022-03-16 18:00:00.000,39.975468
2022-03-16 20:00:00.000,44.160595
2022-03-16 22:00:00.000,31.876589
2022-03-17 00:00:00.000,19.510443
2022-03-17 02:00:00.000,15.60894
2022-03-17 04:00:00.000,19.512938
2022-03-17 06:00:00.000,30.37009
2022-03-17 08:00:00.000,34.717533
2022-03-17 10:00:00.000,35.862843
2022-03-17 12:00:00.000,37.185055
2022-03-17 14:00:00.000,36.027435
2022-03-17 16:00:00.000,35.289524
2022-03-17 18:00:00.000,39.9291
2022-03-17 20:00:00.000,43.244217
2022-03-17 22:00:00.000,30.732649
2022-03-18 00:00:00.000,18.975752
2022-03-18 02:00:00.000,15.0361805
2022-03-18 04:00:00.000,19.320183
2022-03-18 06:00:00.000,29.880388
2022-03-18 08:00:00.000,36.52021
2022-03-18 10:00:00.000,35.428303
2022-03-18 12:00:00.000,38.004715
2022-03-18 14:00:00.000,37.69621
2022-03-18 16:00:00.000,36.15588
2022-03-18 18:00:00.000,41.284054
2022-03-18 20:00:00.000,45.579224
2022-03-18 22:00:00.000,32.771126
2022-03-19 00:00:00.000,19.689293
2022-03-19 02:00:00.000,15.223939
2022-03-19 04:00:00.000,18.974724
2022-03-19 06:00:00.000,31.63141
2022-03-19 08:00:00.000,39.10179
2022-03-19 10:00:00.000,39.134945
2022-03-19 12:00:00.000,38.672718
2022-03-19 14:00:00.000,35.32656
2022-03-19 16:00:00.000,34.24896
2022-03-19 18:00:00.000,38.444374
2022-03-19 20:00:00.000,43.434093
2022-03-19 22:00:00.000,34.011528
2022-03-20 00:00:00.000,21.43216
2022-03-20 02:00:00.000,15.746874
2022-03-20 04:00:00.000,18.31288
2022-03-20 06:00:00.000,30.892504
2022-03-20 08:00:00.000,40.10748
2022-03-20 10:00:00.000,40.400658
2022-03-20 12:00:00.000,39.90765
2022-03-20 14:00:00.000,36.917156
2022-03-20 16:00:00.000,35.43758
2022-03-20 18:00:00.000,39.187206
2022-03-20 20:00:00.000,43.012806
2022-03-20 22:00:00.000,32.291115
2022-03-21 00:00:00.000,19.693188
2022-03-21 02:00:00.000,15.195668
2022-03-21 04:00:00.000,19.728634
2022-03-21 06:00:00.000,31.228035
2022-03-21 08:00:00.000,36.37128
2022-03-21 10:00:00.000,37.18308
2022-03-21 12:00:00.000,37.830128
2022-03-21 14:00:00.000,36.65125
2022-03-21 16:00:00.000,35.54483
2022-03-21 18:00:00.000,41.20913
2022-03-21 20:00:00.000,44.719337
2022-03-21 22:00:00.000,31.393206
2022-03-22 00:00:00.000,19.205706
2022-03-22 02:00:00.000,15.828903
2022-03-22 04:00:00.000,20.140245
2022-03-22 06:00:00.000,31.79093
2022-03-22 08:00:00.000,36.240685
2022-03-22 10:00:00.000,37.117
2022-03-22 12:00:00.000,37.43104
2022-03-22 14:00:00.000,35.70146
2022-03-22 16:00:00.000,35.235085
2022-03-22 18:00:00.000,40.7681
2022-03-22 20:00:00.000,44.639797
2022-03-22 22:00:00.000,31.954124
2022-03-23 00:00:00.000,18.404163
2022-03-23 02:00:00.000,14.491428
2022-03-23 04:00:00.000,19.48741
2022-03-23 06:00:00.000,30.91256
2022-03-23 08:00:00.000,35.808483
2022-03-23 10:00:00.000,36.59588
2022-03-23 12:00:00.000,36.490505
2022-03-23 14:00:00.000,34.75664
2022-03-23 16:00:00.000,35.00565
2022-03-23 18:00:00.000,41.20828
2022-03-23 20:00:00.000,44.59521
2022-03-23 22:00:00.000,31.440098
2022-03-24 00:00:00.000,18.65835
2022-03-24 02:00:00.000,15.052084
2022-03-24 04:00:00.000,20.319168
2022-03-24 06:00:00.000,31.93102
2022-03-24 08:00:00.000,37.41244
2022-03-24 10:00:00.000,38.101944
2022-03-24 12:00:00.000,37.634995
2022-03-24 14:00:00.000,35.170433
2022-03-24 16:00:00.000,34.943756
2022-03-24 18:00:00.000,40.87118
2022-03-24 20:00:00.000,44.735207
2022-03-24 22:00:00.000,31.086033
2022-03-25 00:00:00.000,18.633284
2022-03-25 02:00:00.000,14.47144
2022-03-25 04:00:00.000,19.639954
2022-03-25 06:00:00.000,31.917645
2022-03-25 08:00:00.000,38.26729
2022-03-25 10:00:00.000,38.17411
2022-03-25 12:00:00.000,37.80471
2022-03-25 14:00:00.000,35.04826
2022-03-25 16:00:00.000,34.395428
2022-03-25 18:00:00.000,39.730865
2022-03-25 20:00:00.000,44.63811
2022-03-25 22:00:00.000,33.437004
2022-03-26 00:00:00.000,19.627106
2022-03-26 02:00:00.000,14.705057
2022-03-26 04:00:00.000,18.612625
2022-03-26 06:00:00.000,31.42778
2022-03-26 08:00:00.000,39.085968
2022-03-26 10:00:00.000,39.68446
2022-03-26 12:00:00.000,39.327988
2022-03-26 14:00:00.000,35.870876
2022-03-26 16:00:00.000,34.13134
2022-03-26 18:00:00.000,38.273785
2022-03-26 20:00:00.000,43.48456
2022-03-26 22:00:00.000,35.03595
2022-03-27 00:00:00.000,21.809595
2022-03-27 02:00:00.000,16.260262
2022-03-27 04:00:00.000,21.80303
2022-03-27 06:00:00.000,34.713974
2022-03-27 08:00:00.000,46.81311
2022-03-27 10:00:00.000,48.204765
2022-03-27 12:00:00.000,48.01139
2022-03-27 14:00:00.000,44.224457
2022-03-27 16:00:00.000,40.67679
2022-03-27 18:00:00.000,39.4283
2022-03-27 20:00:00.000,42.646156
2022-03-27 22:00:00.000,32.98343
2022-03-28 00:00:00.000,20.87457
2022-03-28 02:00:00.000,15.802244
2022-03-28 04:00:00.000,19.97113
2022-03-28 06:00:00.000,30.73076
2022-03-28 08:00:00.000,37.606625
2022-03-28 10:00:00.000,38.847637
2022-03-28 12:00:00.000,38.455956
2022-03-28 14:00:00.000,36.715458
2022-03-28 16:00:00.000,35.981266
2022-03-28 18:00:00.000,41.09181
2022-03-28 20:00:00.000,45.42761
2022-03-28 22:00:00.000,33.6097
2022-03-29 00:00:00.000,20.174273
2022-03-29 02:00:00.000,15.627371
2022-03-29 04:00:00.000,20.245667
2022-03-29 06:00:00.000,30.68514
2022-03-29 08:00:00.000,36.56544
2022-03-29 10:00:00.000,36.9381
2022-03-29 12:00:00.000,36.29801
2022-03-29 14:00:00.000,34.768963
2022-03-29 16:00:00.000,34.50944
2022-03-29 18:00:00.000,40.992714
2022-03-29 20:00:00.000,46.1093
2022-03-29 22:00:00.000,33.451485
2022-03-30 00:00:00.000,19.492296
2022-03-30 02:00:00.000,15.068072
2022-03-30 04:00:00.000,19.736694
2022-03-30 06:00:00.000,30.841953
2022-03-30 08:00:00.000,36.661106
2022-03-30 10:00:00.000,37.644413
2022-03-30 12:00:00.000,37.142513
2022-03-30 14:00:00.000,35.19217
2022-03-30 16:00:00.000,34.727898
2022-03-30 18:00:00.000,40.24512
2022-03-30 20:00:00.000,44.76069
2022-03-30 22:00:00.000,32.70033
2022-03-31 00:00:00.000,19.431742
2022-04-01 02:00:00.000,14.779628
2022-04-01 04:00:00.000,19.544783
2022-04-01 06:00:00.000,30.462978
2022-04-01 08:00:00.000,36.009056
2022-04-01 10:00:00.000,36.560932
2022-04-01 12:00:00.000,36.55618
2022-04-01 14:00:00.000,34.77088
2022-04-01 16:00:00.000,34.33806
2022-04-01 18:00:00.000,40.823032
2022-04-01 20:00:00.000,45.93933
2022-04-01 22:00:00.000,34.78809
2022-04-02 00:00:00.000,21.100943
2022-04-02 02:00:00.000,16.060452
2022-04-02 04:00:00.000,18.963247
2022-04-02 06:00:00.000,30.981274
2022-04-02 08:00:00.000,38.35083
2022-04-02 10:00:00.000,38.627617
2022-04-02 12:00:00.000,38.406578
2022-04-02 14:00:00.000,35.68109
2022-04-02 16:00:00.000,34.095226
2022-04-02 18:00:00.000,39.17766
2022-04-02 20:00:00.000,45.003178
2022-04-02 22:00:00.000,34.744843
2022-04-03 00:00:00.000,21.538567
2022-04-03 02:00:00.000,16.04299
2022-04-03 04:00:00.000,18.36034
2022-04-03 06:00:00.000,29.552374
2022-04-03 08:00:00.000,38.438816
2022-04-03 10:00:00.000,39.307068
2022-04-03 12:00:00.000,39.55691
2022-04-03 14:00:00.000,37.178947
2022-04-03 16:00:00.000,35.38828
2022-04-03 18:00:00.000,40.046673
2022-04-03 20:00:00.000,44.03246
2022-04-03 22:00:00.000,31.89178
2022-04-04 00:00:00.000,19.495825
2022-04-04 02:00:00.000,15.78878
2022-04-04 04:00:00.000,19.348946
2022-04-04 06:00:00.000,29.625898
2022-04-04 08:00:00.000,35.27109
2022-04-04 10:00:00.000,36.26088
2022-04-04 12:00:00.000,36.80439
2022-04-04 14:00:00.000,35.99206
2022-04-04 16:00:00.000,35.525005
2022-04-04 18:00:00.000,41.2908
2022-04-04 20:00:00.000,45.64316
2022-04-04 22:00:00.000,31.565496
2022-04-05 00:00:00.000,18.558788
2022-04-05 02:00:00.000,15.261725
2022-04-05 04:00:00.000,18.337713
2022-04-05 06:00:00.000,29.133673
2022-04-05 08:00:00.000,34.38307
2022-04-05 10:00:00.000,34.862495
2022-04-05 12:00:00.000,35.295322
2022-04-05 14:00:00.000,34.893524
2022-04-05 16:00:00.000,35.092846
2022-04-05 18:00:00.000,40.165062
2022-04-05 20:00:00.000,43.683704
2022-04-05 22:00:00.000,29.318035
2022-04-06 00:00:00.000,17.27366
2022-04-06 02:00:00.000,14.87566
2022-04-06 04:00:00.000,19.986366
2022-04-06 06:00:00.000,32.707504
2022-04-06 08:00:00.000,36.05158
2022-04-06 10:00:00.000,36.51151
2022-04-06 12:00:00.000,36.82769
2022-04-06 14:00:00.000,35.757763
2022-04-06 16:00:00.000,36.059486
2022-04-06 18:00:00.000,42.278873
2022-04-06 20:00:00.000,46.597195
2022-04-06 22:00:00.000,32.33183
2022-04-07 00:00:00.000,19.279602
2022-04-07 02:00:00.000,16.500095
2022-04-07 04:00:00.000,21.017168
2022-04-07 06:00:00.000,31.255968
2022-04-07 08:00:00.000,36.237957
2022-04-07 10:00:00.000,36.901066
2022-04-07 12:00:00.000,37.063328
2022-04-07 14:00:00.000,35.456486
2022-04-07 16:00:00.000,34.905712
2022-04-07 18:00:00.000,40.761482
2022-04-07 20:00:00.000,45.14039
2022-04-07 22:00:00.000,32.967606
2022-04-08 00:00:00.000,20.630491
2022-04-08 02:00:00.000,17.457233
2022-04-08 04:00:00.000,21.77508
2022-04-08 06:00:00.000,32.192635
2022-04-08 08:00:00.000,36.883484
2022-04-08 10:00:00.000,37.27844
2022-04-08 12:00:00.000,37.517326
2022-04-08 14:00:00.000,35.84993
2022-04-08 16:00:00.000,35.772327
2022-04-08 18:00:00.000,42.771076
2022-04-08 20:00:00.000,47.32832
2022-04-08 22:00:00.000,34.373
2022-04-09 00:00:00.000,20.933382
2022-04-09 02:00:00.000,16.989113
2022-04-09 04:00:00.000,20.381697
2022-04-09 06:00:00.000,32.44674
2022-04-09 08:00:00.000,39.28817
2022-04-09 10:00:00.000,39.441193
2022-04-09 12:00:00.000,38.88964
2022-04-09 14:00:00.000,36.00015
2022-04-09 16:00:00.000,34.756214
2022-04-09 18:00:00.000,40.054577
2022-04-09 20:00:00.000,44.839222
2022-04-09 22:00:00.000,32.555817
2022-04-10 00:00:00.000,19.674633
2022-04-10 02:00:00.000,14.786938
2022-04-10 04:00:00.000,17.035048
2022-04-10 06:00:00.000,28.72863
2022-04-10 08:00:00.000,37.4481
2022-04-10 10:00:00.000,38.788857
2022-04-10 12:00:00.000,38.83521
2022-04-10 14:00:00.000,35.803577
2022-04-10 16:00:00.000,34.561935
2022-04-10 18:00:00.000,39.1665
2022-04-10 20:00:00.000,44.168842
2022-04-10 22:00:00.000,31.25582
2022-04-11 00:00:00.000,18.414879
2022-04-11 02:00:00.000,17.119307
2022-04-11 04:00:00.000,23.073528
2022-04-11 06:00:00.000,32.37228
2022-04-11 08:00:00.000,33.90738
2022-04-11 10:00:00.000,34.833977
2022-04-11 12:00:00.000,35.43581
2022-04-11 14:00:00.000,34.56486
2022-04-11 16:00:00.000,34.55769
2022-04-11 18:00:00.000,40.331562
2022-04-11 20:00:00.000,44.265156
2022-04-11 22:00:00.000,31.771572
2022-04-12 00:00:00.000,21.73124
2022-04-12 02:00:00.000,18.822577
2022-04-12 04:00:00.000,23.22041
2022-04-12 06:00:00.000,30.390366
2022-04-12 08:00:00.000,34.966446
2022-04-12 10:00:00.000,35.005016
2022-04-12 12:00:00.000,35.54333
2022-04-12 14:00:00.000,34.83789
2022-04-12 16:00:00.000,35.0832
2022-04-12 18:00:00.000,41.361877
2022-04-12 20:00:00.000,44.81143
2022-04-12 22:00:00.000,30.312202
2022-04-13 00:00:00.000,17.429564
2022-04-13 02:00:00.000,14.505531
2022-04-13 04:00:00.000,18.930107
2022-04-13 06:00:00.000,29.314322
2022-04-13 08:00:00.000,33.995472
2022-04-13 10:00:00.000,34.226936
2022-04-13 12:00:00.000,34.810604
2022-04-13 14:00:00.000,34.280937
2022-04-13 16:00:00.000,34.54508
2022-04-13 18:00:00.000,40.607197
2022-04-13 20:00:00.000,43.937428
2022-04-13 22:00:00.000,30.21944
2022-04-14 00:00:00.000,17.503563
2022-04-14 02:00:00.000,14.756822
2022-04-14 04:00:00.000,18.638178
2022-04-14 06:00:00.000,28.469652
2022-04-14 08:00:00.000,33.064995
2022-04-14 10:00:00.000,34.12817
2022-04-14 12:00:00.000,34.794415
2022-04-14 14:00:00.000,34.274754
2022-04-14 16:00:00.000,34.629368
2022-04-14 18:00:00.000,40.767185
2022-04-14 20:00:00.000,44.2531
2022-04-14 22:00:00.000,29.943865
2022-04-15 00:00:00.000,17.443556
2022-04-15 02:00:00.000,14.620196
2022-04-15 04:00:00.000,18.3856
2022-04-15 06:00:00.000,28.35607
2022-04-15 08:00:00.000,32.730045
2022-04-15 10:00:00.000,33.76842
2022-04-15 12:00:00.000,35.299328
2022-04-15 14:00:00.000,33.772835
2022-04-15 16:00:00.000,33.662296
2022-04-15 18:00:00.000,39.48083
2022-04-15 20:00:00.000,44.54527
2022-04-15 22:00:00.000,32.1041
2022-04-16 00:00:00.000,18.856169
2022-04-16 02:00:00.000,14.895901
2022-04-16 04:00:00.000,17.953482
2022-04-16 06:00:00.000,29.546467
2022-04-16 08:00:00.000,37.281567
2022-04-16 10:00:00.000,37.927307
2022-04-16 12:00:00.000,38.001778
2022-04-16 14:00:00.000,35.16733
2022-04-16 16:00:00.000,33.63849
2022-04-16 18:00:00.000,38.287575
2022-04-16 20:00:00.000,43.82286
2022-04-16 22:00:00.000,33.19973
2022-04-17 00:00:00.000,19.73725
2022-04-17 02:00:00.000,14.887677
2022-04-17 04:00:00.000,17.292429
2022-04-17 06:00:00.000,28.371792
2022-04-17 08:00:00.000,37.24757
2022-04-17 10:00:00.000,38.56416
2022-04-17 12:00:00.000,38.829597
2022-04-17 14:00:00.000,36.584503
2022-04-17 16:00:00.000,35.178677
2022-04-17 18:00:00.000,39.72504
2022-04-17 20:00:00.000,43.45289
2022-04-17 22:00:00.000,30.393984
2022-04-18 00:00:00.000,17.964352
2022-04-18 02:00:00.000,14.678917
2022-04-18 04:00:00.000,18.828766
2022-04-18 06:00:00.000,29.368992
2022-04-18 08:00:00.000,33.334953
2022-04-18 10:00:00.000,33.265606
2022-04-18 12:00:00.000,34.4821
2022-04-18 14:00:00.000,34.200108
2022-04-18 16:00:00.000,34.128815
2022-04-18 18:00:00.000,40.258564
2022-04-18 20:00:00.000,43.5427
2022-04-18 22:00:00.000,29.209106
2022-04-19 00:00:00.000,16.73792
2022-04-19 02:00:00.000,13.970037
2022-04-19 04:00:00.000,18.868263
2022-04-19 06:00:00.000,29.577932
2022-04-19 08:00:00.000,33.528835
2022-04-19 10:00:00.000,33.797478
2022-04-19 12:00:00.000,34.75087
2022-04-19 14:00:00.000,34.310966
2022-04-19 16:00:00.000,34.224533
2022-04-19 18:00:00.000,40.306534
2022-04-19 20:00:00.000,43.791664
2022-04-19 22:00:00.000,29.26295
2022-04-20 00:00:00.000,17.225798
2022-04-20 02:00:00.000,14.720832
2022-04-20 04:00:00.000,19.540283
2022-04-20 06:00:00.000,29.64029
2022-04-20 08:00:00.000,34.446793
2022-04-20 10:00:00.000,35.22394
2022-04-20 12:00:00.000,35.936054
2022-04-20 14:00:00.000,34.760437
2022-04-20 16:00:00.000,34.438644
2022-04-20 18:00:00.000,40.27921
2022-04-20 20:00:00.000,44.602016
2022-04-20 22:00:00.000,29.425207
2022-04-21 00:00:00.000,17.369865
2022-04-21 02:00:00.000,14.508264
2022-04-21 04:00:00.000,19.404163
2022-04-21 06:00:00.000,29.858255
2022-04-21 08:00:00.000,33.5424
2022-04-21 10:00:00.000,34.93057
2022-04-21 12:00:00.000,35.574448
2022-04-21 14:00:00.000,34.34132
2022-04-21 16:00:00.000,33.959152
2022-04-21 18:00:00.000,39.92595
2022-04-21 20:00:00.000,43.339996
2022-04-21 22:00:00.000,29.23486
2022-04-22 00:00:00.000,17.142384
2022-04-22 02:00:00.000,14.25617
2022-04-22 04:00:00.000,18.906126
2022-04-22 06:00:00.000,29.218723
2022-04-22 08:00:00.000,33.3289
2022-04-22 10:00:00.000,34.133747
2022-04-22 12:00:00.000,34.92151
2022-04-22 14:00:00.000,32.93541
2022-04-22 16:00:00.000,32.44338
2022-04-22 18:00:00.000,38.733395
2022-04-22 20:00:00.000,43.718002
2022-04-22 22:00:00.000,30.527794
2022-04-23 00:00:00.000,18.09587
2022-04-23 02:00:00.000,14.293171
2022-04-23 04:00:00.000,18.300005
2022-04-23 06:00:00.000,30.153349
2022-04-23 08:00:00.000,36.74805
2022-04-23 10:00:00.000,36.175278
2022-04-23 12:00:00.000,35.619434
2022-04-23 14:00:00.000,32.450768
2022-04-23 16:00:00.000,30.822197
2022-04-23 18:00:00.000,35.670094
2022-04-23 20:00:00.000,41.24062
2022-04-23 22:00:00.000,30.694859
2022-04-24 00:00:00.000,18.699492
2022-04-24 02:00:00.000,14.104353
2022-04-24 04:00:00.000,16.697329
2022-04-24 06:00:00.000,27.378784
2022-04-24 08:00:00.000,35.806778
2022-04-24 10:00:00.000,36.631245
2022-04-24 12:00:00.000,35.996983
2022-04-24 14:00:00.000,34.016155
2022-04-24 16:00:00.000,32.727234
2022-04-24 18:00:00.000,37.45432
2022-04-24 20:00:00.000,40.24224
2022-04-24 22:00:00.000,28.330662
2022-04-25 00:00:00.000,17.181404
2022-04-25 02:00:00.000,13.778229
2022-04-25 04:00:00.000,18.092363
2022-04-25 06:00:00.000,28.210094
2022-04-25 08:00:00.000,32.8558
2022-04-25 10:00:00.000,33.697227
2022-04-25 12:00:00.000,34.475418
2022-04-25 14:00:00.000,33.529877
2022-04-25 16:00:00.000,32.945793
2022-04-25 18:00:00.000,39.399166
2022-04-25 20:00:00.000,42.515194
2022-04-25 22:00:00.000,28.020187
2022-04-26 00:00:00.000,16.28679
2022-04-26 02:00:00.000,13.486209
2022-04-26 04:00:00.000,18.265306
2022-04-26 06:00:00.000,28.3706
2022-04-26 08:00:00.000,32.09096
2022-04-26 10:00:00.000,32.975697
2022-04-26 12:00:00.000,33.96091
2022-04-26 14:00:00.000,33.28712
2022-04-26 16:00:00.000,32.84485
2022-04-26 18:00:00.000,39.403145
2022-04-26 20:00:00.000,42.992737
2022-04-26 22:00:00.000,28.138422
2022-04-27 00:00:00.000,16.529894
2022-04-27 02:00:00.000,13.561338
2022-04-27 04:00:00.000,18.369055
2022-04-27 06:00:00.000,28.354486
2022-04-27 08:00:00.000,32.793575
2022-04-27 10:00:00.000,34.33393
2022-04-27 12:00:00.000,34.68581
2022-04-27 14:00:00.000,33.86749
2022-04-27 16:00:00.000,33.71392
2022-04-27 18:00:00.000,39.98231
2022-04-27 20:00:00.000,42.784855
2022-04-27 22:00:00.000,28.425766
2022-04-28 00:00:00.000,16.58042
2022-04-28 02:00:00.000,13.510227
2022-04-28 04:00:00.000,18.194843
2022-04-28 06:00:00.000,28.137743
2022-04-28 08:00:00.000,32.09099
2022-04-28 10:00:00.000,33.41273
2022-04-28 12:00:00.000,34.13211
2022-04-28 14:00:00.000,33.179237
2022-04-28 16:00:00.000,33.249577
2022-04-28 18:00:00.000,39.477062
2022-04-28 20:00:00.000,42.728455
2022-04-28 22:00:00.000,28.12951
2022-04-29 00:00:00.000,15.832201
2022-04-29 02:00:00.000,12.6601925
2022-04-29 04:00:00.000,17.682499
2022-04-29 06:00:00.000,27.368221
2022-04-29 08:00:00.000,31.690432
2022-04-29 10:00:00.000,32.706776
2022-04-29 12:00:00.000,34.06489
2022-04-29 14:00:00.000,33.03682
2022-04-29 16:00:00.000,32.91877
2022-04-29 18:00:00.000,39.37862
2022-04-29 20:00:00.000,44.06531
2022-04-29 22:00:00.000,30.416576
2022-04-30 00:00:00.000,18.110773
2022-05-01 02:00:00.000,13.417569
2022-05-01 04:00:00.000,16.131197
2022-05-01 06:00:00.000,26.99438
2022-05-01 08:00:00.000,34.539875
2022-05-01 10:00:00.000,34.929752
2022-05-01 12:00:00.000,34.697742
2022-05-01 14:00:00.000,32.613075
2022-05-01 16:00:00.000,31.10011
2022-05-01 18:00:00.000,35.443726
2022-05-01 20:00:00.000,40.654335
2022-05-01 22:00:00.000,30.68674
2022-05-02 00:00:00.000,18.11129
2022-05-02 02:00:00.000,13.786436
2022-05-02 04:00:00.000,18.136852
2022-05-02 06:00:00.000,29.409405
2022-05-02 08:00:00.000,38.021103
2022-05-02 10:00:00.000,37.630924
2022-05-02 12:00:00.000,36.392555
2022-05-02 14:00:00.000,34.490253
2022-05-02 16:00:00.000,33.956577
2022-05-02 18:00:00.000,39.42103
2022-05-02 20:00:00.000,43.6043
2022-05-02 22:00:00.000,30.982521
2022-05-03 00:00:00.000,17.824581
2022-05-03 02:00:00.000,13.215091
2022-05-03 04:00:00.000,17.653397
2022-05-03 06:00:00.000,28.97168
2022-05-03 08:00:00.000,37.955
2022-05-03 10:00:00.000,39.17793
2022-05-03 12:00:00.000,37.863575
2022-05-03 14:00:00.000,35.49418
2022-05-03 16:00:00.000,34.61687
2022-05-03 18:00:00.000,40.37801
2022-05-03 20:00:00.000,44.333725
2022-05-03 22:00:00.000,30.350681
2022-05-04 00:00:00.000,17.17994
2022-05-04 02:00:00.000,12.8717575
2022-05-04 04:00:00.000,17.667883
2022-05-04 06:00:00.000,27.846313
2022-05-04 08:00:00.000,33.306747
2022-05-04 10:00:00.000,34.842487
2022-05-04 12:00:00.000,35.41707
2022-05-04 14:00:00.000,34.389095
2022-05-04 16:00:00.000,34.732548
2022-05-04 18:00:00.000,40.852943
2022-05-04 20:00:00.000,43.790127
2022-05-04 22:00:00.000,29.523327
2022-05-05 00:00:00.000,16.99905
2022-05-05 02:00:00.000,12.963357
2022-05-05 04:00:00.000,17.842594
2022-05-05 06:00:00.000,27.737104
2022-05-05 08:00:00.000,33.25482
2022-05-05 10:00:00.000,35.242043
2022-05-05 12:00:00.000,36.081566
2022-05-05 14:00:00.000,35.04415
2022-05-05 16:00:00.000,34.921333
2022-05-05 18:00:00.000,40.26179
2022-05-05 20:00:00.000,43.781544
2022-05-05 22:00:00.000,30.151524
2022-05-06 00:00:00.000,17.23552
2022-05-06 02:00:00.000,13.392162
2022-05-06 04:00:00.000,18.067648
2022-05-06 06:00:00.000,28.085308
2022-05-06 08:00:00.000,33.54069
2022-05-06 10:00:00.000,35.087246
2022-05-06 12:00:00.000,35.3279
2022-05-06 14:00:00.000,33.394066
2022-05-06 16:00:00.000,33.241047
2022-05-06 18:00:00.000,38.436935
2022-05-06 20:00:00.000,43.776276
2022-05-06 22:00:00.000,31.233358
2022-05-07 00:00:00.000,17.890335
2022-05-07 02:00:00.000,13.271846
2022-05-07 04:00:00.000,17.238832
2022-05-07 06:00:00.000,28.509844
2022-05-07 08:00:00.000,35.67576
2022-05-07 10:00:00.000,35.91367
2022-05-07 12:00:00.000,34.858772
2022-05-07 14:00:00.000,31.668829
2022-05-07 16:00:00.000,30.235466
2022-05-07 18:00:00.000,35.26266
2022-05-07 20:00:00.000,41.730907
2022-05-07 22:00:00.000,31.516905
2022-05-08 00:00:00.000,18.661343
2022-05-08 02:00:00.000,13.463008
2022-05-08 04:00:00.000,16.323519
2022-05-08 06:00:00.000,26.835974
2022-05-08 08:00:00.000,35.02389
2022-05-08 10:00:00.000,35.952938
2022-05-08 12:00:00.000,35.1851
2022-05-08 14:00:00.000,32.60813
2022-05-08 16:00:00.000,31.953798
2022-05-08 18:00:00.000,37.0262
2022-05-08 20:00:00.000,43.081852
2022-05-08 22:00:00.000,33.183636
2022-05-09 00:00:00.000,19.906914
2022-05-09 02:00:00.000,14.374249
2022-05-09 04:00:00.000,17.809292
2022-05-09 06:00:00.000,29.04646
2022-05-09 08:00:00.000,38.250282
2022-05-09 10:00:00.000,39.77392
2022-05-09 12:00:00.000,36.701412
2022-05-09 14:00:00.000,33.919334
2022-05-09 16:00:00.000,32.574688
2022-05-09 18:00:00.000,37.327103
2022-05-09 20:00:00.000,42.43671
2022-05-09 22:00:00.000,33.411785
2022-05-10 00:00:00.000,19.330975
2022-05-10 02:00:00.000,13.891229
2022-05-10 04:00:00.000,17.57388
2022-05-10 06:00:00.000,29.554905
2022-05-10 08:00:00.000,41.42412
2022-05-10 10:00:00.000,42.607964
2022-05-10 12:00:00.000,40.05929
2022-05-10 14:00:00.000,36.994602
2022-05-10 16:00:00.000,36.126728
2022-05-10 18:00:00.000,41.171112
2022-05-10 20:00:00.000,45.059395
2022-05-10 22:00:00.000,31.98519
2022-05-11 00:00:00.000,18.021444
2022-05-11 02:00:00.000,13.640612
2022-05-11 04:00:00.000,18.080559
2022-05-11 06:00:00.000,27.922348
2022-05-11 08:00:00.000,33.271652
2022-05-11 10:00:00.000,34.8739
2022-05-11 12:00:00.000,35.138847
2022-05-11 14:00:00.000,34.09344
2022-05-11 16:00:00.000,34.93495
2022-05-11 18:00:00.000,40.982925
2022-05-11 20:00:00.000,44.612583
2022-05-11 22:00:00.000,30.696693
2022-05-12 00:00:00.000,17.04416
2022-05-12 02:00:00.000,13.420998
2022-05-12 04:00:00.000,18.125584
2022-05-12 06:00:00.000,27.750828
2022-05-12 08:00:00.000,32.45856
2022-05-12 10:00:00.000,33.657524
2022-05-12 12:00:00.000,33.92015
2022-05-12 14:00:00.000,33.354847
2022-05-12 16:00:00.000,34.127213
2022-05-12 18:00:00.000,41.11468
2022-05-12 20:00:00.000,44.96149
2022-05-12 22:00:00.000,30.683302
2022-05-13 00:00:00.000,17.270906
2022-05-13 02:00:00.000,13.408635
2022-05-13 04:00:00.000,17.878399
2022-05-13 06:00:00.000,27.574657
2022-05-13 08:00:00.000,32.18667
2022-05-13 10:00:00.000,33.308304
2022-05-13 12:00:00.000,33.9529
2022-05-13 14:00:00.000,32.523933
2022-05-13 16:00:00.000,33.329445
2022-05-13 18:00:00.000,39.46498
2022-05-13 20:00:00.000,44.917118
2022-05-13 22:00:00.000,32.09864
2022-05-14 00:00:00.000,18.136751
2022-05-14 02:00:00.000,13.25432
2022-05-14 04:00:00.000,17.144407
2022-05-14 06:00:00.000,27.883816
2022-05-14 08:00:00.000,34.88232
2022-05-14 10:00:00.000,35.753124
2022-05-14 12:00:00.000,34.71753
2022-05-14 14:00:00.000,31.781702
2022-05-14 16:00:00.000,31.15928
2022-05-14 18:00:00.000,36.332355
2022-05-14 20:00:00.000,43.338333
2022-05-14 22:00:00.000,33.786156
2022-05-15 00:00:00.000,19.789394
2022-05-15 02:00:00.000,13.400293
2022-05-15 04:00:00.000,16.19264
2022-05-15 06:00:00.000,26.631216
2022-05-15 08:00:00.000,35.22089
2022-05-15 10:00:00.000,36.93619
2022-05-15 12:00:00.000,36.40511
2022-05-15 14:00:00.000,33.586082
2022-05-15 16:00:00.000,32.69161
2022-05-15 18:00:00.000,37.45473
2022-05-15 20:00:00.000,42.3684
2022-05-15 22:00:00.000,30.875376
2022-05-16 00:00:00.000,17.895544
2022-05-16 02:00:00.000,13.253858
2022-05-16 04:00:00.000,17.363758
2022-05-16 06:00:00.000,26.693455
2022-05-16 08:00:00.000,31.892061
2022-05-16 10:00:00.000,33.61981
2022-05-16 12:00:00.000,34.365555
2022-05-16 14:00:00.000,33.59808
2022-05-16 16:00:00.000,34.124176
2022-05-16 18:00:00.000,40.025913
2022-05-16 20:00:00.000,44.13511
2022-05-16 22:00:00.000,30.037735
2022-05-17 00:00:00.000,16.888464
2022-05-17 02:00:00.000,13.467755
2022-05-17 04:00:00.000,18.40223
2022-05-17 06:00:00.000,28.532827
2022-05-17 08:00:00.000,34.299206
2022-05-17 10:00:00.000,35.677452
2022-05-17 12:00:00.000,35.220856
2022-05-17 14:00:00.000,33.71601
2022-05-17 16:00:00.000,34.11615
2022-05-17 18:00:00.000,40.45963
2022-05-17 20:00:00.000,44.286427
2022-05-17 22:00:00.000,30.601732
2022-05-18 00:00:00.000,17.070585
2022-05-18 02:00:00.000,13.120504
2022-05-18 04:00:00.000,17.918869
2022-05-18 06:00:00.000,27.76898
2022-05-18 08:00:00.000,32.39222
2022-05-18 10:00:00.000,34.01803
2022-05-18 12:00:00.000,34.307434
2022-05-18 14:00:00.000,33.412838
2022-05-18 16:00:00.000,34.202343
2022-05-18 18:00:00.000,40.81897
2022-05-18 20:00:00.000,44.059067
2022-05-18 22:00:00.000,30.228867
2022-05-19 00:00:00.000,17.19589
2022-05-19 02:00:00.000,13.746044
2022-05-19 04:00:00.000,18.736383
2022-05-19 06:00:00.000,28.88575
2022-05-19 08:00:00.000,33.943867
2022-05-19 10:00:00.000,34.961876
2022-05-19 12:00:00.000,34.880386
2022-05-19 14:00:00.000,33.798
2022-05-19 16:00:00.000,34.61294
2022-05-19 18:00:00.000,41.04828
2022-05-19 20:00:00.000,44.613125
2022-05-19 22:00:00.000,31.218992
2022-05-20 00:00:00.000,18.27437
2022-05-20 02:00:00.000,14.988002
2022-05-20 04:00:00.000,19.709711
2022-05-20 06:00:00.000,29.77234
2022-05-20 08:00:00.000,35.340942
2022-05-20 10:00:00.000,36.539112
2022-05-20 12:00:00.000,35.79199
2022-05-20 14:00:00.000,33.455635
2022-05-20 16:00:00.000,33.42176
2022-05-20 18:00:00.000,39.70011
2022-05-20 20:00:00.000,46.101944
2022-05-20 22:00:00.000,33.600136
2022-05-21 00:00:00.000,19.961145
2022-05-21 02:00:00.000,14.987603
2022-05-21 04:00:00.000,18.740555
2022-05-21 06:00:00.000,30.265163
2022-05-21 08:00:00.000,37.48767
2022-05-21 10:00:00.000,38.101234
2022-05-21 12:00:00.000,37.006958
2022-05-21 14:00:00.000,33.69936
2022-05-21 16:00:00.000,32.423824
2022-05-21 18:00:00.000,37.07747
2022-05-21 20:00:00.000,43.3934
2022-05-21 22:00:00.000,33.235397
2022-05-22 00:00:00.000,20.558926
2022-05-22 02:00:00.000,14.717722
2022-05-22 04:00:00.000,17.385082
2022-05-22 06:00:00.000,28.553514
2022-05-22 08:00:00.000,37.50285
2022-05-22 10:00:00.000,38.7322
2022-05-22 12:00:00.000,37.54879
2022-05-22 14:00:00.000,34.69591
2022-05-22 16:00:00.000,34.042015
2022-05-22 18:00:00.000,38.186123
2022-05-22 20:00:00.000,43.35593
2022-05-22 22:00:00.000,32.21918
2022-05-23 00:00:00.000,18.605698
2022-05-23 02:00:00.000,14.20059
2022-05-23 04:00:00.000,18.587059
2022-05-23 06:00:00.000,29.768658
2022-05-23 08:00:00.000,37.91805
2022-05-23 10:00:00.000,41.3545
2022-05-23 12:00:00.000,40.09148
2022-05-23 14:00:00.000,37.471214
2022-05-23 16:00:00.000,37.01664
2022-05-23 18:00:00.000,42.552563
2022-05-23 20:00:00.000,47.925022
2022-05-23 22:00:00.000,35.81144
2022-05-24 00:00:00.000,19.298298
2022-05-24 02:00:00.000,13.9857
2022-05-24 04:00:00.000,18.605576
2022-05-24 06:00:00.000,29.423576
2022-05-24 08:00:00.000,35.832584
2022-05-24 10:00:00.000,37.506306
2022-05-24 12:00:00.000,36.68253
2022-05-24 14:00:00.000,34.85912
2022-05-24 16:00:00.000,35.261776
2022-05-24 18:00:00.000,40.673668
2022-05-24 20:00:00.000,45.443554
2022-05-24 22:00:00.000,32.194096
2022-05-25 00:00:00.000,19.102512
2022-05-25 02:00:00.000,14.837258
2022-05-25 04:00:00.000,19.465593
2022-05-25 06:00:00.000,29.515247
2022-05-25 08:00:00.000,35.243233
2022-05-25 10:00:00.000,36.66905
2022-05-25 12:00:00.000,35.673965
2022-05-25 14:00:00.000,33.666473
2022-05-25 16:00:00.000,33.811012
2022-05-25 18:00:00.000,40.38461
2022-05-25 20:00:00.000,44.305756
2022-05-25 22:00:00.000,30.716217
2022-05-26 00:00:00.000,17.668665
2022-05-26 02:00:00.000,13.92081
2022-05-26 04:00:00.000,18.727158
2022-05-26 06:00:00.000,29.268225
2022-05-26 08:00:00.000,34.550117
2022-05-26 10:00:00.000,35.331467
2022-05-26 12:00:00.000,35.179085
2022-05-26 14:00:00.000,32.94166
2022-05-26 16:00:00.000,33.212856
2022-05-26 18:00:00.000,39.963146
2022-05-26 20:00:00.000,44.773094
2022-05-26 22:00:00.000,30.780966
2022-05-27 00:00:00.000,17.98458
2022-05-27 02:00:00.000,14.3941965
2022-05-27 04:00:00.000,18.888258
2022-05-27 06:00:00.000,30.020716
2022-05-27 08:00:00.000,36.98929
2022-05-27 10:00:00.000,37.36375
2022-05-27 12:00:00.000,36.641846
2022-05-27 14:00:00.000,33.57946
2022-05-27 16:00:00.000,32.846832
2022-05-27 18:00:00.000,37.887672
2022-05-27 20:00:00.000,43.855576
2022-05-27 22:00:00.000,33.012344
2022-05-28 00:00:00.000,19.709085
2022-05-28 02:00:00.000,14.376096
2022-05-28 04:00:00.000,17.6993
2022-05-28 06:00:00.000,28.784832
2022-05-28 08:00:00.000,36.45523
2022-05-28 10:00:00.000,37.578094
2022-05-28 12:00:00.000,36.36966
2022-05-28 14:00:00.000,33.20833
2022-05-28 16:00:00.000,31.19095
2022-05-28 18:00:00.000,35.8799
2022-05-28 20:00:00.000,42.28385
2022-05-28 22:00:00.000,33.449467
2022-05-29 00:00:00.000,20.89812
2022-05-29 02:00:00.000,14.576016
2022-05-29 04:00:00.000,17.298355
2022-05-29 06:00:00.000,27.651505
2022-05-29 08:00:00.000,36.45743
2022-05-29 10:00:00.000,37.84343
2022-05-29 12:00:00.000,36.858128
2022-05-29 14:00:00.000,34.0328
2022-05-29 16:00:00.000,32.443176
2022-05-29 18:00:00.000,37.188606
2022-05-29 20:00:00.000,43.899395
2022-05-29 22:00:00.000,34.3318
2022-05-30 00:00:00.000,20.531212
2022-05-30 02:00:00.000,15.294557
2022-05-30 04:00:00.000,19.118797
2022-05-30 06:00:00.000,29.565283
2022-05-30 08:00:00.000,36.271183
2022-05-30 10:00:00.000,37.299267
2022-05-30 12:00:00.000,36.144547
2022-05-30 14:00:00.000,33.417423
2022-05-30 16:00:00.000,32.31451
2022-05-30 18:00:00.000,37.633957
2022-05-30 20:00:00.000,45.346447
2022-05-30 22:00:00.000,33.70282
2022-05-31 00:00:00.000,19.499155
2022-06-01 02:00:00.000,14.494048
2022-06-01 04:00:00.000,18.746584
2022-06-01 06:00:00.000,28.817043
2022-06-01 08:00:00.000,35.367214
2022-06-01 10:00:00.000,35.746784
2022-06-01 12:00:00.000,33.90827
2022-06-01 14:00:00.000,31.268099
2022-06-01 16:00:00.000,30.818928
2022-06-01 18:00:00.000,37.20313
2022-06-01 20:00:00.000,42.95062
2022-06-01 22:00:00.000,33.251316
2022-06-02 00:00:00.000,19.836973
2022-06-02 02:00:00.000,15.028489
2022-06-02 04:00:00.000,19.478535
2022-06-02 06:00:00.000,29.665947
2022-06-02 08:00:00.000,36.48065
2022-06-02 10:00:00.000,37.332634
2022-06-02 12:00:00.000,35.57895
2022-06-02 14:00:00.000,33.16847
2022-06-02 16:00:00.000,31.99756
2022-06-02 18:00:00.000,37.39196
2022-06-02 20:00:00.000,44.87604
2022-06-02 22:00:00.000,34.129433
2022-06-03 00:00:00.000,19.76993
2022-06-03 02:00:00.000,15.113348
2022-06-03 04:00:00.000,19.065783
2022-06-03 06:00:00.000,28.804895
2022-06-03 08:00:00.000,35.95456
2022-06-03 10:00:00.000,36.77346
2022-06-03 12:00:00.000,35.4468
2022-06-03 14:00:00.000,33.283924
2022-06-03 16:00:00.000,32.14918
2022-06-03 18:00:00.000,36.691177
2022-06-03 20:00:00.000,43.82735
2022-06-03 22:00:00.000,33.76872
2022-06-04 00:00:00.000,20.041407
2022-06-04 02:00:00.000,14.647407
2022-06-04 04:00:00.000,17.785494
2022-06-04 06:00:00.000,27.55937
2022-06-04 08:00:00.000,34.682556
2022-06-04 10:00:00.000,35.200962
2022-06-04 12:00:00.000,34.814034
2022-06-04 14:00:00.000,32.063618
2022-06-04 16:00:00.000,30.541832
2022-06-04 18:00:00.000,33.965637
2022-06-04 20:00:00.000,42.319706
2022-06-04 22:00:00.000,34.636364
2022-06-05 00:00:00.000,21.021688
2022-06-05 02:00:00.000,14.136012
2022-06-05 04:00:00.000,16.587107
2022-06-05 06:00:00.000,26.22269
2022-06-05 08:00:00.000,34.34476
2022-06-05 10:00:00.000,35.58491
2022-06-05 12:00:00.000,35.329487
2022-06-05 14:00:00.000,32.352066
2022-06-05 16:00:00.000,31.002941
2022-06-05 18:00:00.000,35.719448
2022-06-05 20:00:00.000,42.50477
2022-06-05 22:00:00.000,33.096924
2022-06-06 00:00:00.000,19.933659
2022-06-06 02:00:00.000,14.276472
2022-06-06 04:00:00.000,18.21644
2022-06-06 06:00:00.000,28.527472
2022-06-06 08:00:00.000,35.410057
2022-06-06 10:00:00.000,36.32484
2022-06-06 12:00:00.000,34.85917
2022-06-06 14:00:00.000,32.538822
2022-06-06 16:00:00.000,32.06859
2022-06-06 18:00:00.000,36.947098
2022-06-06 20:00:00.000,43.676186
2022-06-06 22:00:00.000,32.039726
2022-06-07 00:00:00.000,18.463375
2022-06-07 02:00:00.000,14.449537
2022-06-07 04:00:00.000,18.674429
2022-06-07 06:00:00.000,28.753864
2022-06-07 08:00:00.000,35.497047
2022-06-07 10:00:00.000,36.681324
2022-06-07 12:00:00.000,35.143192
2022-06-07 14:00:00.000,32.274506
2022-06-07 16:00:00.000,31.598814
2022-06-07 18:00:00.000,36.31984
2022-06-07 20:00:00.000,43.33183
2022-06-07 22:00:00.000,32.216198
2022-06-08 00:00:00.000,18.541542
2022-06-08 02:00:00.000,14.034163
2022-06-08 04:00:00.000,18.174095
2022-06-08 06:00:00.000,28.067404
2022-06-08 08:00:00.000,34.60845
2022-06-08 10:00:00.000,35.83225
2022-06-08 12:00:00.000,34.26758
2022-06-08 14:00:00.000,31.899548
2022-06-08 16:00:00.000,31.338575
2022-06-08 18:00:00.000,36.17978
2022-06-08 20:00:00.000,43.399536
2022-06-08 22:00:00.000,32.407475
2022-06-09 00:00:00.000,18.328762
2022-06-09 02:00:00.000,13.689551
2022-06-09 04:00:00.000,17.552147
2022-06-09 06:00:00.000,27.51958
2022-06-09 08:00:00.000,34.1317
2022-06-09 10:00:00.000,35.168964
2022-06-09 12:00:00.000,33.41691
2022-06-09 14:00:00.000,31.293419
2022-06-09 16:00:00.000,30.612661
2022-06-09 18:00:00.000,35.3876
2022-06-09 20:00:00.000,42.73957
2022-06-09 22:00:00.000,31.936785
2022-06-10 00:00:00.000,18.08463
2022-06-10 02:00:00.000,13.671621
2022-06-10 04:00:00.000,17.519163
2022-06-10 06:00:00.000,27.07711
2022-06-10 08:00:00.000,33.5635
2022-06-10 10:00:00.000,34.38646
2022-06-10 12:00:00.000,32.75001
2022-06-10 14:00:00.000,30.05596
2022-06-10 16:00:00.000,28.834639
2022-06-10 18:00:00.000,33.5979
2022-06-10 20:00:00.000,41.694115
2022-06-10 22:00:00.000,32.55147
2022-06-11 00:00:00.000,18.67389
2022-06-11 02:00:00.000,13.121
2022-06-11 04:00:00.000,15.875051
2022-06-11 06:00:00.000,25.41913
2022-06-11 08:00:00.000,32.0529
2022-06-11 10:00:00.000,32.883842
2022-06-11 12:00:00.000,32.111385
2022-06-11 14:00:00.000,29.343655
2022-06-11 16:00:00.000,27.630692
2022-06-11 18:00:00.000,31.560785
2022-06-11 20:00:00.000,40.03008
2022-06-11 22:00:00.000,32.56372
2022-06-12 00:00:00.000,19.24693
2022-06-12 02:00:00.000,12.956307
2022-06-12 04:00:00.000,15.142164
2022-06-12 06:00:00.000,24.656893
2022-06-12 08:00:00.000,32.551456
2022-06-12 10:00:00.000,33.537292
2022-06-12 12:00:00.000,33.01761
2022-06-12 14:00:00.000,30.495268
2022-06-12 16:00:00.000,29.210123
2022-06-12 18:00:00.000,33.256348
2022-06-12 20:00:00.000,41.40769
2022-06-12 22:00:00.000,33.654823
2022-06-13 00:00:00.000,19.621336
2022-06-13 02:00:00.000,13.991847
2022-06-13 04:00:00.000,17.24915
2022-06-13 06:00:00.000,27.696554
2022-06-13 08:00:00.000,37.27053
2022-06-13 10:00:00.000,38.156605
2022-06-13 12:00:00.000,35.814453
2022-06-13 14:00:00.000,33.0503
2022-06-13 16:00:00.000,31.598757
2022-06-13 18:00:00.000,36.175915
2022-06-13 20:00:00.000,43.757687
2022-06-13 22:00:00.000,33.59148
2022-06-14 00:00:00.000,19.14531
2022-06-14 02:00:00.000,13.836023
2022-06-14 04:00:00.000,17.086283
2022-06-14 06:00:00.000,27.02998
2022-06-14 08:00:00.000,33.66778
2022-06-14 10:00:00.000,35.08829
2022-06-14 12:00:00.000,33.64079
2022-06-14 14:00:00.000,31.308254
2022-06-14 16:00:00.000,31.304728
2022-06-14 18:00:00.000,37.18699
2022-06-14 20:00:00.000,44.476833
2022-06-14 22:00:00.000,32.50922
2022-06-15 00:00:00.000,17.938461
2022-06-15 02:00:00.000,13.58323
2022-06-15 04:00:00.000,17.649723
2022-06-15 06:00:00.000,27.380716
2022-06-15 08:00:00.000,33.900776
2022-06-15 10:00:00.000,35.217567
2022-06-15 12:00:00.000,33.50821
2022-06-15 14:00:00.000,31.267525
2022-06-15 16:00:00.000,30.845636
2022-06-15 18:00:00.000,36.44134
2022-06-15 20:00:00.000,43.688416
2022-06-15 22:00:00.000,32.245514
2022-06-16 00:00:00.000,18.28061
2022-06-16 02:00:00.000,13.543612
2022-06-16 04:00:00.000,17.464966
2022-06-16 06:00:00.000,27.65172
2022-06-16 08:00:00.000,34.20454
2022-06-16 10:00:00.000,35.21534
2022-06-16 12:00:00.000,33.60756
2022-06-16 14:00:00.000,30.946867
2022-06-16 16:00:00.000,30.172132
2022-06-16 18:00:00.000,35.72412
2022-06-16 20:00:00.000,43.22181
2022-06-16 22:00:00.000,32.365925
2022-06-17 00:00:00.000,18.533154
2022-06-17 02:00:00.000,13.844197
2022-06-17 04:00:00.000,17.329082
2022-06-17 06:00:00.000,27.379307
2022-06-17 08:00:00.000,33.94322
2022-06-17 10:00:00.000,35.541794
2022-06-17 12:00:00.000,33.818344
2022-06-17 14:00:00.000,31.247808
2022-06-17 16:00:00.000,30.246964
2022-06-17 18:00:00.000,35.12158
2022-06-17 20:00:00.000,42.81847
2022-06-17 22:00:00.000,32.892567
2022-06-18 00:00:00.000,18.929882
2022-06-18 02:00:00.000,13.376441
2022-06-18 04:00:00.000,16.435884
2022-06-18 06:00:00.000,26.330753
2022-06-18 08:00:00.000,33.79085
2022-06-18 10:00:00.000,34.59205
2022-06-18 12:00:00.000,33.65191
2022-06-18 14:00:00.000,30.470217
2022-06-18 16:00:00.000,28.99533
2022-06-18 18:00:00.000,33.376076
2022-06-18 20:00:00.000,41.773888
2022-06-18 22:00:00.000,33.247997
2022-06-19 00:00:00.000,19.799055
2022-06-19 02:00:00.000,13.38553
2022-06-19 04:00:00.000,15.336141
2022-06-19 06:00:00.000,24.868168
2022-06-19 08:00:00.000,33.818245
2022-06-19 10:00:00.000,35.462055
2022-06-19 12:00:00.000,34.53874
2022-06-19 14:00:00.000,31.593498
2022-06-19 16:00:00.000,30.67225
2022-06-19 18:00:00.000,35.97621
2022-06-19 20:00:00.000,43.460533
2022-06-19 22:00:00.000,32.910667
2022-06-20 00:00:00.000,18.829256
2022-06-20 02:00:00.000,13.8084345
2022-06-20 04:00:00.000,17.298548
2022-06-20 06:00:00.000,27.51516
2022-06-20 08:00:00.000,35.1657
2022-06-20 10:00:00.000,36.68035
2022-06-20 12:00:00.000,34.673103
2022-06-20 14:00:00.000,31.840738
2022-06-20 16:00:00.000,30.813177
2022-06-20 18:00:00.000,35.89417
2022-06-20 20:00:00.000,43.19737
2022-06-20 22:00:00.000,32.051533
2022-06-21 00:00:00.000,18.092693
2022-06-21 02:00:00.000,13.507913
2022-06-21 04:00:00.000,17.37087
2022-06-21 06:00:00.000,27.48574
2022-06-21 08:00:00.000,34.446297
2022-06-21 10:00:00.000,35.795002
2022-06-21 12:00:00.000,34.36082
2022-06-21 14:00:00.000,31.50403
2022-06-21 16:00:00.000,30.6078
2022-06-21 18:00:00.000,36.06832
2022-06-21 20:00:00.000,43.4033
2022-06-21 22:00:00.000,32.214336
2022-06-22 00:00:00.000,18.203897
2022-06-22 02:00:00.000,13.369575
2022-06-22 04:00:00.000,17.101809
2022-06-22 06:00:00.000,27.237226
2022-06-22 08:00:00.000,34.1998
2022-06-22 10:00:00.000,35.5034
2022-06-22 12:00:00.000,33.233902
2022-06-22 14:00:00.000,30.647533
2022-06-22 16:00:00.000,30.246857
2022-06-22 18:00:00.000,35.80077
2022-06-22 20:00:00.000,43.291897
2022-06-22 22:00:00.000,32.305412
2022-06-23 00:00:00.000,18.138863
2022-06-23 02:00:00.000,13.31413
2022-06-23 04:00:00.000,17.058516
2022-06-23 06:00:00.000,27.232191
2022-06-23 08:00:00.000,33.969067
2022-06-23 10:00:00.000,35.293957
2022-06-23 12:00:00.000,33.36107
2022-06-23 14:00:00.000,30.788647
2022-06-23 16:00:00.000,30.059803
2022-06-23 18:00:00.000,35.486553
2022-06-23 20:00:00.000,43.340286
2022-06-23 22:00:00.000,32.76339
2022-06-24 00:00:00.000,18.492893
2022-06-24 02:00:00.000,14.023367
2022-06-24 04:00:00.000,17.659487
2022-06-24 06:00:00.000,27.746727
2022-06-24 08:00:00.000,34.961353
2022-06-24 10:00:00.000,35.341057
2022-06-24 12:00:00.000,33.378254
2022-06-24 14:00:00.000,30.446505
2022-06-24 16:00:00.000,29.06205
2022-06-24 18:00:00.000,33.77219
2022-06-24 20:00:00.000,42.566856
2022-06-24 22:00:00.000,33.944057
2022-06-25 00:00:00.000,19.673077
2022-06-25 02:00:00.000,13.597909
2022-06-25 04:00:00.000,16.237703
2022-06-25 06:00:00.000,25.802803
2022-06-25 08:00:00.000,33.096184
2022-06-25 10:00:00.000,34.05631
2022-06-25 12:00:00.000,33.190723
2022-06-25 14:00:00.000,30.107918
2022-06-25 16:00:00.000,28.345234
2022-06-25 18:00:00.000,32.228832
2022-06-25 20:00:00.000,41.406498
2022-06-25 22:00:00.000,34.297455
2022-06-26 00:00:00.000,19.904448
2022-06-26 02:00:00.000,13.165977
2022-06-26 04:00:00.000,15.106645
2022-06-26 06:00:00.000,24.324772
2022-06-26 08:00:00.000,33.24087
2022-06-26 10:00:00.000,35.36813
2022-06-26 12:00:00.000,35.221745
2022-06-26 14:00:00.000,32.599735
2022-06-26 16:00:00.000,30.828066
2022-06-26 18:00:00.000,34.786297
2022-06-26 20:00:00.000,42.50679
2022-06-26 22:00:00.000,33.987293
2022-06-27 00:00:00.000,19.778696
2022-06-27 02:00:00.000,13.926262
2022-06-27 04:00:00.000,17.402435
2022-06-27 06:00:00.000,27.74011
2022-06-27 08:00:00.000,35.220837
2022-06-27 10:00:00.000,36.245377
2022-06-27 12:00:00.000,34.82215
2022-06-27 14:00:00.000,32.166004
2022-06-27 16:00:00.000,30.878489
2022-06-27 18:00:00.000,35.43854
2022-06-27 20:00:00.000,43.38151
2022-06-27 22:00:00.000,33.462135
2022-06-28 00:00:00.000,18.707136
2022-06-28 02:00:00.000,13.725395
2022-06-28 04:00:00.000,17.554697
2022-06-28 06:00:00.000,28.029049
2022-06-28 08:00:00.000,35.481194
2022-06-28 10:00:00.000,36.53187
2022-06-28 12:00:00.000,34.38651
2022-06-28 14:00:00.000,31.495218
2022-06-28 16:00:00.000,30.532627
2022-06-28 18:00:00.000,36.02826
2022-06-28 20:00:00.000,43.893658
2022-06-28 22:00:00.000,33.163746
2022-06-29 00:00:00.000,18.601624
2022-06-29 02:00:00.000,13.825769
2022-06-29 04:00:00.000,17.650667
2022-06-29 06:00:00.000,28.181675
2022-06-29 08:00:00.000,35.580406
2022-06-29 10:00:00.000,36.429832
2022-06-29 12:00:00.000,34.19463
2022-06-29 14:00:00.000,31.055939
2022-06-29 16:00:00.000,30.119024
2022-06-29 18:00:00.000,34.931538
2022-06-29 20:00:00.000,43.27632
2022-06-29 22:00:00.000,32.92775
2022-06-30 00:00:00.000,18.509449
2022-07-01 02:00:00.000,13.275384
2022-07-01 04:00:00.000,17.174295
2022-07-01 06:00:00.000,27.700716
2022-07-01 08:00:00.000,35.408123
2022-07-01 10:00:00.000,35.824936
2022-07-01 12:00:00.000,34.001957
2022-07-01 14:00:00.000,30.837679
2022-07-01 16:00:00.000,29.794424
2022-07-01 18:00:00.000,34.89473
2022-07-01 20:00:00.000,43.160248
2022-07-01 22:00:00.000,33.78453
2022-07-02 00:00:00.000,19.19683
2022-07-02 02:00:00.000,13.200651
2022-07-02 04:00:00.000,16.032698
2022-07-02 06:00:00.000,26.026142
2022-07-02 08:00:00.000,33.658535
2022-07-02 10:00:00.000,34.65404
2022-07-02 12:00:00.000,33.654037
2022-07-02 14:00:00.000,30.217234
2022-07-02 16:00:00.000,28.530313
2022-07-02 18:00:00.000,32.666622
2022-07-02 20:00:00.000,41.701206
2022-07-02 22:00:00.000,34.332466
2022-07-03 00:00:00.000,20.13805
2022-07-03 02:00:00.000,13.567628
2022-07-03 04:00:00.000,15.503514
2022-07-03 06:00:00.000,24.612461
2022-07-03 08:00:00.000,33.272697
2022-07-03 10:00:00.000,35.09919
2022-07-03 12:00:00.000,34.733196
2022-07-03 14:00:00.000,31.870108
2022-07-03 16:00:00.000,30.7662
2022-07-03 18:00:00.000,35.230473
2022-07-03 20:00:00.000,43.72586
2022-07-03 22:00:00.000,34.4039
2022-07-04 00:00:00.000,19.914593
2022-07-04 02:00:00.000,14.482254
2022-07-04 04:00:00.000,17.808205
2022-07-04 06:00:00.000,28.456318
2022-07-04 08:00:00.000,36.350594
2022-07-04 10:00:00.000,36.919006
2022-07-04 12:00:00.000,35.268574
2022-07-04 14:00:00.000,32.30224
2022-07-04 16:00:00.000,30.951319
2022-07-04 18:00:00.000,35.42117
2022-07-04 20:00:00.000,43.8627
2022-07-04 22:00:00.000,34.40332
2022-07-05 00:00:00.000,19.578821
2022-07-05 02:00:00.000,14.354618
2022-07-05 04:00:00.000,18.01887
2022-07-05 06:00:00.000,28.338545
2022-07-05 08:00:00.000,35.68735
2022-07-05 10:00:00.000,36.247307
2022-07-05 12:00:00.000,34.248867
2022-07-05 14:00:00.000,31.352085
2022-07-05 16:00:00.000,30.658382
2022-07-05 18:00:00.000,35.780037
2022-07-05 20:00:00.000,44.276043
2022-07-05 22:00:00.000,33.6277
2022-07-06 00:00:00.000,19.06343
2022-07-06 02:00:00.000,14.071984
2022-07-06 04:00:00.000,17.895088
2022-07-06 06:00:00.000,28.480042
2022-07-06 08:00:00.000,35.524208
2022-07-06 10:00:00.000,35.58799
2022-07-06 12:00:00.000,33.32658
2022-07-06 14:00:00.000,30.63988
2022-07-06 16:00:00.000,29.601095
2022-07-06 18:00:00.000,34.26391
2022-07-06 20:00:00.000,43.044403
2022-07-06 22:00:00.000,32.562004
2022-07-07 00:00:00.000,18.105204
2022-07-07 02:00:00.000,13.005399
2022-07-07 04:00:00.000,16.8128
2022-07-07 06:00:00.000,27.420399
2022-07-07 08:00:00.000,34.822384
2022-07-07 10:00:00.000,35.422546
2022-07-07 12:00:00.000,33.733078
2022-07-07 14:00:00.000,30.57902
2022-07-07 16:00:00.000,29.730762
2022-07-07 18:00:00.000,35.367268
2022-07-07 20:00:00.000,43.801388
2022-07-07 22:00:00.000,32.962643
2022-07-08 00:00:00.000,19.46619
2022-07-08 02:00:00.000,14.452299
2022-07-08 04:00:00.000,18.387823
2022-07-08 06:00:00.000,29.062147
2022-07-08 08:00:00.000,36.560764
2022-07-08 10:00:00.000,37.05967
2022-07-08 12:00:00.000,35.500553
2022-07-08 14:00:00.000,32.189236
2022-07-08 16:00:00.000,29.915348
2022-07-08 18:00:00.000,34.30029
2022-07-08 20:00:00.000,43.729816
2022-07-08 22:00:00.000,35.273357
2022-07-09 00:00:00.000,20.610062
2022-07-09 02:00:00.000,14.271937
2022-07-09 04:00:00.000,16.389864
2022-07-09 06:00:00.000,25.739046
2022-07-09 08:00:00.000,33.711937
2022-07-09 10:00:00.000,34.95973
2022-07-09 12:00:00.000,34.475327
2022-07-09 14:00:00.000,31.52899
2022-07-09 16:00:00.000,29.787537
2022-07-09 18:00:00.000,33.49768
2022-07-09 20:00:00.000,42.754417
2022-07-09 22:00:00.000,34.723957
2022-07-10 00:00:00.000,20.615282
2022-07-10 02:00:00.000,14.213855
2022-07-10 04:00:00.000,15.1175995
2022-07-10 06:00:00.000,23.822128
2022-07-10 08:00:00.000,32.569668
2022-07-10 10:00:00.000,34.936447
2022-07-10 12:00:00.000,34.52847
2022-07-10 14:00:00.000,31.708706
2022-07-10 16:00:00.000,30.903307
2022-07-10 18:00:00.000,36.697308
2022-07-10 20:00:00.000,45.095135
2022-07-10 22:00:00.000,34.645767
2022-07-11 00:00:00.000,20.470713
2022-07-11 02:00:00.000,14.761499
2022-07-11 04:00:00.000,17.80233
2022-07-11 06:00:00.000,28.265928
2022-07-11 08:00:00.000,35.922787
2022-07-11 10:00:00.000,36.559868
2022-07-11 12:00:00.000,34.740253
2022-07-11 14:00:00.000,31.665396
2022-07-11 16:00:00.000,30.624159
2022-07-11 18:00:00.000,35.919918
2022-07-11 20:00:00.000,44.89918
2022-07-11 22:00:00.000,33.670338
2022-07-12 00:00:00.000,18.454874
2022-07-12 02:00:00.000,13.234254
2022-07-12 04:00:00.000,16.961435
2022-07-12 06:00:00.000,27.452038
2022-07-12 08:00:00.000,35.28651
2022-07-12 10:00:00.000,35.709595
2022-07-12 12:00:00.000,33.72611
2022-07-12 14:00:00.000,31.234758
2022-07-12 16:00:00.000,30.364546
2022-07-12 18:00:00.000,35.455727
2022-07-12 20:00:00.000,44.45617
2022-07-12 22:00:00.000,33.953114
2022-07-13 00:00:00.000,19.245352
2022-07-13 02:00:00.000,13.761993
2022-07-13 04:00:00.000,17.136206
2022-07-13 06:00:00.000,27.734612
2022-07-13 08:00:00.000,34.97524
2022-07-13 10:00:00.000,35.458748
2022-07-13 12:00:00.000,33.583313
2022-07-13 14:00:00.000,30.901789
2022-07-13 16:00:00.000,30.125483
2022-07-13 18:00:00.000,35.500366
2022-07-13 20:00:00.000,44.68256
2022-07-13 22:00:00.000,33.839336
2022-07-14 00:00:00.000,19.416245
2022-07-14 02:00:00.000,14.444099
2022-07-14 04:00:00.000,17.641134
2022-07-14 06:00:00.000,28.21607
2022-07-14 08:00:00.000,35.838047
2022-07-14 10:00:00.000,36.372032
2022-07-14 12:00:00.000,34.56464
2022-07-14 14:00:00.000,31.54167
2022-07-14 16:00:00.000,30.38158
2022-07-14 18:00:00.000,35.974003
2022-07-14 20:00:00.000,44.631466
2022-07-14 22:00:00.000,33.162853
2022-07-15 00:00:00.000,18.90447
2022-07-15 02:00:00.000,14.082027
2022-07-15 04:00:00.000,17.711884
2022-07-15 06:00:00.000,28.166805
2022-07-15 08:00:00.000,35.855247
2022-07-15 10:00:00.000,35.851425
2022-07-15 12:00:00.000,33.886967
2022-07-15 14:00:00.000,30.887636
2022-07-15 16:00:00.000,29.508368
2022-07-15 18:00:00.000,33.952652
2022-07-15 20:00:00.000,42.92625
2022-07-15 22:00:00.000,33.61819
2022-07-16 00:00:00.000,19.42187
2022-07-16 02:00:00.000,13.340619
2022-07-16 04:00:00.000,15.867026
2022-07-16 06:00:00.000,25.77136
2022-07-16 08:00:00.000,33.351265
2022-07-16 10:00:00.000,33.858574
2022-07-16 12:00:00.000,33.105484
2022-07-16 14:00:00.000,29.9044
2022-07-16 16:00:00.000,28.287725
2022-07-16 18:00:00.000,32.687252
2022-07-16 20:00:00.000,42.31148
2022-07-16 22:00:00.000,34.10105
2022-07-17 00:00:00.000,20.174189
2022-07-17 02:00:00.000,13.480774
2022-07-17 04:00:00.000,15.319869
2022-07-17 06:00:00.000,24.652058
2022-07-17 08:00:00.000,33.085194
2022-07-17 10:00:00.000,34.73705
2022-07-17 12:00:00.000,34.566643
2022-07-17 14:00:00.000,32.6119
2022-07-17 16:00:00.000,32.005924
2022-07-17 18:00:00.000,36.4653
2022-07-17 20:00:00.000,45.59053
2022-07-17 22:00:00.000,36.18838
2022-07-18 00:00:00.000,21.374956
2022-07-18 02:00:00.000,14.915828
2022-07-18 04:00:00.000,18.128077
2022-07-18 06:00:00.000,28.82547
2022-07-18 08:00:00.000,37.217262
2022-07-18 10:00:00.000,38.332504
2022-07-18 12:00:00.000,36.821033
2022-07-18 14:00:00.000,33.593315
2022-07-18 16:00:00.000,32.25685
2022-07-18 18:00:00.000,38.17053
2022-07-18 20:00:00.000,46.820232
2022-07-18 22:00:00.000,33.907555
2022-07-19 00:00:00.000,19.25564
2022-07-19 02:00:00.000,14.219764
2022-07-19 04:00:00.000,18.105867
2022-07-19 06:00:00.000,28.914032
2022-07-19 08:00:00.000,36.32986
2022-07-19 10:00:00.000,36.540894
2022-07-19 12:00:00.000,34.751457
2022-07-19 14:00:00.000,31.545595
2022-07-19 16:00:00.000,30.703033
2022-07-19 18:00:00.000,36.5764
2022-07-19 20:00:00.000,45.162018
2022-07-19 22:00:00.000,33.87187
2022-07-20 00:00:00.000,19.717915
2022-07-20 02:00:00.000,14.5802555
2022-07-20 04:00:00.000,17.861044
2022-07-20 06:00:00.000,28.443607
2022-07-20 08:00:00.000,36.96647
2022-07-20 10:00:00.000,37.43981
2022-07-20 12:00:00.000,35.55868
2022-07-20 14:00:00.000,32.721535
2022-07-20 16:00:00.000,32.157948
2022-07-20 18:00:00.000,37.96662
2022-07-20 20:00:00.000,45.663624
2022-07-20 22:00:00.000,34.37856
2022-07-21 00:00:00.000,19.801413
2022-07-21 02:00:00.000,14.577125
2022-07-21 04:00:00.000,17.760056
2022-07-21 06:00:00.000,28.613523
2022-07-21 08:00:00.000,36.971798
2022-07-21 10:00:00.000,37.200512
2022-07-21 12:00:00.000,35.144535
2022-07-21 14:00:00.000,32.083447
2022-07-21 16:00:00.000,31.301502
2022-07-21 18:00:00.000,37.003803
2022-07-21 20:00:00.000,45.129826
2022-07-21 22:00:00.000,34.174355
2022-07-22 00:00:00.000,19.862907
2022-07-22 02:00:00.000,14.705472
2022-07-22 04:00:00.000,18.143232
2022-07-22 06:00:00.000,28.947931
2022-07-22 08:00:00.000,37.34183
2022-07-22 10:00:00.000,37.944923
2022-07-22 12:00:00.000,36.23776
2022-07-22 14:00:00.000,31.893312
2022-07-22 16:00:00.000,30.148773
2022-07-22 18:00:00.000,35.185287
2022-07-22 20:00:00.000,43.744682
2022-07-22 22:00:00.000,34.729713
2022-07-23 00:00:00.000,20.690506
2022-07-23 02:00:00.000,14.209901
2022-07-23 04:00:00.000,16.496027
2022-07-23 06:00:00.000,26.286015
2022-07-23 08:00:00.000,34.27787
2022-07-23 10:00:00.000,35.279285
2022-07-23 12:00:00.000,34.324078
2022-07-23 14:00:00.000,31.28076
2022-07-23 16:00:00.000,29.556412
2022-07-23 18:00:00.000,34.107597
2022-07-23 20:00:00.000,43.509678
2022-07-23 22:00:00.000,35.579224
2022-07-24 00:00:00.000,21.989523
2022-07-24 02:00:00.000,14.859574
2022-07-24 04:00:00.000,16.167868
2022-07-24 06:00:00.000,25.42794
2022-07-24 08:00:00.000,34.19142
2022-07-24 10:00:00.000,36.006176
2022-07-24 12:00:00.000,35.975582
2022-07-24 14:00:00.000,33.069202
2022-07-24 16:00:00.000,31.301313
2022-07-24 18:00:00.000,36.45386
2022-07-24 20:00:00.000,45.613094
2022-07-24 22:00:00.000,35.92339
2022-07-25 00:00:00.000,20.860563
2022-07-25 02:00:00.000,15.003347
2022-07-25 04:00:00.000,18.194254
2022-07-25 06:00:00.000,29.146198
2022-07-25 08:00:00.000,37.447594
2022-07-25 10:00:00.000,37.57861
2022-07-25 12:00:00.000,35.782665
2022-07-25 14:00:00.000,32.512688
2022-07-25 16:00:00.000,30.910189
2022-07-25 18:00:00.000,36.175674
2022-07-25 20:00:00.000,44.896458
2022-07-25 22:00:00.000,35.381195
2022-07-26 00:00:00.000,21.137701
2022-07-26 02:00:00.000,15.055407
2022-07-26 04:00:00.000,17.888123
2022-07-26 06:00:00.000,28.547783
2022-07-26 08:00:00.000,36.4465
2022-07-26 10:00:00.000,37.0233
2022-07-26 12:00:00.000,35.2936
2022-07-26 14:00:00.000,31.849976
2022-07-26 16:00:00.000,30.642258
2022-07-26 18:00:00.000,36.03253
2022-07-26 20:00:00.000,44.7758
2022-07-26 22:00:00.000,34.55543
2022-07-27 00:00:00.000,19.938478
2022-07-27 02:00:00.000,14.563864
2022-07-27 04:00:00.000,17.840937
2022-07-27 06:00:00.000,28.7015
2022-07-27 08:00:00.000,36.439667
2022-07-27 10:00:00.000,36.733593
2022-07-27 12:00:00.000,34.764496
2022-07-27 14:00:00.000,31.86858
2022-07-27 16:00:00.000,30.578959
2022-07-27 18:00:00.000,35.779446
2022-07-27 20:00:00.000,44.61369
2022-07-27 22:00:00.000,34.072826
2022-07-28 00:00:00.000,19.97958
2022-07-28 02:00:00.000,14.230484
2022-07-28 04:00:00.000,18.00356
2022-07-28 06:00:00.000,28.790413
2022-07-28 08:00:00.000,36.31411
2022-07-28 10:00:00.000,36.890255
2022-07-28 12:00:00.000,35.251305
2022-07-28 14:00:00.000,32.27486
2022-07-28 16:00:00.000,30.91007
2022-07-28 18:00:00.000,35.816345
2022-07-28 20:00:00.000,44.112766
2022-07-28 22:00:00.000,33.46111
2022-07-29 00:00:00.000,19.595707
2022-07-29 02:00:00.000,13.916485
2022-07-29 04:00:00.000,17.389063
2022-07-29 06:00:00.000,28.02485
2022-07-29 08:00:00.000,35.891975
2022-07-29 10:00:00.000,36.10603
2022-07-29 12:00:00.000,34.530434
2022-07-29 14:00:00.000,31.083422
2022-07-29 16:00:00.000,29.632404
2022-07-29 18:00:00.000,34.552044
2022-07-29 20:00:00.000,43.85831
2022-07-29 22:00:00.000,34.188694
2022-07-30 00:00:00.000,19.685726
2022-07-30 02:00:00.000,13.624701
2022-07-30 04:00:00.000,16.312027
2022-07-30 06:00:00.000,26.703033
2022-07-30 08:00:00.000,34.450222
2022-07-30 10:00:00.000,35.40742
2022-07-30 12:00:00.000,34.356693
2022-07-30 14:00:00.000,31.086224
2022-07-30 16:00:00.000,28.68747
2022-07-30 18:00:00.000,33.352036
2022-07-30 20:00:00.000,42.547714
2022-07-30 22:00:00.000,34.879894
2022-07-31 00:00:00.000,20.426846
2022-08-01 02:00:00.000,14.735528
2022-08-01 04:00:00.000,18.002827
2022-08-01 06:00:00.000,29.502361
2022-08-01 08:00:00.000,37.189014
2022-08-01 10:00:00.000,36.92653
2022-08-01 12:00:00.000,35.33019
2022-08-01 14:00:00.000,32.655445
2022-08-01 16:00:00.000,31.255417
2022-08-01 18:00:00.000,36.66682
2022-08-01 20:00:00.000,45.185276
2022-08-01 22:00:00.000,33.62889
2022-08-02 00:00:00.000,19.179802
2022-08-02 02:00:00.000,14.125438
2022-08-02 04:00:00.000,18.154005
2022-08-02 06:00:00.000,29.331135
2022-08-02 08:00:00.000,36.926594
2022-08-02 10:00:00.000,36.761433
2022-08-02 12:00:00.000,34.911522
2022-08-02 14:00:00.000,32.372906
2022-08-02 16:00:00.000,31.390305
2022-08-02 18:00:00.000,37.134865
2022-08-02 20:00:00.000,45.49285
2022-08-02 22:00:00.000,34.49534
2022-08-03 00:00:00.000,19.779045
2022-08-03 02:00:00.000,14.289451
2022-08-03 04:00:00.000,17.509438
2022-08-03 06:00:00.000,28.878933
2022-08-03 08:00:00.000,36.15779
2022-08-03 10:00:00.000,35.873447
2022-08-03 12:00:00.000,34.035637
2022-08-03 14:00:00.000,31.136879
2022-08-03 16:00:00.000,30.059872
2022-08-03 18:00:00.000,35.82779
2022-08-03 20:00:00.000,44.46096
2022-08-03 22:00:00.000,32.77321
2022-08-04 00:00:00.000,18.760626
2022-08-04 02:00:00.000,14.062172
2022-08-04 04:00:00.000,17.914652
2022-08-04 06:00:00.000,29.262838
2022-08-04 08:00:00.000,36.71071
2022-08-04 10:00:00.000,36.206768
2022-08-04 12:00:00.000,34.70379
2022-08-04 14:00:00.000,31.644093
2022-08-04 16:00:00.000,30.31364
2022-08-04 18:00:00.000,36.051815
2022-08-04 20:00:00.000,45.03264
2022-08-04 22:00:00.000,33.76044
2022-08-05 00:00:00.000,19.38394
2022-08-05 02:00:00.000,13.900441
2022-08-05 04:00:00.000,17.406696
2022-08-05 06:00:00.000,28.348932
2022-08-05 08:00:00.000,36.122307
2022-08-05 10:00:00.000,36.06968
2022-08-05 12:00:00.000,34.264088
2022-08-05 14:00:00.000,30.849934
2022-08-05 16:00:00.000,29.213835
2022-08-05 18:00:00.000,34.63386
2022-08-05 20:00:00.000,43.833824
2022-08-05 22:00:00.000,34.057655
2022-08-06 00:00:00.000,19.472359
2022-08-06 02:00:00.000,13.575473
2022-08-06 04:00:00.000,16.379066
2022-08-06 06:00:00.000,26.958021
2022-08-06 08:00:00.000,34.65226
2022-08-06 10:00:00.000,35.21168
2022-08-06 12:00:00.000,34.078457
2022-08-06 14:00:00.000,30.50523
2022-08-06 16:00:00.000,28.481388
2022-08-06 18:00:00.000,32.951744
2022-08-06 20:00:00.000,42.187138
2022-08-06 22:00:00.000,34.28839
2022-08-07 00:00:00.000,20.580011
2022-08-07 02:00:00.000,15.522377
2022-08-07 04:00:00.000,17.968557
2022-08-07 06:00:00.000,26.981358
2022-08-07 08:00:00.000,34.45191
2022-08-07 10:00:00.000,35.849224
2022-08-07 12:00:00.000,35.584553
2022-08-07 14:00:00.000,32.87037
2022-08-07 16:00:00.000,31.256771
2022-08-07 18:00:00.000,36.090645
2022-08-07 20:00:00.000,44.191635
2022-08-07 22:00:00.000,33.839417
2022-08-08 00:00:00.000,19.866253
2022-08-08 02:00:00.000,14.098696
2022-08-08 04:00:00.000,18.102552
2022-08-08 06:00:00.000,29.181288
2022-08-08 08:00:00.000,36.95207
2022-08-08 10:00:00.000,36.924435
2022-08-08 12:00:00.000,35.01668
2022-08-08 14:00:00.000,32.127804
2022-08-08 16:00:00.000,30.939913
2022-08-08 18:00:00.000,36.344276
2022-08-08 20:00:00.000,44.947582
2022-08-08 22:00:00.000,33.208855
2022-08-09 00:00:00.000,18.95186
2022-08-09 02:00:00.000,13.703886
2022-08-09 04:00:00.000,17.305473
2022-08-09 06:00:00.000,28.103632
2022-08-09 08:00:00.000,35.6221
2022-08-09 10:00:00.000,36.34451
2022-08-09 12:00:00.000,34.41257
2022-08-09 14:00:00.000,31.559101
2022-08-09 16:00:00.000,30.474575
2022-08-09 18:00:00.000,36.689644
2022-08-09 20:00:00.000,45.14616
2022-08-09 22:00:00.000,33.693832
2022-08-10 00:00:00.000,20.83227
2022-08-10 02:00:00.000,15.255589
2022-08-10 04:00:00.000,20.008074
2022-08-10 06:00:00.000,32.227722
2022-08-10 08:00:00.000,39.50432
2022-08-10 10:00:00.000,39.042156
2022-08-10 12:00:00.000,35.087166
2022-08-10 14:00:00.000,31.410248
2022-08-10 16:00:00.000,30.312841
2022-08-10 18:00:00.000,36.31132
2022-08-10 20:00:00.000,44.604897
2022-08-10 22:00:00.000,33.3775
2022-08-11 00:00:00.000,18.782928
2022-08-11 02:00:00.000,13.62592
2022-08-11 04:00:00.000,17.24275
2022-08-11 06:00:00.000,28.072062
2022-08-11 08:00:00.000,35.85801
2022-08-11 10:00:00.000,36.616497
2022-08-11 12:00:00.000,34.765755
2022-08-11 14:00:00.000,31.425772
2022-08-11 16:00:00.000,30.520935
2022-08-11 18:00:00.000,36.80441
2022-08-11 20:00:00.000,45.173042
2022-08-11 22:00:00.000,32.817852
2022-08-12 00:00:00.000,18.632183
2022-08-12 02:00:00.000,13.609349
2022-08-12 04:00:00.000,17.306456
2022-08-12 06:00:00.000,28.321259
2022-08-12 08:00:00.000,36.09089
2022-08-12 10:00:00.000,36.666874
2022-08-12 12:00:00.000,34.760906
2022-08-12 14:00:00.000,31.59508
2022-08-12 16:00:00.000,30.167522
2022-08-12 18:00:00.000,35.756214
2022-08-12 20:00:00.000,44.85861
2022-08-12 22:00:00.000,34.50638
2022-08-13 00:00:00.000,19.939539
2022-08-13 02:00:00.000,13.963891
2022-08-13 04:00:00.000,16.873108
2022-08-13 06:00:00.000,27.150572
2022-08-13 08:00:00.000,34.811222
2022-08-13 10:00:00.000,35.615177
2022-08-13 12:00:00.000,34.757786
2022-08-13 14:00:00.000,31.221167
2022-08-13 16:00:00.000,28.869694
2022-08-13 18:00:00.000,33.56945
2022-08-13 20:00:00.000,42.557175
2022-08-13 22:00:00.000,34.716904
2022-08-14 00:00:00.000,20.843702
2022-08-14 02:00:00.000,14.241177
2022-08-14 04:00:00.000,16.286093
2022-08-14 06:00:00.000,26.550917
2022-08-14 08:00:00.000,35.344482
2022-08-14 10:00:00.000,36.89785
2022-08-14 12:00:00.000,36.284492
2022-08-14 14:00:00.000,33.044167
2022-08-14 16:00:00.000,31.331587
2022-08-14 18:00:00.000,36.363388
2022-08-14 20:00:00.000,44.141922
2022-08-14 22:00:00.000,34.34961
2022-08-15 00:00:00.000,20.852137
2022-08-15 02:00:00.000,14.523607
2022-08-15 04:00:00.000,18.165543
2022-08-15 06:00:00.000,28.829733
2022-08-15 08:00:00.000,35.665916
2022-08-15 10:00:00.000,36.272324
2022-08-15 12:00:00.000,34.927307
2022-08-15 14:00:00.000,32.044674
2022-08-15 16:00:00.000,30.979378
2022-08-15 18:00:00.000,37.862064
2022-08-15 20:00:00.000,46.61032
2022-08-15 22:00:00.000,33.521927
2022-08-16 00:00:00.000,19.29554
2022-08-16 02:00:00.000,14.346475
2022-08-16 04:00:00.000,18.06168
2022-08-16 06:00:00.000,29.359179
2022-08-16 08:00:00.000,37.399147
2022-08-16 10:00:00.000,37.386623
2022-08-16 12:00:00.000,35.344177
2022-08-16 14:00:00.000,32.73798
2022-08-16 16:00:00.000,31.157627
2022-08-16 18:00:00.000,37.122547
2022-08-16 20:00:00.000,45.618195
2022-08-16 22:00:00.000,33.50777
2022-08-17 00:00:00.000,18.79756
2022-08-17 02:00:00.000,13.456314
2022-08-17 04:00:00.000,17.972406
2022-08-17 06:00:00.000,30.16555
2022-08-17 08:00:00.000,37.809067
2022-08-17 10:00:00.000,37.2826
2022-08-17 12:00:00.000,35.28702
2022-08-17 14:00:00.000,32.471813
2022-08-17 16:00:00.000,30.718893
2022-08-17 18:00:00.000,36.598267
2022-08-17 20:00:00.000,44.691784
2022-08-17 22:00:00.000,32.792717
2022-08-18 00:00:00.000,18.808685
2022-08-18 02:00:00.000,15.091437
2022-08-18 04:00:00.000,19.231249
2022-08-18 06:00:00.000,29.944895
2022-08-18 08:00:00.000,37.721073
2022-08-18 10:00:00.000,37.532433
2022-08-18 12:00:00.000,35.795822
2022-08-18 14:00:00.000,32.884586
2022-08-18 16:00:00.000,31.411634
2022-08-18 18:00:00.000,37.63892
2022-08-18 20:00:00.000,46.64121
2022-08-18 22:00:00.000,33.682262
2022-08-19 00:00:00.000,19.836483
2022-08-19 02:00:00.000,14.208801
2022-08-19 04:00:00.000,17.797731
2022-08-19 06:00:00.000,29.004961
2022-08-19 08:00:00.000,36.8615
2022-08-19 10:00:00.000,37.099316
2022-08-19 12:00:00.000,34.943546
2022-08-19 14:00:00.000,32.215153
2022-08-19 16:00:00.000,31.375465
2022-08-19 18:00:00.000,37.258694
2022-08-19 20:00:00.000,44.30222
2022-08-19 22:00:00.000,33.62934
2022-08-20 00:00:00.000,19.51976
2022-08-20 02:00:00.000,14.151533
2022-08-20 04:00:00.000,17.185722
2022-08-20 06:00:00.000,28.467411
2022-08-20 08:00:00.000,36.28851
2022-08-20 10:00:00.000,35.973194
2022-08-20 12:00:00.000,35.10995
2022-08-20 14:00:00.000,31.689182
2022-08-20 16:00:00.000,30.041536
2022-08-20 18:00:00.000,35.244823
2022-08-20 20:00:00.000,43.418922
2022-08-20 22:00:00.000,34.91518
2022-08-21 00:00:00.000,20.688736
2022-08-21 02:00:00.000,13.92989
2022-08-21 04:00:00.000,16.131578
2022-08-21 06:00:00.000,26.610033
2022-08-21 08:00:00.000,35.361244
2022-08-21 10:00:00.000,36.854435
2022-08-21 12:00:00.000,36.503574
2022-08-21 14:00:00.000,33.15572
2022-08-21 16:00:00.000,31.706947
2022-08-21 18:00:00.000,37.049465
2022-08-21 20:00:00.000,44.410595
2022-08-21 22:00:00.000,33.61808
2022-08-22 00:00:00.000,19.75404
2022-08-22 02:00:00.000,14.306365
2022-08-22 04:00:00.000,18.504744
2022-08-22 06:00:00.000,30.98586
2022-08-22 08:00:00.000,38.78107
2022-08-22 10:00:00.000,38.27725
2022-08-22 12:00:00.000,36.05155
2022-08-22 14:00:00.000,33.03931
2022-08-22 16:00:00.000,31.71487
2022-08-22 18:00:00.000,38.210476
2022-08-22 20:00:00.000,46.54868
2022-08-22 22:00:00.000,33.824665
2022-08-23 00:00:00.000,19.144852
2022-08-23 02:00:00.000,14.160595
2022-08-23 04:00:00.000,18.731533
2022-08-23 06:00:00.000,30.79043
2022-08-23 08:00:00.000,38.312748
2022-08-23 10:00:00.000,37.832047
2022-08-23 12:00:00.000,35.544373
2022-08-23 14:00:00.000,32.58284
2022-08-23 16:00:00.000,31.1261
2022-08-23 18:00:00.000,37.979927
2022-08-23 20:00:00.000,46.588615
2022-08-23 22:00:00.000,33.94551
2022-08-24 00:00:00.000,19.327492
2022-08-24 02:00:00.000,14.603629
2022-08-24 04:00:00.000,19.080175
2022-08-24 06:00:00.000,31.300802
2022-08-24 08:00:00.000,38.73215
2022-08-24 10:00:00.000,38.45596
2022-08-24 12:00:00.000,36.17861
2022-08-24 14:00:00.000,33.17956
2022-08-24 16:00:00.000,31.927658
2022-08-24 18:00:00.000,38.51632
2022-08-24 20:00:00.000,46.59485
2022-08-24 22:00:00.000,34.326725
2022-08-25 00:00:00.000,19.880802
2022-08-25 02:00:00.000,14.6089525
2022-08-25 04:00:00.000,18.940542
2022-08-25 06:00:00.000,31.381187
2022-08-25 08:00:00.000,39.341175
2022-08-25 10:00:00.000,39.071526
2022-08-25 12:00:00.000,36.430054
2022-08-25 14:00:00.000,33.14983
2022-08-25 16:00:00.000,32.15603
2022-08-25 18:00:00.000,38.938953
2022-08-25 20:00:00.000,46.728966
2022-08-25 22:00:00.000,34.31831
2022-08-26 00:00:00.000,20.292315
2022-08-26 02:00:00.000,15.052104
2022-08-26 04:00:00.000,19.107548
2022-08-26 06:00:00.000,31.114117
2022-08-26 08:00:00.000,39.04647
2022-08-26 10:00:00.000,38.146076
2022-08-26 12:00:00.000,35.921043
2022-08-26 14:00:00.000,32.659046
2022-08-26 16:00:00.000,31.375536
2022-08-26 18:00:00.000,38.073486
2022-08-26 20:00:00.000,46.42854
2022-08-26 22:00:00.000,35.393093
2022-08-27 00:00:00.000,20.855377
2022-08-27 02:00:00.000,15.152503
2022-08-27 04:00:00.000,17.733027
2022-08-27 06:00:00.000,28.967016
2022-08-27 08:00:00.000,36.909477
2022-08-27 10:00:00.000,37.11877
2022-08-27 12:00:00.000,36.05582
2022-08-27 14:00:00.000,32.388813
2022-08-27 16:00:00.000,30.554306
2022-08-27 18:00:00.000,35.815865
2022-08-27 20:00:00.000,43.47861
2022-08-27 22:00:00.000,35.239105
2022-08-28 00:00:00.000,21.295828
2022-08-28 02:00:00.000,14.160594
2022-08-28 04:00:00.000,16.244608
2022-08-28 06:00:00.000,27.123705
2022-08-28 08:00:00.000,36.250237
2022-08-28 10:00:00.000,37.461582
2022-08-28 12:00:00.000,37.060417
2022-08-28 14:00:00.000,33.510674
2022-08-28 16:00:00.000,31.78101
2022-08-28 18:00:00.000,37.83351
2022-08-28 20:00:00.000,44.535767
2022-08-28 22:00:00.000,34.07148
2022-08-29 00:00:00.000,20.199467
2022-08-29 02:00:00.000,14.7909975
2022-08-29 04:00:00.000,19.175537
2022-08-29 06:00:00.000,32.221138
2022-08-29 08:00:00.000,39.92438
2022-08-29 10:00:00.000,39.197296
2022-08-29 12:00:00.000,36.634224
2022-08-29 14:00:00.000,33.551983
2022-08-29 16:00:00.000,33.073124
2022-08-29 18:00:00.000,40.654648
2022-08-29 20:00:00.000,49.265945
2022-08-29 22:00:00.000,41.24307
2022-08-30 00:00:00.000,23.131351
2022-08-30 02:00:00.000,16.820219
2022-08-30 04:00:00.000,22.404537
2022-08-30 06:00:00.000,35.956253
2022-08-30 08:00:00.000,40.694557
2022-08-30 10:00:00.000,38.84492
2022-08-30 12:00:00.000,36.015717
2022-08-30 14:00:00.000,33.21818
2022-08-30 16:00:00.000,32.603123
2022-08-30 18:00:00.000,39.794342
2022-08-30 20:00:00.000,46.739693
2022-08-30 22:00:00.000,34.20745
2022-08-31 00:00:00.000,19.506529
2022-09-01 02:00:00.000,14.481496
2022-09-01 04:00:00.000,19.833796
2022-09-01 06:00:00.000,31.204668
2022-09-01 08:00:00.000,35.227642
2022-09-01 10:00:00.000,36.646275
2022-09-01 12:00:00.000,35.814743
2022-09-01 14:00:00.000,33.28666
2022-09-01 16:00:00.000,33.14133
2022-09-01 18:00:00.000,40.566654
2022-09-01 20:00:00.000,44.879993
2022-09-01 22:00:00.000,30.058685
2022-09-02 00:00:00.000,16.614582
2022-09-02 02:00:00.000,13.829772
2022-09-02 04:00:00.000,19.332348
2022-09-02 06:00:00.000,30.348232
2022-09-02 08:00:00.000,34.43448
2022-09-02 10:00:00.000,34.42815
2022-09-02 12:00:00.000,34.849174
2022-09-02 14:00:00.000,33.3067
2022-09-02 16:00:00.000,33.175518
2022-09-02 18:00:00.000,40.03653
2022-09-02 20:00:00.000,45.762344
2022-09-02 22:00:00.000,32.879166
2022-09-03 00:00:00.000,18.945024
2022-09-03 02:00:00.000,14.221169
2022-09-03 04:00:00.000,18.605814
2022-09-03 06:00:00.000,30.448246
2022-09-03 08:00:00.000,37.7733
2022-09-03 10:00:00.000,37.560646
2022-09-03 12:00:00.000,36.511505
2022-09-03 14:00:00.000,33.106518
2022-09-03 16:00:00.000,32.157734
2022-09-03 18:00:00.000,37.722538
2022-09-03 20:00:00.000,43.562378
2022-09-03 22:00:00.000,33.407917
2022-09-04 00:00:00.000,19.81272
2022-09-04 02:00:00.000,13.546679
2022-09-04 04:00:00.000,16.374096
2022-09-04 06:00:00.000,27.98977
2022-09-04 08:00:00.000,37.617287
2022-09-04 10:00:00.000,38.726086
2022-09-04 12:00:00.000,37.732784
2022-09-04 14:00:00.000,34.589916
2022-09-04 16:00:00.000,33.912674
2022-09-04 18:00:00.000,39.376755
2022-09-04 20:00:00.000,42.995567
2022-09-04 22:00:00.000,31.777023
2022-09-05 00:00:00.000,21.135609
2022-09-05 02:00:00.000,17.351864
2022-09-05 04:00:00.000,21.148546
2022-09-05 06:00:00.000,29.590496
2022-09-05 08:00:00.000,33.715176
2022-09-05 10:00:00.000,34.358818
2022-09-05 12:00:00.000,34.785206
2022-09-05 14:00:00.000,33.91935
2022-09-05 16:00:00.000,36.102146
2022-09-05 18:00:00.000,43.001217
2022-09-05 20:00:00.000,45.768074
2022-09-05 22:00:00.000,31.415762
2022-09-06 00:00:00.000,19.750055
2022-09-06 02:00:00.000,15.895708
2022-09-06 04:00:00.000,20.714682
2022-09-06 06:00:00.000,32.47257
2022-09-06 08:00:00.000,37.344437
2022-09-06 10:00:00.000,37.457184
2022-09-06 12:00:00.000,35.33516
2022-09-06 14:00:00.000,34.688858
2022-09-06 16:00:00.000,36.039352
2022-09-06 18:00:00.000,43.085976
2022-09-06 20:00:00.000,46.12435
2022-09-06 22:00:00.000,30.869879
2022-09-07 00:00:00.000,18.021912
2022-09-07 02:00:00.000,14.290227
2022-09-07 04:00:00.000,19.486374
2022-09-07 06:00:00.000,31.342203
2022-09-07 08:00:00.000,35.796024
2022-09-07 10:00:00.000,35.755688
2022-09-07 12:00:00.000,34.984646
2022-09-07 14:00:00.000,33.83133
2022-09-07 16:00:00.000,35.26726
2022-09-07 18:00:00.000,42.703545
2022-09-07 20:00:00.000,45.64153
2022-09-07 22:00:00.000,31.249067
2022-09-08 00:00:00.000,18.638052
2022-09-08 02:00:00.000,15.102816
2022-09-08 04:00:00.000,20.571651
2022-09-08 06:00:00.000,32.43585
2022-09-08 08:00:00.000,36.709126
2022-09-08 10:00:00.000,35.99516
2022-09-08 12:00:00.000,35.51245
2022-09-08 14:00:00.000,34.685795
2022-09-08 16:00:00.000,35.575516
2022-09-08 18:00:00.000,42.476665
2022-09-08 20:00:00.000,46.294567
2022-09-08 22:00:00.000,32.137787
2022-09-09 00:00:00.000,18.308632
2022-09-09 02:00:00.000,14.428129
2022-09-09 04:00:00.000,19.281452
2022-09-09 06:00:00.000,30.94698
2022-09-09 08:00:00.000,36.191864
2022-09-09 10:00:00.000,36.089436
2022-09-09 12:00:00.000,36.04898
2022-09-09 14:00:00.000,34.462242
2022-09-09 16:00:00.000,34.876884
2022-09-09 18:00:00.000,42.974575
2022-09-09 20:00:00.000,48.967888
2022-09-09 22:00:00.000,36.269306
2022-09-10 00:00:00.000,21.519884
2022-09-10 02:00:00.000,15.233127
2022-09-10 04:00:00.000,18.667105
2022-09-10 06:00:00.000,31.115866
2022-09-10 08:00:00.000,37.92448
2022-09-10 10:00:00.000,37.43005
2022-09-10 12:00:00.000,36.394337
2022-09-10 14:00:00.000,32.995872
2022-09-10 16:00:00.000,32.32345
2022-09-10 18:00:00.000,38.734715
2022-09-10 20:00:00.000,45.093494
2022-09-10 22:00:00.000,36.379093
2022-09-11 00:00:00.000,23.340837
2022-09-11 02:00:00.000,16.217066
2022-09-11 04:00:00.000,18.653528
2022-09-11 06:00:00.000,31.454939
2022-09-11 08:00:00.000,39.924805
2022-09-11 10:00:00.000,40.400764
2022-09-11 12:00:00.000,39.242485
2022-09-11 14:00:00.000,35.876892
2022-09-11 16:00:00.000,35.31954
2022-09-11 18:00:00.000,41.07911
2022-09-11 20:00:00.000,45.05358
2022-09-11 22:00:00.000,33.53495
2022-09-12 00:00:00.000,20.107126
2022-09-12 02:00:00.000,15.752049
2022-09-12 04:00:00.000,20.516361
2022-09-12 06:00:00.000,31.991472
2022-09-12 08:00:00.000,37.09386
2022-09-12 10:00:00.000,37.302734
2022-09-12 12:00:00.000,36.44011
2022-09-12 14:00:00.000,35.726852
2022-09-12 16:00:00.000,36.091103
2022-09-12 18:00:00.000,44.55852
2022-09-12 20:00:00.000,49.595398
2022-09-12 22:00:00.000,34.37074
2022-09-13 00:00:00.000,20.00869
2022-09-13 02:00:00.000,15.238072
2022-09-13 04:00:00.000,20.428768
2022-09-13 06:00:00.000,32.626087
2022-09-13 08:00:00.000,37.68256
2022-09-13 10:00:00.000,37.343002
2022-09-13 12:00:00.000,35.948597
2022-09-13 14:00:00.000,34.648415
2022-09-13 16:00:00.000,35.23458
2022-09-13 18:00:00.000,42.603954
2022-09-13 20:00:00.000,47.838226
2022-09-13 22:00:00.000,33.090363
2022-09-14 00:00:00.000,18.931229
2022-09-14 02:00:00.000,15.519659
2022-09-14 04:00:00.000,20.641
2022-09-14 06:00:00.000,32.34071
2022-09-14 08:00:00.000,37.792374
2022-09-14 10:00:00.000,37.473663
2022-09-14 12:00:00.000,36.075752
2022-09-14 14:00:00.000,34.439007
2022-09-14 16:00:00.000,35.21442
2022-09-14 18:00:00.000,43.371323
2022-09-14 20:00:00.000,47.99658
2022-09-14 22:00:00.000,34.617718
2022-09-15 00:00:00.000,20.77732
2022-09-15 02:00:00.000,15.981219
2022-09-15 04:00:00.000,21.595633
2022-09-15 06:00:00.000,35.395573
2022-09-15 08:00:00.000,41.591236
2022-09-15 10:00:00.000,40.18234
2022-09-15 12:00:00.000,37.48323
2022-09-15 14:00:00.000,35.188755
2022-09-15 16:00:00.000,35.19745
2022-09-15 18:00:00.000,43.26312
2022-09-15 20:00:00.000,47.695484
2022-09-15 22:00:00.000,34.48227
2022-09-16 00:00:00.000,20.124323
2022-09-16 02:00:00.000,16.310993
2022-09-16 04:00:00.000,21.119165
2022-09-16 06:00:00.000,31.640345
2022-09-16 08:00:00.000,36.872543
2022-09-16 10:00:00.000,38.087677
2022-09-16 12:00:00.000,39.480377
2022-09-16 14:00:00.000,35.492165
2022-09-16 16:00:00.000,35.35004
2022-09-16 18:00:00.000,42.460308
2022-09-16 20:00:00.000,47.931004
2022-09-16 22:00:00.000,35.390846
2022-09-17 00:00:00.000,21.171906
2022-09-17 02:00:00.000,15.8646145
2022-09-17 04:00:00.000,19.023945
2022-09-17 06:00:00.000,30.994484
2022-09-17 08:00:00.000,37.913666
2022-09-17 10:00:00.000,38.372433
2022-09-17 12:00:00.000,37.58183
2022-09-17 14:00:00.000,34.015274
2022-09-17 16:00:00.000,33.668148
2022-09-17 18:00:00.000,38.979176
2022-09-17 20:00:00.000,44.7224
2022-09-17 22:00:00.000,35.7245
2022-09-18 00:00:00.000,22.02587
2022-09-18 02:00:00.000,16.418276
2022-09-18 04:00:00.000,18.546509
2022-09-18 06:00:00.000,29.38572
2022-09-18 08:00:00.000,37.963615
2022-09-18 10:00:00.000,39.388454
2022-09-18 12:00:00.000,38.773746
2022-09-18 14:00:00.000,35.56066
2022-09-18 16:00:00.000,34.53354
2022-09-18 18:00:00.000,39.98198
2022-09-18 20:00:00.000,44.818584
2022-09-18 22:00:00.000,36.029945
2022-09-19 00:00:00.000,19.933935
2022-09-19 02:00:00.000,16.187761
2022-09-19 04:00:00.000,21.43081
2022-09-19 06:00:00.000,32.28863
2022-09-19 08:00:00.000,36.852833
2022-09-19 10:00:00.000,37.298706
2022-09-19 12:00:00.000,36.964172
2022-09-19 14:00:00.000,37.029305
2022-09-19 16:00:00.000,35.90565
2022-09-19 18:00:00.000,43.390133
2022-09-19 20:00:00.000,48.098156
2022-09-19 22:00:00.000,34.354523
2022-09-20 00:00:00.000,20.079985
2022-09-20 02:00:00.000,16.191051
2022-09-20 04:00:00.000,20.674223
2022-09-20 06:00:00.000,32.626984
2022-09-20 08:00:00.000,37.3539
2022-09-20 10:00:00.000,37.735706
2022-09-20 12:00:00.000,37.250965
2022-09-20 14:00:00.000,36.788544
2022-09-20 16:00:00.000,38.02393
2022-09-20 18:00:00.000,46.18616
2022-09-20 20:00:00.000,52.38663
2022-09-20 22:00:00.000,38.51775
2022-09-21 00:00:00.000,22.778229
2022-09-21 02:00:00.000,17.052994
2022-09-21 04:00:00.000,21.586926
2022-09-21 06:00:00.000,33.86358
2022-09-21 08:00:00.000,38.21996
2022-09-21 10:00:00.000,37.974308
2022-09-21 12:00:00.000,38.465015
2022-09-21 14:00:00.000,36.76796
2022-09-21 16:00:00.000,37.18901
2022-09-21 18:00:00.000,45.568157
2022-09-21 20:00:00.000,51.152245
2022-09-21 22:00:00.000,36.696495
2022-09-22 00:00:00.000,21.499466
2022-09-22 02:00:00.000,16.400494
2022-09-22 04:00:00.000,21.675308
2022-09-22 06:00:00.000,34.402775
2022-09-22 08:00:00.000,39.323326
2022-09-22 10:00:00.000,38.616066
2022-09-22 12:00:00.000,37.331512
2022-09-22 14:00:00.000,36.23933
2022-09-22 16:00:00.000,36.508755
2022-09-22 18:00:00.000,44.0636
2022-09-22 20:00:00.000,49.370117
2022-09-22 22:00:00.000,37.644592
2022-09-23 00:00:00.000,21.86789
2022-09-23 02:00:00.000,16.59242
2022-09-23 04:00:00.000,21.482344
2022-09-23 06:00:00.000,32.99892
2022-09-23 08:00:00.000,38.650185
2022-09-23 10:00:00.000,39.936943
2022-09-23 12:00:00.000,40.208534
2022-09-23 14:00:00.000,38.007057
2022-09-23 16:00:00.000,38.737602
2022-09-23 18:00:00.000,47.284206
2022-09-23 20:00:00.000,51.765644
2022-09-23 22:00:00.000,38.329414
2022-09-24 00:00:00.000,22.733316
2022-09-24 02:00:00.000,17.041264
2022-09-24 04:00:00.000,20.762335
2022-09-24 06:00:00.000,33.520355
2022-09-24 08:00:00.000,41.64547
2022-09-24 10:00:00.000,41.859665
2022-09-24 12:00:00.000,40.784252
2022-09-24 14:00:00.000,36.5518
2022-09-24 16:00:00.000,35.528477
2022-09-24 18:00:00.000,41.11121
2022-09-24 20:00:00.000,47.495018
2022-09-24 22:00:00.000,38.46837
2022-09-25 00:00:00.000,24.306997
2022-09-25 02:00:00.000,17.010618
2022-09-25 04:00:00.000,19.827856
2022-09-25 06:00:00.000,31.841705
2022-09-25 08:00:00.000,41.378933
2022-09-25 10:00:00.000,42.877956
2022-09-25 12:00:00.000,41.889645
2022-09-25 14:00:00.000,38.180965
2022-09-25 16:00:00.000,37.135098
2022-09-25 18:00:00.000,42.77091
2022-09-25 20:00:00.000,46.23371
2022-09-25 22:00:00.000,36.090683
2022-09-26 00:00:00.000,22.56059
2022-09-26 02:00:00.000,16.638332
2022-09-26 04:00:00.000,21.207827
2022-09-26 06:00:00.000,33.256943
2022-09-26 08:00:00.000,38.762856
2022-09-26 10:00:00.000,38.982155
2022-09-26 12:00:00.000,38.751213
2022-09-26 14:00:00.000,37.148113
2022-09-26 16:00:00.000,37.380074
2022-09-26 18:00:00.000,44.497932
2022-09-26 20:00:00.000,49.232845
2022-09-26 22:00:00.000,37.0789
2022-09-27 00:00:00.000,21.101917
2022-09-27 02:00:00.000,15.399335
2022-09-27 04:00:00.000,20.938255
2022-09-27 06:00:00.000,33.14471
2022-09-27 08:00:00.000,37.96084
2022-09-27 10:00:00.000,38.23597
2022-09-27 12:00:00.000,37.963066
2022-09-27 14:00:00.000,36.450523
2022-09-27 16:00:00.000,36.964996
2022-09-27 18:00:00.000,44.627186
2022-09-27 20:00:00.000,49.719067
2022-09-27 22:00:00.000,36.387665
2022-09-28 00:00:00.000,21.5609
2022-09-28 02:00:00.000,16.143852
2022-09-28 04:00:00.000,21.865202
2022-09-28 06:00:00.000,33.755108
2022-09-28 08:00:00.000,38.11925
2022-09-28 10:00:00.000,38.18572
2022-09-28 12:00:00.000,37.630726
2022-09-28 14:00:00.000,36.126915
2022-09-28 16:00:00.000,37.20645
2022-09-28 18:00:00.000,44.17715
2022-09-28 20:00:00.000,48.95186
2022-09-28 22:00:00.000,35.857227
2022-09-29 00:00:00.000,21.689526
2022-09-29 02:00:00.000,16.723215
2022-09-29 04:00:00.000,21.538483
2022-09-29 06:00:00.000,33.042572
2022-09-29 08:00:00.000,37.3283
2022-09-29 10:00:00.000,37.980206
2022-09-29 12:00:00.000,38.45481
2022-09-29 14:00:00.000,37.53243
2022-09-29 16:00:00.000,37.0353
2022-09-29 18:00:00.000,43.661236
2022-09-29 20:00:00.000,48.91733
2022-09-29 22:00:00.000,35.887375
2022-09-30 00:00:00.000,20.345873
2022-10-01 02:00:00.000,15.725164
2022-10-01 04:00:00.000,19.821863
2022-10-01 06:00:00.000,32.756714
2022-10-01 08:00:00.000,40.426804
2022-10-01 10:00:00.000,40.432076
2022-10-01 12:00:00.000,40.252686
2022-10-01 14:00:00.000,36.051083
2022-10-01 16:00:00.000,35.321102
2022-10-01 18:00:00.000,41.67663
2022-10-01 20:00:00.000,47.827034
2022-10-01 22:00:00.000,38.48254
2022-10-02 00:00:00.000,24.683752
2022-10-02 02:00:00.000,16.292715
2022-10-02 04:00:00.000,18.54193
2022-10-02 06:00:00.000,31.205053
2022-10-02 08:00:00.000,42.211468
2022-10-02 10:00:00.000,43.56878
2022-10-02 12:00:00.000,42.129414
2022-10-02 14:00:00.000,39.117237
2022-10-02 16:00:00.000,37.817024
2022-10-02 18:00:00.000,44.011257
2022-10-02 20:00:00.000,47.725254
2022-10-02 22:00:00.000,34.76904
2022-10-03 00:00:00.000,20.871319
2022-10-03 02:00:00.000,15.198942
2022-10-03 04:00:00.000,19.71644
2022-10-03 06:00:00.000,31.119852
2022-10-03 08:00:00.000,37.89616
2022-10-03 10:00:00.000,38.525757
2022-10-03 12:00:00.000,38.10966
2022-10-03 14:00:00.000,36.26509
2022-10-03 16:00:00.000,37.33047
2022-10-03 18:00:00.000,44.52465
2022-10-03 20:00:00.000,47.84758
2022-10-03 22:00:00.000,34.138817
2022-10-04 00:00:00.000,19.741663
2022-10-04 02:00:00.000,15.070753
2022-10-04 04:00:00.000,20.025503
2022-10-04 06:00:00.000,31.64998
2022-10-04 08:00:00.000,35.931335
2022-10-04 10:00:00.000,37.40875
2022-10-04 12:00:00.000,38.267704
2022-10-04 14:00:00.000,36.626236
2022-10-04 16:00:00.000,38.244156
2022-10-04 18:00:00.000,45.404
2022-10-04 20:00:00.000,47.621086
2022-10-04 22:00:00.000,33.843906
2022-10-05 00:00:00.000,19.089703
2022-10-05 02:00:00.000,15.240179
2022-10-05 04:00:00.000,19.967594
2022-10-05 06:00:00.000,30.94806
2022-10-05 08:00:00.000,36.546566
2022-10-05 10:00:00.000,38.765285
2022-10-05 12:00:00.000,39.01393
2022-10-05 14:00:00.000,37.23533
2022-10-05 16:00:00.000,38.054543
2022-10-05 18:00:00.000,45.807198
2022-10-05 20:00:00.000,47.855587
2022-10-05 22:00:00.000,33.550842
2022-10-06 00:00:00.000,19.27902
2022-10-06 02:00:00.000,15.521717
2022-10-06 04:00:00.000,20.227667
2022-10-06 06:00:00.000,31.80592
2022-10-06 08:00:00.000,36.193832
2022-10-06 10:00:00.000,37.024086
2022-10-06 12:00:00.000,37.168194
2022-10-06 14:00:00.000,35.895763
2022-10-06 16:00:00.000,37.30358
2022-10-06 18:00:00.000,45.072746
2022-10-06 20:00:00.000,48.517212
2022-10-06 22:00:00.000,34.429905
2022-10-07 00:00:00.000,20.22271
2022-10-07 02:00:00.000,16.108614
2022-10-07 04:00:00.000,21.090292
2022-10-07 06:00:00.000,31.95741
2022-10-07 08:00:00.000,36.516468
2022-10-07 10:00:00.000,37.522045
2022-10-07 12:00:00.000,37.754173
2022-10-07 14:00:00.000,35.87663
2022-10-07 16:00:00.000,37.28959
2022-10-07 18:00:00.000,44.467487
2022-10-07 20:00:00.000,49.509335
2022-10-07 22:00:00.000,36.379078
2022-10-08 00:00:00.000,21.034685
2022-10-08 02:00:00.000,15.3976145
2022-10-08 04:00:00.000,19.38364
2022-10-08 06:00:00.000,32.24937
2022-10-08 08:00:00.000,40.339798
2022-10-08 10:00:00.000,40.862766
2022-10-08 12:00:00.000,39.95892
2022-10-08 14:00:00.000,35.860367
2022-10-08 16:00:00.000,36.43493
2022-10-08 18:00:00.000,42.75738
2022-10-08 20:00:00.000,47.43716
2022-10-08 22:00:00.000,37.080055
2022-10-09 00:00:00.000,22.460226
2022-10-09 02:00:00.000,15.591085
2022-10-09 04:00:00.000,18.241331
2022-10-09 06:00:00.000,30.879868
2022-10-09 08:00:00.000,40.437428
2022-10-09 10:00:00.000,41.32225
2022-10-09 12:00:00.000,40.311028
2022-10-09 14:00:00.000,36.728146
2022-10-09 16:00:00.000,37.097523
2022-10-09 18:00:00.000,43.09795
2022-10-09 20:00:00.000,46.79672
2022-10-09 22:00:00.000,35.864605
2022-10-10 00:00:00.000,21.302256
2022-10-10 02:00:00.000,15.774107
2022-10-10 04:00:00.000,20.09405
2022-10-10 06:00:00.000,32.021206
2022-10-10 08:00:00.000,39.144985
2022-10-10 10:00:00.000,40.934055
2022-10-10 12:00:00.000,40.167507
2022-10-10 14:00:00.000,37.326256
2022-10-10 16:00:00.000,37.7151
2022-10-10 18:00:00.000,45.899193
2022-10-10 20:00:00.000,50.604923
2022-10-10 22:00:00.000,36.361313
2022-10-11 00:00:00.000,21.586786
2022-10-11 02:00:00.000,16.303
2022-10-11 04:00:00.000,21.371637
2022-10-11 06:00:00.000,34.60654
2022-10-11 08:00:00.000,40.291836
2022-10-11 10:00:00.000,40.0381
2022-10-11 12:00:00.000,38.820747
2022-10-11 14:00:00.000,37.082413
2022-10-11 16:00:00.000,37.91164
2022-10-11 18:00:00.000,45.49996
2022-10-11 20:00:00.000,49.72439
2022-10-11 22:00:00.000,34.967293
2022-10-12 00:00:00.000,19.886404
2022-10-12 02:00:00.000,15.261519
2022-10-12 04:00:00.000,20.705507
2022-10-12 06:00:00.000,33.485287
2022-10-12 08:00:00.000,39.466534
2022-10-12 10:00:00.000,39.311188
2022-10-12 12:00:00.000,38.108894
2022-10-12 14:00:00.000,36.01709
2022-10-12 16:00:00.000,37.104916
2022-10-12 18:00:00.000,43.986816
2022-10-12 20:00:00.000,48.380013
2022-10-12 22:00:00.000,36.048782
2022-10-13 00:00:00.000,21.610678
2022-10-13 02:00:00.000,15.597584
2022-10-13 04:00:00.000,20.632637
2022-10-13 06:00:00.000,32.327404
2022-10-13 08:00:00.000,37.943565
2022-10-13 10:00:00.000,38.328037
2022-10-13 12:00:00.000,38.22143
2022-10-13 14:00:00.000,36.120674
2022-10-13 16:00:00.000,37.184906
2022-10-13 18:00:00.000,44.345573
2022-10-13 20:00:00.000,47.872395
2022-10-13 22:00:00.000,33.603165
2022-10-14 00:00:00.000,19.14458
2022-10-14 02:00:00.000,14.982007
2022-10-14 04:00:00.000,20.298456
2022-10-14 06:00:00.000,32.304024
2022-10-14 08:00:00.000,38.04035
2022-10-14 10:00:00.000,37.948544
2022-10-14 12:00:00.000,37.588818
2022-10-14 14:00:00.000,35.38397
2022-10-14 16:00:00.000,36.407993
2022-10-14 18:00:00.000,43.8009
2022-10-14 20:00:00.000,48.433033
2022-10-14 22:00:00.000,35.438515
2022-10-15 00:00:00.000,21.2169
2022-10-15 02:00:00.000,15.174377
2022-10-15 04:00:00.000,19.332111
2022-10-15 06:00:00.000,33.025032
2022-10-15 08:00:00.000,41.500366
2022-10-15 10:00:00.000,40.96329
2022-10-15 12:00:00.000,39.790108
2022-10-15 14:00:00.000,35.327297
2022-10-15 16:00:00.000,35.013695
2022-10-15 18:00:00.000,40.422432
2022-10-15 20:00:00.000,45.547432
2022-10-15 22:00:00.000,37.029003
2022-10-16 00:00:00.000,21.439558
2022-10-16 02:00:00.000,15.220541
2022-10-16 04:00:00.000,17.959236
2022-10-16 06:00:00.000,29.907804
2022-10-16 08:00:00.000,39.779255
2022-10-16 10:00:00.000,41.47628
2022-10-16 12:00:00.000,41.140057
2022-10-16 14:00:00.000,36.58815
2022-10-16 16:00:00.000,36.665882
2022-10-16 18:00:00.000,42.51495
2022-10-16 20:00:00.000,45.523476
2022-10-16 22:00:00.000,34.406796
2022-10-17 00:00:00.000,19.882135
2022-10-17 02:00:00.000,15.075215
2022-10-17 04:00:00.000,20.158733
2022-10-17 06:00:00.000,32.25986
2022-10-17 08:00:00.000,37.672653
2022-10-17 10:00:00.000,37.71486
2022-10-17 12:00:00.000,37.70052
2022-10-17 14:00:00.000,36.154705
2022-10-17 16:00:00.000,36.95574
2022-10-17 18:00:00.000,44.561043
2022-10-17 20:00:00.000,48.563614
2022-10-17 22:00:00.000,34.230957
2022-10-18 00:00:00.000,19.214409
2022-10-18 02:00:00.000,14.508258
2022-10-18 04:00:00.000,19.941252
2022-10-18 06:00:00.000,31.802404
2022-10-18 08:00:00.000,37.461086
2022-10-18 10:00:00.000,38.33631
2022-10-18 12:00:00.000,38.085255
2022-10-18 14:00:00.000,36.558384
2022-10-18 16:00:00.000,37.74812
2022-10-18 18:00:00.000,44.911533
2022-10-18 20:00:00.000,48.93255
2022-10-18 22:00:00.000,34.736786
2022-10-19 00:00:00.000,18.986366
2022-10-19 02:00:00.000,15.015973
2022-10-19 04:00:00.000,20.510248
2022-10-19 06:00:00.000,32.402405
2022-10-19 08:00:00.000,37.53567
2022-10-19 10:00:00.000,37.857353
2022-10-19 12:00:00.000,37.705593
2022-10-19 14:00:00.000,35.87892
2022-10-19 16:00:00.000,37.61713
2022-10-19 18:00:00.000,44.914913
2022-10-19 20:00:00.000,48.93422
2022-10-19 22:00:00.000,34.918865
2022-10-20 00:00:00.000,20.562414
2022-10-20 02:00:00.000,15.16836
2022-10-20 04:00:00.000,20.393549
2022-10-20 06:00:00.000,32.436096
2022-10-20 08:00:00.000,38.082073
2022-10-20 10:00:00.000,38.299675
2022-10-20 12:00:00.000,37.95558
2022-10-20 14:00:00.000,36.1123
2022-10-20 16:00:00.000,37.194286
2022-10-20 18:00:00.000,44.474876
2022-10-20 20:00:00.000,48.72929
2022-10-20 22:00:00.000,34.442688
2022-10-21 00:00:00.000,19.387049
2022-10-21 02:00:00.000,15.392453
2022-10-21 04:00:00.000,20.474174
2022-10-21 06:00:00.000,31.98591
2022-10-21 08:00:00.000,37.14385
2022-10-21 10:00:00.000,37.798214
2022-10-21 12:00:00.000,37.867382
2022-10-21 14:00:00.000,35.479805
2022-10-21 16:00:00.000,36.89886
2022-10-21 18:00:00.000,44.39031
2022-10-21 20:00:00.000,49.226643
2022-10-21 22:00:00.000,36.600594
2022-10-22 00:00:00.000,20.802364
2022-10-22 02:00:00.000,14.583226
2022-10-22 04:00:00.000,18.39571
2022-10-22 06:00:00.000,31.510181
2022-10-22 08:00:00.000,40.245213
2022-10-22 10:00:00.000,40.90372
2022-10-22 12:00:00.000,39.982235
2022-10-22 14:00:00.000,35.707684
2022-10-22 16:00:00.000,35.84822
2022-10-22 18:00:00.000,41.559055
2022-10-22 20:00:00.000,46.449432
2022-10-22 22:00:00.000,37.42172
2022-10-23 00:00:00.000,22.913649
2022-10-23 02:00:00.000,15.072053
2022-10-23 04:00:00.000,17.65915
2022-10-23 06:00:00.000,29.556494
2022-10-23 08:00:00.000,40.87459
2022-10-23 10:00:00.000,43.354034
2022-10-23 12:00:00.000,42.18321
2022-10-23 14:00:00.000,37.642803
2022-10-23 16:00:00.000,37.611317
2022-10-23 18:00:00.000,42.985096
2022-10-23 20:00:00.000,45.86994
2022-10-23 22:00:00.000,35.26144
2022-10-24 00:00:00.000,20.656172
2022-10-24 02:00:00.000,14.887644
2022-10-24 04:00:00.000,18.872492
2022-10-24 06:00:00.000,29.658709
2022-10-24 08:00:00.000,35.746975
2022-10-24 10:00:00.000,38.685722
2022-10-24 12:00:00.000,39.577904
2022-10-24 14:00:00.000,39.95975
2022-10-24 16:00:00.000,41.38329
2022-10-24 18:00:00.000,49.29551
2022-10-24 20:00:00.000,51.9222
2022-10-24 22:00:00.000,36.8703
2022-10-25 00:00:00.000,20.788765
2022-10-25 02:00:00.000,15.639719
2022-10-25 04:00:00.000,20.007074
2022-10-25 06:00:00.000,30.62703
2022-10-25 08:00:00.000,36.311207
2022-10-25 10:00:00.000,37.81097
2022-10-25 12:00:00.000,38.04615
2022-10-25 14:00:00.000,38.29245
2022-10-25 16:00:00.000,41.415573
2022-10-25 18:00:00.000,50.333885
2022-10-25 20:00:00.000,51.096924
2022-10-25 22:00:00.000,35.2004
2022-10-26 00:00:00.000,20.6755
2022-10-26 02:00:00.000,15.735482
2022-10-26 04:00:00.000,20.563663
2022-10-26 06:00:00.000,31.841192
2022-10-26 08:00:00.000,37.85127
2022-10-26 10:00:00.000,39.73858
2022-10-26 12:00:00.000,40.498844
2022-10-26 14:00:00.000,39.18297
2022-10-26 16:00:00.000,41.20387
2022-10-26 18:00:00.000,47.385414
2022-10-26 20:00:00.000,49.654827
2022-10-26 22:00:00.000,34.862343
2022-10-27 00:00:00.000,19.772892
2022-10-27 02:00:00.000,15.129153
2022-10-27 04:00:00.000,20.080168
2022-10-27 06:00:00.000,31.427946
2022-10-27 08:00:00.000,37.500652
2022-10-27 10:00:00.000,38.39859
2022-10-27 12:00:00.000,37.7387
2022-10-27 14:00:00.000,36.327213
2022-10-27 16:00:00.000,38.472084
2022-10-27 18:00:00.000,45.889256
2022-10-27 20:00:00.000,48.937813
2022-10-27 22:00:00.000,34.428802
2022-10-28 00:00:00.000,19.112534
2022-10-28 02:00:00.000,14.701096
2022-10-28 04:00:00.000,19.770573
2022-10-28 06:00:00.000,31.469421
2022-10-28 08:00:00.000,38.146374
2022-10-28 10:00:00.000,38.55358
2022-10-28 12:00:00.000,37.951336
2022-10-28 14:00:00.000,35.266308
2022-10-28 16:00:00.000,36.430267
2022-10-28 18:00:00.000,43.95563
2022-10-28 20:00:00.000,49.280357
2022-10-28 22:00:00.000,36.98674
2022-10-29 00:00:00.000,21.28603
2022-10-29 02:00:00.000,15.005785
2022-10-29 04:00:00.000,18.559338
2022-10-29 06:00:00.000,30.97403
2022-10-29 08:00:00.000,40.640182
2022-10-29 10:00:00.000,41.763817
2022-10-29 12:00:00.000,40.493538
2022-10-29 14:00:00.000,35.46007
2022-10-29 16:00:00.000,35.5803
2022-10-29 18:00:00.000,41.049995
2022-10-29 20:00:00.000,46.501205
2022-10-29 22:00:00.000,37.158695
2022-10-30 00:00:00.000,22.171062
2022-10-30 02:00:00.000,14.688083
2022-10-30 04:00:00.000,17.092453
2022-10-30 06:00:00.000,28.861916
2022-10-30 08:00:00.000,40.272568
2022-10-30 10:00:00.000,42.290462
2022-10-30 12:00:00.000,42.012886
2022-10-30 14:00:00.000,37.398056
2022-10-30 16:00:00.000,37.424126
2022-10-30 18:00:00.000,43.16624
2022-10-30 20:00:00.000,46.456978
2022-10-30 22:00:00.000,34.291355
2022-10-31 00:00:00.000,19.952198
2022-11-01 02:00:00.000,15.714085
2022-11-01 04:00:00.000,20.48291
2022-11-01 06:00:00.000,33.509277
2022-11-01 08:00:00.000,41.66963
2022-11-01 10:00:00.000,41.06905
2022-11-01 12:00:00.000,39.225174
2022-11-01 14:00:00.000,35.584988
2022-11-01 16:00:00.000,37.4903
2022-11-01 18:00:00.000,44.83662
2022-11-01 20:00:00.000,49.031273
2022-11-01 22:00:00.000,36.126442
2022-11-02 00:00:00.000,20.5416
2022-11-02 02:00:00.000,15.817738
2022-11-02 04:00:00.000,20.804638
2022-11-02 06:00:00.000,33.7754
2022-11-02 08:00:00.000,41.91449
2022-11-02 10:00:00.000,42.192467
2022-11-02 12:00:00.000,39.072273
2022-11-02 14:00:00.000,35.400726
2022-11-02 16:00:00.000,37.03145
2022-11-02 18:00:00.000,44.20284
2022-11-02 20:00:00.000,48.51448
2022-11-02 22:00:00.000,35.49516
2022-11-03 00:00:00.000,19.774914
2022-11-03 02:00:00.000,14.52278
2022-11-03 04:00:00.000,19.14593
2022-11-03 06:00:00.000,32.486504
2022-11-03 08:00:00.000,41.369324
2022-11-03 10:00:00.000,41.90381
2022-11-03 12:00:00.000,39.23753
2022-11-03 14:00:00.000,35.228447
2022-11-03 16:00:00.000,37.076008
2022-11-03 18:00:00.000,44.438194
2022-11-03 20:00:00.000,50.273525
2022-11-03 22:00:00.000,38.024387
2022-11-04 00:00:00.000,21.755835
2022-11-04 02:00:00.000,15.555338
2022-11-04 04:00:00.000,19.177633
2022-11-04 06:00:00.000,31.84524
2022-11-04 08:00:00.000,43.629845
2022-11-04 10:00:00.000,43.69169
2022-11-04 12:00:00.000,40.305546
2022-11-04 14:00:00.000,35.553097
2022-11-04 16:00:00.000,36.060387
2022-11-04 18:00:00.000,42.90737
2022-11-04 20:00:00.000,48.849735
2022-11-04 22:00:00.000,37.98763
2022-11-05 00:00:00.000,21.951918
2022-11-05 02:00:00.000,14.602388
2022-11-05 04:00:00.000,16.961594
2022-11-05 06:00:00.000,27.997673
2022-11-05 08:00:00.000,39.084923
2022-11-05 10:00:00.000,40.492588
2022-11-05 12:00:00.000,39.349926
2022-11-05 14:00:00.000,34.659706
2022-11-05 16:00:00.000,34.909267
2022-11-05 18:00:00.000,40.656418
2022-11-05 20:00:00.000,46.61189
2022-11-05 22:00:00.000,37.642456
2022-11-06 00:00:00.000,22.170658
2022-11-06 02:00:00.000,14.322317
2022-11-06 04:00:00.000,15.908396
2022-11-06 06:00:00.000,26.306124
2022-11-06 08:00:00.000,38.60642
2022-11-06 10:00:00.000,41.98806
2022-11-06 12:00:00.000,41.029102
2022-11-06 14:00:00.000,36.52698
2022-11-06 16:00:00.000,36.565697
2022-11-06 18:00:00.000,42.31313
2022-11-06 20:00:00.000,45.399487
2022-11-06 22:00:00.000,34.503002
2022-11-07 00:00:00.000,20.117258
2022-11-07 02:00:00.000,14.564993
2022-11-07 04:00:00.000,18.342947
2022-11-07 06:00:00.000,28.97434
2022-11-07 08:00:00.000,35.777557
2022-11-07 10:00:00.000,37.355354
2022-11-07 12:00:00.000,37.876465
2022-11-07 14:00:00.000,35.2937
2022-11-07 16:00:00.000,36.923805
2022-11-07 18:00:00.000,44.296375
2022-11-07 20:00:00.000,48.940655
2022-11-07 22:00:00.000,35.110626
2022-11-08 00:00:00.000,19.295078
2022-11-08 02:00:00.000,14.22335
2022-11-08 04:00:00.000,17.57048
2022-11-08 06:00:00.000,28.193897
2022-11-08 08:00:00.000,34.59756
2022-11-08 10:00:00.000,36.650467
2022-11-08 12:00:00.000,37.00848
2022-11-08 14:00:00.000,35.042152
2022-11-08 16:00:00.000,37.383907
2022-11-08 18:00:00.000,44.3356
2022-11-08 20:00:00.000,48.57467
2022-11-08 22:00:00.000,35.184242
2022-11-09 00:00:00.000,19.059944
2022-11-09 02:00:00.000,14.036782
2022-11-09 04:00:00.000,18.524439
2022-11-09 06:00:00.000,29.736021
2022-11-09 08:00:00.000,35.904552
2022-11-09 10:00:00.000,37.354046
2022-11-09 12:00:00.000,37.466858
2022-11-09 14:00:00.000,34.88759
2022-11-09 16:00:00.000,36.740757
2022-11-09 18:00:00.000,44.53827
2022-11-09 20:00:00.000,48.949
2022-11-09 22:00:00.000,35.054314
2022-11-10 00:00:00.000,19.363703
2022-11-10 02:00:00.000,14.623092
2022-11-10 04:00:00.000,18.95637
2022-11-10 06:00:00.000,30.415903
2022-11-10 08:00:00.000,36.55433
2022-11-10 10:00:00.000,37.578976
2022-11-10 12:00:00.000,37.295467
2022-11-10 14:00:00.000,34.51709
2022-11-10 16:00:00.000,36.61203
2022-11-10 18:00:00.000,43.831425
2022-11-10 20:00:00.000,48.420113
2022-11-10 22:00:00.000,34.587864
2022-11-11 00:00:00.000,19.00253
2022-11-11 02:00:00.000,14.106889
2022-11-11 04:00:00.000,18.305784
2022-11-11 06:00:00.000,29.214914
2022-11-11 08:00:00.000,34.893547
2022-11-11 10:00:00.000,35.68771
2022-11-11 12:00:00.000,36.82338
2022-11-11 14:00:00.000,34.497597
2022-11-11 16:00:00.000,35.94277
2022-11-11 18:00:00.000,42.729603
2022-11-11 20:00:00.000,48.47334
2022-11-11 22:00:00.000,36.88612
2022-11-12 00:00:00.000,20.82885
2022-11-12 02:00:00.000,14.106519
2022-11-12 04:00:00.000,16.873432
2022-11-12 06:00:00.000,28.798872
2022-11-12 08:00:00.000,39.195354
2022-11-12 10:00:00.000,39.894184
2022-11-12 12:00:00.000,39.74156
2022-11-12 14:00:00.000,35.046715
2022-11-12 16:00:00.000,35.413815
2022-11-12 18:00:00.000,41.162548
2022-11-12 20:00:00.000,46.459503
2022-11-12 22:00:00.000,37.42439
2022-11-13 00:00:00.000,21.446892
2022-11-13 02:00:00.000,14.0177145
2022-11-13 04:00:00.000,15.592748
2022-11-13 06:00:00.000,26.645346
2022-11-13 08:00:00.000,39.24009
2022-11-13 10:00:00.000,41.68118
2022-11-13 12:00:00.000,40.715954
2022-11-13 14:00:00.000,36.482212
2022-11-13 16:00:00.000,36.331303
2022-11-13 18:00:00.000,42.480816
2022-11-13 20:00:00.000,46.149166
2022-11-13 22:00:00.000,34.59159
2022-11-14 00:00:00.000,20.199276
2022-11-14 02:00:00.000,14.29908
2022-11-14 04:00:00.000,17.968678
2022-11-14 06:00:00.000,29.15843
2022-11-14 08:00:00.000,35.665855
2022-11-14 10:00:00.000,37.057453
2022-11-14 12:00:00.000,37.44704
2022-11-14 14:00:00.000,34.60718
2022-11-14 16:00:00.000,36.465813
2022-11-14 18:00:00.000,43.762924
2022-11-14 20:00:00.000,48.049587
2022-11-14 22:00:00.000,34.037876
2022-11-15 00:00:00.000,18.519785
2022-11-15 02:00:00.000,13.730618
2022-11-15 04:00:00.000,17.72059
2022-11-15 06:00:00.000,29.266058
2022-11-15 08:00:00.000,35.340088
2022-11-15 10:00:00.000,36.81739
2022-11-15 12:00:00.000,36.87273
2022-11-15 14:00:00.000,34.334103
2022-11-15 16:00:00.000,36.35674
2022-11-15 18:00:00.000,43.60066
2022-11-15 20:00:00.000,48.255077
2022-11-15 22:00:00.000,34.690098
2022-11-16 00:00:00.000,19.299307
2022-11-16 02:00:00.000,14.046801
2022-11-16 04:00:00.000,18.355263
2022-11-16 06:00:00.000,29.688099
2022-11-16 08:00:00.000,35.770008
2022-11-16 10:00:00.000,36.746277
2022-11-16 12:00:00.000,36.987465
2022-11-16 14:00:00.000,34.54686
2022-11-16 16:00:00.000,36.460793
2022-11-16 18:00:00.000,43.915047
2022-11-16 20:00:00.000,48.053326
2022-11-16 22:00:00.000,33.488018
2022-11-17 00:00:00.000,18.491606
2022-11-17 02:00:00.000,13.632001
2022-11-17 04:00:00.000,18.072426
2022-11-17 06:00:00.000,29.966911
2022-11-17 08:00:00.000,36.458103
2022-11-17 10:00:00.000,37.143738
2022-11-17 12:00:00.000,37.753376
2022-11-17 14:00:00.000,35.305923
2022-11-17 16:00:00.000,36.81509
2022-11-17 18:00:00.000,44.3781
2022-11-17 20:00:00.000,48.312847
2022-11-17 22:00:00.000,33.659546
2022-11-18 00:00:00.000,18.422657
2022-11-18 02:00:00.000,14.06833
2022-11-18 04:00:00.000,18.728678
2022-11-18 06:00:00.000,30.27875
2022-11-18 08:00:00.000,36.647762
2022-11-18 10:00:00.000,37.255413
2022-11-18 12:00:00.000,37.59268
2022-11-18 14:00:00.000,35.127846
2022-11-18 16:00:00.000,36.165592
2022-11-18 18:00:00.000,43.441277
2022-11-18 20:00:00.000,49.342297
2022-11-18 22:00:00.000,36.163525
2022-11-19 00:00:00.000,19.839247
2022-11-19 02:00:00.000,13.632096
2022-11-19 04:00:00.000,17.07227
2022-11-19 06:00:00.000,29.516207
2022-11-19 08:00:00.000,40.080463
2022-11-19 10:00:00.000,40.383076
2022-11-19 12:00:00.000,39.488953
2022-11-19 14:00:00.000,35.210182
2022-11-19 16:00:00.000,35.369286
2022-11-19 18:00:00.000,41.308556
2022-11-19 20:00:00.000,46.4174
2022-11-19 22:00:00.000,36.46967
2022-11-20 00:00:00.000,20.952557
2022-11-20 02:00:00.000,13.63022
2022-11-20 04:00:00.000,15.448668
2022-11-20 06:00:00.000,26.709785
2022-11-20 08:00:00.000,39.28505
2022-11-20 10:00:00.000,41.22586
2022-11-20 12:00:00.000,40.13671
2022-11-20 14:00:00.000,36.028473
2022-11-20 16:00:00.000,36.2495
2022-11-20 18:00:00.000,41.74613
2022-11-20 20:00:00.000,44.898453
2022-11-20 22:00:00.000,33.442913
2022-11-21 00:00:00.000,19.154808
2022-11-21 02:00:00.000,14.186816
2022-11-21 04:00:00.000,18.242998
2022-11-21 06:00:00.000,29.427334
2022-11-21 08:00:00.000,37.444427
2022-11-21 10:00:00.000,38.592625
2022-11-21 12:00:00.000,37.993046
2022-11-21 14:00:00.000,35.31051
2022-11-21 16:00:00.000,35.760773
2022-11-21 18:00:00.000,42.627396
2022-11-21 20:00:00.000,46.663853
2022-11-21 22:00:00.000,33.445347
2022-11-22 00:00:00.000,18.799936
2022-11-22 02:00:00.000,13.971885
2022-11-22 04:00:00.000,18.066257
2022-11-22 06:00:00.000,29.699429
2022-11-22 08:00:00.000,37.08148
2022-11-22 10:00:00.000,38.111084
2022-11-22 12:00:00.000,37.559315
2022-11-22 14:00:00.000,34.839615
2022-11-22 16:00:00.000,36.48557
2022-11-22 18:00:00.000,43.23368
2022-11-22 20:00:00.000,47.198704
2022-11-22 22:00:00.000,33.443016
2022-11-23 00:00:00.000,18.597363
2022-11-23 02:00:00.000,13.711126
2022-11-23 04:00:00.000,18.064749
2022-11-23 06:00:00.000,29.034983
2022-11-23 08:00:00.000,35.88567
2022-11-23 10:00:00.000,37.58075
2022-11-23 12:00:00.000,37.613617
2022-11-23 14:00:00.000,35.221806
2022-11-23 16:00:00.000,36.503227
2022-11-23 18:00:00.000,43.03634
2022-11-23 20:00:00.000,47.32824
2022-11-23 22:00:00.000,33.69863
2022-11-24 00:00:00.000,18.496841
2022-11-24 02:00:00.000,13.706828
2022-11-24 04:00:00.000,17.823034
2022-11-24 06:00:00.000,28.82323
2022-11-24 08:00:00.000,35.98227
2022-11-24 10:00:00.000,37.746517
2022-11-24 12:00:00.000,37.977833
2022-11-24 14:00:00.000,35.283062
2022-11-24 16:00:00.000,35.983185
2022-11-24 18:00:00.000,42.435192
2022-11-24 20:00:00.000,45.530594
2022-11-24 22:00:00.000,33.402225
2022-11-25 00:00:00.000,19.134794
2022-11-25 02:00:00.000,14.486063
2022-11-25 04:00:00.000,18.383972
2022-11-25 06:00:00.000,29.156883
2022-11-25 08:00:00.000,36.805843
2022-11-25 10:00:00.000,38.209335
2022-11-25 12:00:00.000,39.016857
2022-11-25 14:00:00.000,35.638893
2022-11-25 16:00:00.000,36.18662
2022-11-25 18:00:00.000,42.596607
2022-11-25 20:00:00.000,47.33664
2022-11-25 22:00:00.000,35.52664
2022-11-26 00:00:00.000,20.442873
2022-11-26 02:00:00.000,14.269815
2022-11-26 04:00:00.000,17.25605
2022-11-26 06:00:00.000,28.744486
2022-11-26 08:00:00.000,39.76968
2022-11-26 10:00:00.000,40.645504
2022-11-26 12:00:00.000,40.33831
2022-11-26 14:00:00.000,35.921524
2022-11-26 16:00:00.000,35.779835
2022-11-26 18:00:00.000,41.172653
2022-11-26 20:00:00.000,46.33828
2022-11-26 22:00:00.000,36.905647
2022-11-27 00:00:00.000,21.870018
2022-11-27 02:00:00.000,14.347304
2022-11-27 04:00:00.000,16.171259
2022-11-27 06:00:00.000,26.683811
2022-11-27 08:00:00.000,39.606583
2022-11-27 10:00:00.000,42.49025
2022-11-27 12:00:00.000,42.117275
2022-11-27 14:00:00.000,37.439724
2022-11-27 16:00:00.000,37.285683
2022-11-27 18:00:00.000,42.60232
2022-11-27 20:00:00.000,45.791656
2022-11-27 22:00:00.000,34.479736
2022-11-28 00:00:00.000,20.129633
2022-11-28 02:00:00.000,14.813405
2022-11-28 04:00:00.000,18.738176
2022-11-28 06:00:00.000,29.768373
2022-11-28 08:00:00.000,37.131123
2022-11-28 10:00:00.000,38.8823
2022-11-28 12:00:00.000,38.912113
2022-11-28 14:00:00.000,36.54415
2022-11-28 16:00:00.000,37.326626
2022-11-28 18:00:00.000,43.78242
2022-11-28 20:00:00.000,47.67939
2022-11-28 22:00:00.000,34.632442
2022-11-29 00:00:00.000,19.214329
2022-11-29 02:00:00.000,14.487834
2022-11-29 04:00:00.000,18.600449
2022-11-29 06:00:00.000,30.262556
2022-11-29 08:00:00.000,37.46665
2022-11-29 10:00:00.000,38.75612
2022-11-29 12:00:00.000,38.914272
2022-11-29 14:00:00.000,35.62771
2022-11-29 16:00:00.000,37.29933
2022-11-29 18:00:00.000,44.780598
2022-11-29 20:00:00.000,49.00464
2022-11-29 22:00:00.000,34.50545
2022-11-30 00:00:00.000,19.263474
2022-12-01 02:00:00.000,14.42249
2022-12-01 04:00:00.000,18.804985
2022-12-01 06:00:00.000,30.161728
2022-12-01 08:00:00.000,37.645237
2022-12-01 10:00:00.000,39.31171
2022-12-01 12:00:00.000,39.060562
2022-12-01 14:00:00.000,36.17785
2022-12-01 16:00:00.000,37.84874
2022-12-01 18:00:00.000,45.063007
2022-12-01 20:00:00.000,49.228363
2022-12-01 22:00:00.000,34.583652
2022-12-02 00:00:00.000,19.294746
2022-12-02 02:00:00.000,14.561044
2022-12-02 04:00:00.000,19.030142
2022-12-02 06:00:00.000,30.78895
2022-12-02 08:00:00.000,38.363102
2022-12-02 10:00:00.000,39.532593
2022-12-02 12:00:00.000,39.884964
2022-12-02 14:00:00.000,36.388863
2022-12-02 16:00:00.000,38.08757
2022-12-02 18:00:00.000,45.128056
2022-12-02 20:00:00.000,50.25405
2022-12-02 22:00:00.000,37.39951
2022-12-03 00:00:00.000,21.027178
2022-12-03 02:00:00.000,14.503711
2022-12-03 04:00:00.000,17.338718
2022-12-03 06:00:00.000,29.477333
2022-12-03 08:00:00.000,41.796307
2022-12-03 10:00:00.000,42.727863
2022-12-03 12:00:00.000,41.688457
2022-12-03 14:00:00.000,37.161583
2022-12-03 16:00:00.000,36.712425
2022-12-03 18:00:00.000,42.29085
2022-12-03 20:00:00.000,47.615128
2022-12-03 22:00:00.000,37.361607
2022-12-04 00:00:00.000,21.842941
2022-12-04 02:00:00.000,14.264003
2022-12-04 04:00:00.000,15.9672365
2022-12-04 06:00:00.000,26.932314
2022-12-04 08:00:00.000,41.18386
2022-12-04 10:00:00.000,43.64627
2022-12-04 12:00:00.000,42.3618
2022-12-04 14:00:00.000,38.09401
2022-12-04 16:00:00.000,38.19967
2022-12-04 18:00:00.000,43.793064
2022-12-04 20:00:00.000,46.40315
2022-12-04 22:00:00.000,34.805767
2022-12-05 00:00:00.000,20.436384
2022-12-05 02:00:00.000,14.92506
2022-12-05 04:00:00.000,18.501654
2022-12-05 06:00:00.000,29.929361
2022-12-05 08:00:00.000,38.45944
2022-12-05 10:00:00.000,39.97551
2022-12-05 12:00:00.000,39.91383
2022-12-05 14:00:00.000,37.204033
2022-12-05 16:00:00.000,38.679184
2022-12-05 18:00:00.000,45.199856
2022-12-05 20:00:00.000,48.579113
2022-12-05 22:00:00.000,34.847492
2022-12-06 00:00:00.000,19.458609
2022-12-06 02:00:00.000,14.620667
2022-12-06 04:00:00.000,18.480549
2022-12-06 06:00:00.000,30.556322
2022-12-06 08:00:00.000,38.962326
2022-12-06 10:00:00.000,40.390022
2022-12-06 12:00:00.000,39.759624
2022-12-06 14:00:00.000,36.890198
2022-12-06 16:00:00.000,38.669228
2022-12-06 18:00:00.000,45.86832
2022-12-06 20:00:00.000,49.732956
2022-12-06 22:00:00.000,35.1122
2022-12-07 00:00:00.000,19.58749
2022-12-07 02:00:00.000,14.673303
2022-12-07 04:00:00.000,18.80157
2022-12-07 06:00:00.000,30.934446
2022-12-07 08:00:00.000,39.7554
2022-12-07 10:00:00.000,41.14345
2022-12-07 12:00:00.000,40.438335
2022-12-07 14:00:00.000,36.936836
2022-12-07 16:00:00.000,38.412632
2022-12-07 18:00:00.000,45.606777
2022-12-07 20:00:00.000,49.502846
2022-12-07 22:00:00.000,35.016953
2022-12-08 00:00:00.000,19.426699
2022-12-08 02:00:00.000,14.588905
2022-12-08 04:00:00.000,18.62364
2022-12-08 06:00:00.000,30.36086
2022-12-08 08:00:00.000,38.448906
2022-12-08 10:00:00.000,39.811077
2022-12-08 12:00:00.000,39.509716
2022-12-08 14:00:00.000,36.50589
2022-12-08 16:00:00.000,37.870964
2022-12-08 18:00:00.000,44.65317
2022-12-08 20:00:00.000,49.06016
2022-12-08 22:00:00.000,35.31835
2022-12-09 00:00:00.000,19.55443
2022-12-09 02:00:00.000,14.804277
2022-12-09 04:00:00.000,18.617167
2022-12-09 06:00:00.000,31.110214
2022-12-09 08:00:00.000,38.49133
2022-12-09 10:00:00.000,39.62187
2022-12-09 12:00:00.000,39.76002
2022-12-09 14:00:00.000,35.977848
2022-12-09 16:00:00.000,36.99036
2022-12-09 18:00:00.000,44.022743
2022-12-09 20:00:00.000,49.675392
2022-12-09 22:00:00.000,37.73118
2022-12-10 00:00:00.000,21.218216
2022-12-10 02:00:00.000,14.276269
2022-12-10 04:00:00.000,16.886093
2022-12-10 06:00:00.000,28.308754
2022-12-10 08:00:00.000,40.327015
2022-12-10 10:00:00.000,42.11393
2022-12-10 12:00:00.000,41.044125
2022-12-10 14:00:00.000,36.56974
2022-12-10 16:00:00.000,36.30911
2022-12-10 18:00:00.000,41.740868
2022-12-10 20:00:00.000,47.794075
2022-12-10 22:00:00.000,38.734325
2022-12-11 00:00:00.000,22.68493
2022-12-11 02:00:00.000,14.552395
2022-12-11 04:00:00.000,15.675301
2022-12-11 06:00:00.000,25.91045
2022-12-11 08:00:00.000,39.748264
2022-12-11 10:00:00.000,42.921455
2022-12-11 12:00:00.000,41.935223
2022-12-11 14:00:00.000,37.66662
2022-12-11 16:00:00.000,38.322292
2022-12-11 18:00:00.000,43.31315
2022-12-11 20:00:00.000,46.63012
2022-12-11 22:00:00.000,35.61574
2022-12-12 00:00:00.000,20.949291
2022-12-12 02:00:00.000,15.103015
2022-12-12 04:00:00.000,18.414242
2022-12-12 06:00:00.000,29.415684
2022-12-12 08:00:00.000,38.110317
2022-12-12 10:00:00.000,40.39498
2022-12-12 12:00:00.000,39.78927
2022-12-12 14:00:00.000,36.769646
2022-12-12 16:00:00.000,38.00178
2022-12-12 18:00:00.000,44.303238
2022-12-12 20:00:00.000,48.92261
2022-12-12 22:00:00.000,36.11438
2022-12-13 00:00:00.000,20.25094
2022-12-13 02:00:00.000,14.655871
2022-12-13 04:00:00.000,18.165794
2022-12-13 06:00:00.000,29.662985
2022-12-13 08:00:00.000,38.0617
2022-12-13 10:00:00.000,39.993958
2022-12-13 12:00:00.000,39.687935
2022-12-13 14:00:00.000,36.46768
2022-12-13 16:00:00.000,37.837887
2022-12-13 18:00:00.000,44.381596
2022-12-13 20:00:00.000,48.906513
2022-12-13 22:00:00.000,35.81454
2022-12-14 00:00:00.000,20.37817
2022-12-14 02:00:00.000,14.776289
2022-12-14 04:00:00.000,18.467014
2022-12-14 06:00:00.000,29.831917
2022-12-14 08:00:00.000,38.213356
2022-12-14 10:00:00.000,39.983097
2022-12-14 12:00:00.000,39.501007
2022-12-14 14:00:00.000,35.954514
2022-12-14 16:00:00.000,37.34916
2022-12-14 18:00:00.000,44.01598
2022-12-14 20:00:00.000,48.647804
2022-12-14 22:00:00.000,35.818886
2022-12-15 00:00:00.000,20.497562
2022-12-15 02:00:00.000,14.845589
2022-12-15 04:00:00.000,18.697018
2022-12-15 06:00:00.000,30.118586
2022-12-15 08:00:00.000,38.325188
2022-12-15 10:00:00.000,40.106213
2022-12-15 12:00:00.000,39.9483
2022-12-15 14:00:00.000,36.44572
2022-12-15 16:00:00.000,37.1335
2022-12-15 18:00:00.000,43.59554
2022-12-15 20:00:00.000,48.1858
2022-12-15 22:00:00.000,35.75827
2022-12-16 00:00:00.000,20.617413
2022-12-16 02:00:00.000,14.926617
2022-12-16 04:00:00.000,18.595512
2022-12-16 06:00:00.000,30.031326
2022-12-16 08:00:00.000,38.196457
2022-12-16 10:00:00.000,40.186142
2022-12-16 12:00:00.000,40.492798
2022-12-16 14:00:00.000,36.50511
2022-12-16 16:00:00.000,37.228252
2022-12-16 18:00:00.000,43.896187
2022-12-16 20:00:00.000,50.007614
2022-12-16 22:00:00.000,38.470047
2022-12-17 00:00:00.000,21.809225
2022-12-17 02:00:00.000,14.592759
2022-12-17 04:00:00.000,16.914547
2022-12-17 06:00:00.000,28.264626
2022-12-17 08:00:00.000,40.275795
2022-12-17 10:00:00.000,41.86827
2022-12-17 12:00:00.000,41.2746
2022-12-17 14:00:00.000,36.662094
2022-12-17 16:00:00.000,36.30473
2022-12-17 18:00:00.000,41.354557
2022-12-17 20:00:00.000,47.5021
2022-12-17 22:00:00.000,39.220043
2022-12-18 00:00:00.000,23.305191
2022-12-18 02:00:00.000,14.9209
2022-12-18 04:00:00.000,15.748712
2022-12-18 06:00:00.000,25.791395
2022-12-18 08:00:00.000,39.594936
2022-12-18 10:00:00.000,42.86333
2022-12-18 12:00:00.000,42.61297
2022-12-18 14:00:00.000,38.278233
2022-12-18 16:00:00.000,37.470047
2022-12-18 18:00:00.000,41.91628
2022-12-18 20:00:00.000,46.31908
2022-12-18 22:00:00.000,36.307365
2022-12-19 00:00:00.000,21.640629
2022-12-19 02:00:00.000,15.093093
2022-12-19 04:00:00.000,18.02912
2022-12-19 06:00:00.000,29.034227
2022-12-19 08:00:00.000,38.10289
2022-12-19 10:00:00.000,39.857784
2022-12-19 12:00:00.000,39.751762
2022-12-19 14:00:00.000,36.34477
2022-12-19 16:00:00.000,37.046127
2022-12-19 18:00:00.000,43.295364
2022-12-19 20:00:00.000,48.10885
2022-12-19 22:00:00.000,35.961906
2022-12-20 00:00:00.000,20.3763
2022-12-20 02:00:00.000,14.581255
2022-12-20 04:00:00.000,17.652214
2022-12-20 06:00:00.000,29.085049
2022-12-20 08:00:00.000,37.44947
2022-12-20 10:00:00.000,39.23165
2022-12-20 12:00:00.000,39.353592
2022-12-20 14:00:00.000,36.268314
2022-12-20 16:00:00.000,36.920662
2022-12-20 18:00:00.000,43.599674
2022-12-20 20:00:00.000,48.301342
2022-12-20 22:00:00.000,36.00657
2022-12-21 00:00:00.000,20.464483
2022-12-21 02:00:00.000,14.568889
2022-12-21 04:00:00.000,17.889473
2022-12-21 06:00:00.000,29.209404
2022-12-21 08:00:00.000,37.56003
2022-12-21 10:00:00.000,39.403988
2022-12-21 12:00:00.000,39.380535
2022-12-21 14:00:00.000,35.97002
2022-12-21 16:00:00.000,36.69016
2022-12-21 18:00:00.000,43.171688
2022-12-21 20:00:00.000,48.325752
2022-12-21 22:00:00.000,35.953968
2022-12-22 00:00:00.000,20.650108
2022-12-22 02:00:00.000,14.894333
2022-12-22 04:00:00.000,18.143106
2022-12-22 06:00:00.000,29.506346
2022-12-22 08:00:00.000,37.3882
2022-12-22 10:00:00.000,39.136345
2022-12-22 12:00:00.000,39.309685
2022-12-22 14:00:00.000,35.70312
2022-12-22 16:00:00.000,36.485855
2022-12-22 18:00:00.000,42.678905
2022-12-22 20:00:00.000,47.537243
2022-12-22 22:00:00.000,35.51586
2022-12-23 00:00:00.000,20.343935
2022-12-23 02:00:00.000,14.847103
2022-12-23 04:00:00.000,17.97045
2022-12-23 06:00:00.000,28.948946
2022-12-23 08:00:00.000,36.905457
2022-12-23 10:00:00.000,38.302135
2022-12-23 12:00:00.000,39.125328
2022-12-23 14:00:00.000,35.712685
2022-12-23 16:00:00.000,36.127644
2022-12-23 18:00:00.000,42.627434
2022-12-23 20:00:00.000,48.513405
2022-12-23 22:00:00.000,38.138184
2022-12-24 00:00:00.000,21.932728
2022-12-24 02:00:00.000,14.736551
2022-12-24 04:00:00.000,16.638699
2022-12-24 06:00:00.000,27.564697
2022-12-24 08:00:00.000,39.598015
2022-12-24 10:00:00.000,41.632126
2022-12-24 12:00:00.000,41.709373
2022-12-24 14:00:00.000,36.95863
2022-12-24 16:00:00.000,36.34884
2022-12-24 18:00:00.000,42.2669
2022-12-24 20:00:00.000,47.910564
2022-12-24 22:00:00.000,39.27366
2022-12-25 00:00:00.000,22.987394
2022-12-25 02:00:00.000,14.801895
2022-12-25 04:00:00.000,15.775848
2022-12-25 06:00:00.000,25.250214
2022-12-25 08:00:00.000,38.420975
2022-12-25 10:00:00.000,42.6557
2022-12-25 12:00:00.000,42.808334
2022-12-25 14:00:00.000,38.967922
2022-12-25 16:00:00.000,39.07269
2022-12-25 18:00:00.000,45.07402
2022-12-25 20:00:00.000,49.66533
2022-12-25 22:00:00.000,38.987247
2022-12-26 00:00:00.000,22.849808
2022-12-26 02:00:00.000,15.713061
2022-12-26 04:00:00.000,17.940084
2022-12-26 06:00:00.000,28.206167
2022-12-26 08:00:00.000,37.383503
2022-12-26 10:00:00.000,39.095642
2022-12-26 12:00:00.000,39.551933
2022-12-26 14:00:00.000,36.667686
2022-12-26 16:00:00.000,37.005466
2022-12-26 18:00:00.000,43.180588
2022-12-26 20:00:00.000,48.63796
2022-12-26 22:00:00.000,37.03324
2022-12-27 00:00:00.000,20.895252
2022-12-27 02:00:00.000,14.737568
2022-12-27 04:00:00.000,17.503822
2022-12-27 06:00:00.000,28.03307
2022-12-27 08:00:00.000,36.989212
2022-12-27 10:00:00.000,39.154877
2022-12-27 12:00:00.000,39.598526
2022-12-27 14:00:00.000,36.162216
2022-12-27 16:00:00.000,36.502167
2022-12-27 18:00:00.000,42.521496
2022-12-27 20:00:00.000,48.077335
2022-12-27 22:00:00.000,37.491467
2022-12-28 00:00:00.000,21.533424
2022-12-28 02:00:00.000,15.22253
2022-12-28 04:00:00.000,17.882006
2022-12-28 06:00:00.000,28.638243
2022-12-28 08:00:00.000,38.25893
2022-12-28 10:00:00.000,40.28837
2022-12-28 12:00:00.000,40.006752
2022-12-28 14:00:00.000,36.22692
2022-12-28 16:00:00.000,36.32663
2022-12-28 18:00:00.000,42.144466
2022-12-28 20:00:00.000,47.96921
2022-12-28 22:00:00.000,37.84064
2022-12-29 00:00:00.000,21.908077
2022-12-29 02:00:00.000,15.134416
2022-12-29 04:00:00.000,17.668417
2022-12-29 06:00:00.000,28.309988
2022-12-29 08:00:00.000,39.055347
2022-12-29 10:00:00.000,41.14148
2022-12-29 12:00:00.000,40.560925
2022-12-29 14:00:00.000,36.163036
2022-12-29 16:00:00.000,35.908703
2022-12-29 18:00:00.000,41.60505
2022-12-29 20:00:00.000,47.84547
2022-12-29 22:00:00.000,38.506615
2022-12-30 00:00:00.000,22.458204
2022-12-30 02:00:00.000,15.200211
2022-12-30 04:00:00.000,17.489084
2022-12-30 06:00:00.000,28.22925
2022-12-30 08:00:00.000,39.953003
2022-12-30 10:00:00.000,41.896397
2022-12-30 12:00:00.000,41.007793
2022-12-30 14:00:00.000,35.97909
2022-12-30 16:00:00.000,35.3667
2022-12-30 18:00:00.000,40.581142
2022-12-30 20:00:00.000,46.980984
2022-12-30 22:00:00.000,39.612144
2022-12-31 00:00:00.000,23.561026
2023-01-01 02:00:00.000,17.09205
2023-01-01 04:00:00.000,13.570409
2023-01-01 06:00:00.000,19.200176
2023-01-01 08:00:00.000,32.15764
2023-01-01 10:00:00.000,40.70671
2023-01-01 12:00:00.000,42.657295
2023-01-01 14:00:00.000,38.42863
2023-01-01 16:00:00.000,37.571423
2023-01-01 18:00:00.000,42.698814
2023-01-01 20:00:00.000,48.21684
2023-01-01 22:00:00.000,42.50292
2023-01-02 00:00:00.000,26.777195
2023-01-02 02:00:00.000,16.320019
2023-01-02 04:00:00.000,15.384337
2023-01-02 06:00:00.000,23.912508
2023-01-02 08:00:00.000,38.260433
2023-01-02 10:00:00.000,43.647373
2023-01-02 12:00:00.000,42.648243
2023-01-02 14:00:00.000,37.39885
2023-01-02 16:00:00.000,36.39526
2023-01-02 18:00:00.000,41.777187
2023-01-02 20:00:00.000,49.44234
2023-01-02 22:00:00.000,43.24027
2023-01-03 00:00:00.000,26.782703
2023-01-03 02:00:00.000,16.25794
2023-01-03 04:00:00.000,15.55635
2023-01-03 06:00:00.000,24.47447
2023-01-03 08:00:00.000,38.53968
2023-01-03 10:00:00.000,43.858437
2023-01-03 12:00:00.000,42.981552
2023-01-03 14:00:00.000,38.133564
2023-01-03 16:00:00.000,37.65539
2023-01-03 18:00:00.000,43.89587
2023-01-03 20:00:00.000,52.76522
2023-01-03 22:00:00.000,45.056324
2023-01-04 00:00:00.000,28.52738
2023-01-04 02:00:00.000,17.578152
2023-01-04 04:00:00.000,16.870543
2023-01-04 06:00:00.000,25.795774
2023-01-04 08:00:00.000,39.60765
2023-01-04 10:00:00.000,45.204926
2023-01-04 12:00:00.000,45.22692
2023-01-04 14:00:00.000,42.261246
2023-01-04 16:00:00.000,44.762936
2023-01-04 18:00:00.000,53.57073
2023-01-04 20:00:00.000,65.79193
2023-01-04 22:00:00.000,57.776375
2023-01-05 00:00:00.000,35.340797
2023-01-05 02:00:00.000,20.475903
2023-01-05 04:00:00.000,19.434072
2023-01-05 06:00:00.000,29.522182
2023-01-05 08:00:00.000,43.62475
2023-01-05 10:00:00.000,49.014526
2023-01-05 12:00:00.000,46.383377
2023-01-05 14:00:00.000,41.316177
2023-01-05 16:00:00.000,44.00919
2023-01-05 18:00:00.000,49.222435
2023-01-05 20:00:00.000,58.210445
2023-01-05 22:00:00.000,52.464825
2023-01-06 00:00:00.000,35.95711
2023-01-06 02:00:00.000,22.24108
2023-01-06 04:00:00.000,18.530495
2023-01-06 06:00:00.000,28.007307
2023-01-06 08:00:00.000,43.921688
2023-01-06 10:00:00.000,47.50146
2023-01-06 12:00:00.000,47.157898
2023-01-06 14:00:00.000,42.72813
2023-01-06 16:00:00.000,44.40294
2023-01-06 18:00:00.000,49.8177
2023-01-06 20:00:00.000,56.461525
2023-01-06 22:00:00.000,52.316624
2023-01-07 00:00:00.000,34.499897
2023-01-07 02:00:00.000,21.597359
2023-01-07 04:00:00.000,18.914532
2023-01-07 06:00:00.000,27.214678
2023-01-07 08:00:00.000,42.530685
2023-01-07 10:00:00.000,47.435364
2023-01-07 12:00:00.000,48.112072
2023-01-07 14:00:00.000,45.6975
2023-01-07 16:00:00.000,44.539337
2023-01-07 18:00:00.000,49.02124
2023-01-07 20:00:00.000,57.450916
2023-01-07 22:00:00.000,54.53215
2023-01-08 00:00:00.000,35.49211
2023-01-08 02:00:00.000,20.376226
2023-01-08 04:00:00.000,17.438528
2023-01-08 06:00:00.000,26.03501
2023-01-08 08:00:00.000,41.24676
2023-01-08 10:00:00.000,46.637592
2023-01-08 12:00:00.000,48.220284
2023-01-08 14:00:00.000,44.609306
2023-01-08 16:00:00.000,45.86663
2023-01-08 18:00:00.000,51.63065
2023-01-08 20:00:00.000,58.112522
2023-01-08 22:00:00.000,50.436623
2023-01-09 00:00:00.000,31.694466
2023-01-09 02:00:00.000,21.179684
2023-01-09 04:00:00.000,20.739433
2023-01-09 06:00:00.000,32.544563
2023-01-09 08:00:00.000,45.23282
2023-01-09 10:00:00.000,51.31129
2023-01-09 12:00:00.000,50.501682
2023-01-09 14:00:00.000,42.285835
2023-01-09 16:00:00.000,43.66537
2023-01-09 18:00:00.000,51.637566
2023-01-09 20:00:00.000,60.669823
2023-01-09 22:00:00.000,50.812103
2023-01-10 00:00:00.000,28.085852
2023-01-10 02:00:00.000,18.640179
2023-01-10 04:00:00.000,19.971321
2023-01-10 06:00:00.000,33.067944
2023-01-10 08:00:00.000,45.493553
2023-01-10 10:00:00.000,47.37764
2023-01-10 12:00:00.000,46.058796
2023-01-10 14:00:00.000,44.156857
2023-01-10 16:00:00.000,45.315132
2023-01-10 18:00:00.000,52.443897
2023-01-10 20:00:00.000,62.42806
2023-01-10 22:00:00.000,51.721584
2023-01-11 00:00:00.000,31.28233
2023-01-11 02:00:00.000,20.790712
2023-01-11 04:00:00.000,21.947668
2023-01-11 06:00:00.000,34.01093
2023-01-11 08:00:00.000,45.888474
2023-01-11 10:00:00.000,50.708275
2023-01-11 12:00:00.000,51.22078
2023-01-11 14:00:00.000,46.470398
2023-01-11 16:00:00.000,47.34706
2023-01-11 18:00:00.000,56.654377
2023-01-11 20:00:00.000,65.40448
2023-01-11 22:00:00.000,52.12126
2023-01-12 00:00:00.000,30.45531
2023-01-12 02:00:00.000,20.41989
2023-01-12 04:00:00.000,22.299831
2023-01-12 06:00:00.000,34.52533
2023-01-12 08:00:00.000,44.736
2023-01-12 10:00:00.000,49.363514
2023-01-12 12:00:00.000,50.93451
2023-01-12 14:00:00.000,46.941162
2023-01-12 16:00:00.000,47.8965
2023-01-12 18:00:00.000,56.72891
2023-01-12 20:00:00.000,65.629326
2023-01-12 22:00:00.000,51.837196
2023-01-13 00:00:00.000,30.367638
2023-01-13 02:00:00.000,20.598572
2023-01-13 04:00:00.000,22.354053
2023-01-13 06:00:00.000,33.838844
2023-01-13 08:00:00.000,43.37883
2023-01-13 10:00:00.000,47.379154
2023-01-13 12:00:00.000,49.44601
2023-01-13 14:00:00.000,45.151405
2023-01-13 16:00:00.000,45.699924
2023-01-13 18:00:00.000,54.18349
2023-01-13 20:00:00.000,64.77742
2023-01-13 22:00:00.000,54.306377
2023-01-14 00:00:00.000,32.781685
2023-01-14 02:00:00.000,20.440361
2023-01-14 04:00:00.000,20.401716
2023-01-14 06:00:00.000,32.003532
2023-01-14 08:00:00.000,46.929516
2023-01-14 10:00:00.000,51.834297
2023-01-14 12:00:00.000,53.668312
2023-01-14 14:00:00.000,48.328636
2023-01-14 16:00:00.000,47.211945
2023-01-14 18:00:00.000,54.35682
2023-01-14 20:00:00.000,64.73971
2023-01-14 22:00:00.000,57.232716
2023-01-15 00:00:00.000,35.09551
2023-01-15 02:00:00.000,21.229635
2023-01-15 04:00:00.000,19.724894
2023-01-15 06:00:00.000,29.961458
2023-01-15 08:00:00.000,46.92291
2023-01-15 10:00:00.000,53.380066
2023-01-15 12:00:00.000,54.933468
2023-01-15 14:00:00.000,49.98444
2023-01-15 16:00:00.000,49.088303
2023-01-15 18:00:00.000,55.040253
2023-01-15 20:00:00.000,56.639828
2023-01-15 22:00:00.000,43.862717
2023-01-16 00:00:00.000,26.557383
2023-01-16 02:00:00.000,18.361645
2023-01-16 04:00:00.000,20.095736
2023-01-16 06:00:00.000,30.871231
2023-01-16 08:00:00.000,38.85676
2023-01-16 10:00:00.000,42.094925
2023-01-16 12:00:00.000,43.467945
2023-01-16 14:00:00.000,40.766174
2023-01-16 16:00:00.000,41.28805
2023-01-16 18:00:00.000,47.865273
2023-01-16 20:00:00.000,53.495785
2023-01-16 22:00:00.000,41.08701
2023-01-17 00:00:00.000,24.203827
2023-01-17 02:00:00.000,17.13046
2023-01-17 04:00:00.000,19.255327
2023-01-17 06:00:00.000,30.696451
2023-01-17 08:00:00.000,38.179665
2023-01-17 10:00:00.000,40.34044
2023-01-17 12:00:00.000,41.350193
2023-01-17 14:00:00.000,38.757908
2023-01-17 16:00:00.000,39.840767
2023-01-17 18:00:00.000,46.93756
2023-01-17 20:00:00.000,52.692146
2023-01-17 22:00:00.000,39.50027
2023-01-18 00:00:00.000,22.611536
2023-01-18 02:00:00.000,16.081213
2023-01-18 04:00:00.000,19.256996
2023-01-18 06:00:00.000,31.230423
2023-01-18 08:00:00.000,38.3377
2023-01-18 10:00:00.000,40.176693
2023-01-18 12:00:00.000,41.01512
2023-01-18 14:00:00.000,38.270073
2023-01-18 16:00:00.000,39.200157
2023-01-18 18:00:00.000,45.71551
2023-01-18 20:00:00.000,51.244297
2023-01-18 22:00:00.000,38.015373
2023-01-19 00:00:00.000,21.859802
2023-01-19 02:00:00.000,15.78436
2023-01-19 04:00:00.000,19.068012
2023-01-19 06:00:00.000,30.942131
2023-01-19 08:00:00.000,37.96523
2023-01-19 10:00:00.000,39.52794
2023-01-19 12:00:00.000,40.43105
2023-01-19 14:00:00.000,37.743916
2023-01-19 16:00:00.000,38.44143
2023-01-19 18:00:00.000,44.743687
2023-01-19 20:00:00.000,50.23946
2023-01-19 22:00:00.000,37.596912
2023-01-20 00:00:00.000,21.468119
2023-01-20 02:00:00.000,15.346717
2023-01-20 04:00:00.000,18.735344
2023-01-20 06:00:00.000,30.545286
2023-01-20 08:00:00.000,38.060688
2023-01-20 10:00:00.000,39.583084
2023-01-20 12:00:00.000,41.103886
2023-01-20 14:00:00.000,37.97709
2023-01-20 16:00:00.000,38.494812
2023-01-20 18:00:00.000,44.982624
2023-01-20 20:00:00.000,52.30404
2023-01-20 22:00:00.000,40.509224
2023-01-21 00:00:00.000,22.971645
2023-01-21 02:00:00.000,15.327436
2023-01-21 04:00:00.000,17.572502
2023-01-21 06:00:00.000,30.39526
2023-01-21 08:00:00.000,43.316887
2023-01-21 10:00:00.000,44.478344
2023-01-21 12:00:00.000,43.97313
2023-01-21 14:00:00.000,39.085537
2023-01-21 16:00:00.000,37.19585
2023-01-21 18:00:00.000,42.276257
2023-01-21 20:00:00.000,49.59354
2023-01-21 22:00:00.000,41.64081
2023-01-22 00:00:00.000,24.309093
2023-01-22 02:00:00.000,15.258712
2023-01-22 04:00:00.000,16.197186
2023-01-22 06:00:00.000,27.88956
2023-01-22 08:00:00.000,42.42522
2023-01-22 10:00:00.000,45.142498
2023-01-22 12:00:00.000,45.053677
2023-01-22 14:00:00.000,40.652737
2023-01-22 16:00:00.000,38.82612
2023-01-22 18:00:00.000,43.470135
2023-01-22 20:00:00.000,48.45661
2023-01-22 22:00:00.000,36.511673
2023-01-23 00:00:00.000,21.494131
2023-01-23 02:00:00.000,14.800682
2023-01-23 04:00:00.000,18.446869
2023-01-23 06:00:00.000,30.593618
2023-01-23 08:00:00.000,37.6336
2023-01-23 10:00:00.000,39.56077
2023-01-23 12:00:00.000,40.84879
2023-01-23 14:00:00.000,38.119682
2023-01-23 16:00:00.000,38.435966
2023-01-23 18:00:00.000,44.542316
2023-01-23 20:00:00.000,49.906055
2023-01-23 22:00:00.000,36.483547
2023-01-24 00:00:00.000,20.914576
2023-01-24 02:00:00.000,14.964662
2023-01-24 04:00:00.000,18.436468
2023-01-24 06:00:00.000,30.33083
2023-01-24 08:00:00.000,37.218925
2023-01-24 10:00:00.000,38.949524
2023-01-24 12:00:00.000,40.15272
2023-01-24 14:00:00.000,37.521294
2023-01-24 16:00:00.000,38.35593
2023-01-24 18:00:00.000,44.318825
2023-01-24 20:00:00.000,49.838497
2023-01-24 22:00:00.000,36.509773
2023-01-25 00:00:00.000,20.807802
2023-01-25 02:00:00.000,14.806498
2023-01-25 04:00:00.000,18.459059
2023-01-25 06:00:00.000,30.519257
2023-01-25 08:00:00.000,37.562405
2023-01-25 10:00:00.000,38.98313
2023-01-25 12:00:00.000,39.972115
2023-01-25 14:00:00.000,37.30833
2023-01-25 16:00:00.000,37.99228
2023-01-25 18:00:00.000,44.047596
2023-01-25 20:00:00.000,48.56366
2023-01-25 22:00:00.000,35.678013
2023-01-26 00:00:00.000,20.302204
2023-01-26 02:00:00.000,14.684339
2023-01-26 04:00:00.000,18.199034
2023-01-26 06:00:00.000,29.310661
2023-01-26 08:00:00.000,35.64326
2023-01-26 10:00:00.000,38.348137
2023-01-26 12:00:00.000,40.404404
2023-01-26 14:00:00.000,38.166855
2023-01-26 16:00:00.000,38.765415
2023-01-26 18:00:00.000,45.324623
2023-01-26 20:00:00.000,49.91164
2023-01-26 22:00:00.000,36.157944
2023-01-27 00:00:00.000,20.59016
2023-01-27 02:00:00.000,15.145303
2023-01-27 04:00:00.000,18.745443
2023-01-27 06:00:00.000,30.844398
2023-01-27 08:00:00.000,38.284916
2023-01-27 10:00:00.000,39.978157
2023-01-27 12:00:00.000,41.274654
2023-01-27 14:00:00.000,38.158916
2023-01-27 16:00:00.000,38.460587
2023-01-27 18:00:00.000,44.57189
2023-01-27 20:00:00.000,51.217564
2023-01-27 22:00:00.000,39.372086
2023-01-28 00:00:00.000,22.23279
2023-01-28 02:00:00.000,14.952956
2023-01-28 04:00:00.000,17.276333
2023-01-28 06:00:00.000,30.266619
2023-01-28 08:00:00.000,42.81765
2023-01-28 10:00:00.000,43.595554
2023-01-28 12:00:00.000,43.25651
2023-01-28 14:00:00.000,38.73739
2023-01-28 16:00:00.000,37.337807
2023-01-28 18:00:00.000,42.119015
2023-01-28 20:00:00.000,49.255386
2023-01-28 22:00:00.000,40.965576
2023-01-29 00:00:00.000,24.065714
2023-01-29 02:00:00.000,15.319198
2023-01-29 04:00:00.000,16.267302
2023-01-29 06:00:00.000,27.57961
2023-01-29 08:00:00.000,41.812
2023-01-29 10:00:00.000,44.247078
2023-01-29 12:00:00.000,43.85507
2023-01-29 14:00:00.000,40.122627
2023-01-29 16:00:00.000,38.940346
2023-01-29 18:00:00.000,43.53965
2023-01-29 20:00:00.000,48.063072
2023-01-29 22:00:00.000,35.983585
2023-01-30 00:00:00.000,20.956621
2023-01-30 02:00:00.000,14.845703
2023-01-30 04:00:00.000,18.317976
2023-01-30 06:00:00.000,30.65605
2023-01-30 08:00:00.000,38.270386
2023-01-30 10:00:00.000,39.866543
2023-01-30 12:00:00.000,40.320274
2023-01-30 14:00:00.000,37.836983
2023-01-30 16:00:00.000,38.45247
2023-01-30 18:00:00.000,44.372883
2023-01-30 20:00:00.000,49.42564
2023-01-30 22:00:00.000,36.44883
2023-01-31 00:00:00.000,20.727713
2023-02-01 02:00:00.000,15.160959
2023-02-01 04:00:00.000,19.054035
2023-02-01 06:00:00.000,31.523237
2023-02-01 08:00:00.000,39.26228
2023-02-01 10:00:00.000,40.24189
2023-02-01 12:00:00.000,40.23065
2023-02-01 14:00:00.000,37.63223
2023-02-01 16:00:00.000,38.44358
2023-02-01 18:00:00.000,44.501564
2023-02-01 20:00:00.000,49.34114
2023-02-01 22:00:00.000,36.65458
2023-02-02 00:00:00.000,20.873474
2023-02-02 02:00:00.000,15.365532
2023-02-02 04:00:00.000,19.274466
2023-02-02 06:00:00.000,31.956722
2023-02-02 08:00:00.000,39.56439
2023-02-02 10:00:00.000,40.46098
2023-02-02 12:00:00.000,40.52042
2023-02-02 14:00:00.000,38.071655
2023-02-02 16:00:00.000,38.27874
2023-02-02 18:00:00.000,44.534184
2023-02-02 20:00:00.000,49.7655
2023-02-02 22:00:00.000,36.82929
2023-02-03 00:00:00.000,20.844128
2023-02-03 02:00:00.000,15.364912
2023-02-03 04:00:00.000,19.158972
2023-02-03 06:00:00.000,31.785767
2023-02-03 08:00:00.000,39.462925
2023-02-03 10:00:00.000,40.16368
2023-02-03 12:00:00.000,40.90573
2023-02-03 14:00:00.000,38.031273
2023-02-03 16:00:00.000,38.0427
2023-02-03 18:00:00.000,44.125046
2023-02-03 20:00:00.000,51.464527
2023-02-03 22:00:00.000,39.46785
2023-02-04 00:00:00.000,22.070234
2023-02-04 02:00:00.000,15.062217
2023-02-04 04:00:00.000,17.639463
2023-02-04 06:00:00.000,30.897928
2023-02-04 08:00:00.000,43.407032
2023-02-04 10:00:00.000,43.358444
2023-02-04 12:00:00.000,42.886524
2023-02-04 14:00:00.000,38.58892
2023-02-04 16:00:00.000,37.0179
2023-02-04 18:00:00.000,41.695843
2023-02-04 20:00:00.000,48.522423
2023-02-04 22:00:00.000,40.463173
2023-02-05 00:00:00.000,23.645247
2023-02-05 02:00:00.000,15.125976
2023-02-05 04:00:00.000,16.533855
2023-02-05 06:00:00.000,28.423626
2023-02-05 08:00:00.000,43.00223
2023-02-05 10:00:00.000,44.672066
2023-02-05 12:00:00.000,44.08649
2023-02-05 14:00:00.000,40.390118
2023-02-05 16:00:00.000,38.85487
2023-02-05 18:00:00.000,43.379845
2023-02-05 20:00:00.000,48.058243
2023-02-05 22:00:00.000,37.068966
2023-02-06 00:00:00.000,21.667135
2023-02-06 02:00:00.000,15.439314
2023-02-06 04:00:00.000,18.956995
2023-02-06 06:00:00.000,31.087805
2023-02-06 08:00:00.000,39.093235
2023-02-06 10:00:00.000,40.00758
2023-02-06 12:00:00.000,40.637264
2023-02-06 14:00:00.000,38.378807
2023-02-06 16:00:00.000,38.765343
2023-02-06 18:00:00.000,44.492023
2023-02-06 20:00:00.000,49.543694
2023-02-06 22:00:00.000,36.327892
2023-02-07 00:00:00.000,20.46754
2023-02-07 02:00:00.000,15.075775
2023-02-07 04:00:00.000,19.183567
2023-02-07 06:00:00.000,32.08728
2023-02-07 08:00:00.000,40.075657
2023-02-07 10:00:00.000,40.698093
2023-02-07 12:00:00.000,41.079136
2023-02-07 14:00:00.000,38.76131
2023-02-07 16:00:00.000,38.992992
2023-02-07 18:00:00.000,46.408066
2023-02-07 20:00:00.000,52.41174
2023-02-07 22:00:00.000,36.26007
2023-02-08 00:00:00.000,20.11636
2023-02-08 02:00:00.000,14.832579
2023-02-08 04:00:00.000,19.192244
2023-02-08 06:00:00.000,32.91171
2023-02-08 08:00:00.000,41.989155
2023-02-08 10:00:00.000,42.43983
2023-02-08 12:00:00.000,41.830902
2023-02-08 14:00:00.000,38.555145
2023-02-08 16:00:00.000,38.97595
2023-02-08 18:00:00.000,44.98838
2023-02-08 20:00:00.000,49.5173
2023-02-08 22:00:00.000,35.598972
2023-02-09 00:00:00.000,19.756456
2023-02-09 02:00:00.000,14.96981
2023-02-09 04:00:00.000,19.16857
2023-02-09 06:00:00.000,32.441242
2023-02-09 08:00:00.000,40.06019
2023-02-09 10:00:00.000,40.625015
2023-02-09 12:00:00.000,40.838303
2023-02-09 14:00:00.000,38.615875
2023-02-09 16:00:00.000,38.9893
2023-02-09 18:00:00.000,45.106976
2023-02-09 20:00:00.000,49.75047
2023-02-09 22:00:00.000,35.735447
2023-02-10 00:00:00.000,19.829044
2023-02-10 02:00:00.000,14.863917
2023-02-10 04:00:00.000,19.230673
2023-02-10 06:00:00.000,32.198055
2023-02-10 08:00:00.000,39.820602
2023-02-10 10:00:00.000,40.486458
2023-02-10 12:00:00.000,41.404934
2023-02-10 14:00:00.000,38.546013
2023-02-10 16:00:00.000,38.663834
2023-02-10 18:00:00.000,44.92015
2023-02-10 20:00:00.000,51.769253
2023-02-10 22:00:00.000,38.81389
2023-02-11 00:00:00.000,21.477259
2023-02-11 02:00:00.000,14.75404
2023-02-11 04:00:00.000,17.821703
2023-02-11 06:00:00.000,31.760435
2023-02-11 08:00:00.000,44.19389
2023-02-11 10:00:00.000,44.251793
2023-02-11 12:00:00.000,43.578613
2023-02-11 14:00:00.000,39.265884
2023-02-11 16:00:00.000,37.543545
2023-02-11 18:00:00.000,42.20827
2023-02-11 20:00:00.000,48.804768
2023-02-11 22:00:00.000,39.907192
2023-02-12 00:00:00.000,23.194838
2023-02-12 02:00:00.000,15.080425
2023-02-12 04:00:00.000,16.855122
2023-02-12 06:00:00.000,29.203232
2023-02-12 08:00:00.000,44.090332
2023-02-12 10:00:00.000,45.393818
2023-02-12 12:00:00.000,44.946865
2023-02-12 14:00:00.000,41.18106
2023-02-12 16:00:00.000,39.17722
2023-02-12 18:00:00.000,43.79418
2023-02-12 20:00:00.000,48.099518
2023-02-12 22:00:00.000,36.476986
2023-02-13 00:00:00.000,21.069452
2023-02-13 02:00:00.000,14.769779
2023-02-13 04:00:00.000,18.683594
2023-02-13 06:00:00.000,31.994362
2023-02-13 08:00:00.000,40.5436
2023-02-13 10:00:00.000,40.79619
2023-02-13 12:00:00.000,41.004517
2023-02-13 14:00:00.000,38.77943
2023-02-13 16:00:00.000,38.92536
2023-02-13 18:00:00.000,45.33367
2023-02-13 20:00:00.000,50.806686
2023-02-13 22:00:00.000,36.425972
2023-02-14 00:00:00.000,20.204084
2023-02-14 02:00:00.000,15.213834
2023-02-14 04:00:00.000,19.850924
2023-02-14 06:00:00.000,33.100216
2023-02-14 08:00:00.000,40.993465
2023-02-14 10:00:00.000,40.478966
2023-02-14 12:00:00.000,40.91177
2023-02-14 14:00:00.000,38.852303
2023-02-14 16:00:00.000,39.36215
2023-02-14 18:00:00.000,46.21221
2023-02-14 20:00:00.000,51.35997
2023-02-14 22:00:00.000,36.685905
2023-02-15 00:00:00.000,20.313698
2023-02-15 02:00:00.000,15.242747
2023-02-15 04:00:00.000,19.828669
2023-02-15 06:00:00.000,33.147545
2023-02-15 08:00:00.000,40.916275
2023-02-15 10:00:00.000,40.861988
2023-02-15 12:00:00.000,41.36555
2023-02-15 14:00:00.000,39.025505
2023-02-15 16:00:00.000,39.51206
2023-02-15 18:00:00.000,46.204487
2023-02-15 20:00:00.000,51.29267
2023-02-15 22:00:00.000,36.57328
2023-02-16 00:00:00.000,20.499685
2023-02-16 02:00:00.000,15.480255
2023-02-16 04:00:00.000,19.941393
2023-02-16 06:00:00.000,33.316326
2023-02-16 08:00:00.000,40.907463
2023-02-16 10:00:00.000,40.88141
2023-02-16 12:00:00.000,41.4998
2023-02-16 14:00:00.000,39.275986
2023-02-16 16:00:00.000,39.435955
2023-02-16 18:00:00.000,45.994762
2023-02-16 20:00:00.000,50.807255
2023-02-16 22:00:00.000,36.125614
2023-02-17 00:00:00.000,19.955341
2023-02-17 02:00:00.000,14.821897
2023-02-17 04:00:00.000,19.601233
2023-02-17 06:00:00.000,33.313538
2023-02-17 08:00:00.000,41.22773
2023-02-17 10:00:00.000,41.23147
2023-02-17 12:00:00.000,42.107067
2023-02-17 14:00:00.000,39.071526
2023-02-17 16:00:00.000,38.76171
2023-02-17 18:00:00.000,45.35849
2023-02-17 20:00:00.000,51.680443
2023-02-17 22:00:00.000,38.740417
2023-02-18 00:00:00.000,21.831623
2023-02-18 02:00:00.000,15.262191
2023-02-18 04:00:00.000,18.350506
2023-02-18 06:00:00.000,32.044918
2023-02-18 08:00:00.000,44.14873
2023-02-18 10:00:00.000,44.47137
2023-02-18 12:00:00.000,44.076504
2023-02-18 14:00:00.000,40.44324
2023-02-18 16:00:00.000,38.58055
2023-02-18 18:00:00.000,43.364536
2023-02-18 20:00:00.000,49.63033
2023-02-18 22:00:00.000,40.483334
2023-02-19 00:00:00.000,23.737497
2023-02-19 02:00:00.000,15.774824
2023-02-19 04:00:00.000,17.632673
2023-02-19 06:00:00.000,30.375078
2023-02-19 08:00:00.000,44.232048
2023-02-19 10:00:00.000,45.74651
2023-02-19 12:00:00.000,45.860786
2023-02-19 14:00:00.000,42.31219
2023-02-19 16:00:00.000,40.279327
2023-02-19 18:00:00.000,44.965412
2023-02-19 20:00:00.000,49.52985
2023-02-19 22:00:00.000,38.14198
2023-02-20 00:00:00.000,22.284176
2023-02-20 02:00:00.000,16.194267
2023-02-20 04:00:00.000,19.910076
2023-02-20 06:00:00.000,32.307724
2023-02-20 08:00:00.000,41.1932
2023-02-20 10:00:00.000,41.873383
2023-02-20 12:00:00.000,41.861973
2023-02-20 14:00:00.000,39.195698
2023-02-20 16:00:00.000,38.771397
2023-02-20 18:00:00.000,44.570206
2023-02-20 20:00:00.000,49.681114
2023-02-20 22:00:00.000,36.603912
2023-02-21 00:00:00.000,20.806992
2023-02-21 02:00:00.000,15.525262
2023-02-21 04:00:00.000,19.710423
2023-02-21 06:00:00.000,32.26287
2023-02-21 08:00:00.000,41.05266
2023-02-21 10:00:00.000,43.90062
2023-02-21 12:00:00.000,44.05467
2023-02-21 14:00:00.000,39.82392
2023-02-21 16:00:00.000,40.153526
2023-02-21 18:00:00.000,46.60844
2023-02-21 20:00:00.000,51.519413
2023-02-21 22:00:00.000,37.458134
2023-02-22 00:00:00.000,20.864168
2023-02-22 02:00:00.000,15.496304
2023-02-22 04:00:00.000,19.912382
2023-02-22 06:00:00.000,33.319836
2023-02-22 08:00:00.000,42.47019
2023-02-22 10:00:00.000,43.35768
2023-02-22 12:00:00.000,43.909035
2023-02-22 14:00:00.000,40.326225
2023-02-22 16:00:00.000,40.343987
2023-02-22 18:00:00.000,46.07192
2023-02-22 20:00:00.000,52.493317
2023-02-22 22:00:00.000,40.426765
2023-02-23 00:00:00.000,22.859354
2023-02-23 02:00:00.000,16.104053
2023-02-23 04:00:00.000,19.783998
2023-02-23 06:00:00.000,35.350822
2023-02-23 08:00:00.000,49.948647
2023-02-23 10:00:00.000,49.48529
2023-02-23 12:00:00.000,46.17449
2023-02-23 14:00:00.000,40.848976
2023-02-23 16:00:00.000,39.178265
2023-02-23 18:00:00.000,44.478714
2023-02-23 20:00:00.000,51.665283
2023-02-23 22:00:00.000,40.413048
2023-02-24 00:00:00.000,23.233122
2023-02-24 02:00:00.000,16.039011
2023-02-24 04:00:00.000,18.834208
2023-02-24 06:00:00.000,33.358353
2023-02-24 08:00:00.000,48.196312
2023-02-24 10:00:00.000,47.48062
2023-02-24 12:00:00.000,45.384293
2023-02-24 14:00:00.000,40.386917
2023-02-24 16:00:00.000,38.690872
2023-02-24 18:00:00.000,44.39056
2023-02-24 20:00:00.000,51.312347
2023-02-24 22:00:00.000,40.148907
2023-02-25 00:00:00.000,22.952839
2023-02-25 02:00:00.000,15.379576
2023-02-25 04:00:00.000,17.862976
2023-02-25 06:00:00.000,30.780462
2023-02-25 08:00:00.000,43.495968
2023-02-25 10:00:00.000,44.277412
2023-02-25 12:00:00.000,43.987026
2023-02-25 14:00:00.000,40.05889
2023-02-25 16:00:00.000,37.972775
2023-02-25 18:00:00.000,42.7352
2023-02-25 20:00:00.000,49.396652
2023-02-25 22:00:00.000,40.313953
2023-02-26 00:00:00.000,23.996027
2023-02-26 02:00:00.000,15.670636
2023-02-26 04:00:00.000,17.511587
2023-02-26 06:00:00.000,29.381454
2023-02-26 08:00:00.000,42.695168
2023-02-26 10:00:00.000,44.539703
2023-02-26 12:00:00.000,45.047047
2023-02-26 14:00:00.000,41.377254
2023-02-26 16:00:00.000,39.41622
2023-02-26 18:00:00.000,43.76441
2023-02-26 20:00:00.000,48.085407
2023-02-26 22:00:00.000,36.78001
2023-02-27 00:00:00.000,21.68305
2023-02-27 02:00:00.000,15.764225
2023-02-27 04:00:00.000,19.533068
2023-02-27 06:00:00.000,31.330238
2023-02-27 08:00:00.000,38.086243
2023-02-27 10:00:00.000,38.862778
2023-02-27 12:00:00.000,39.965134
2023-02-27 14:00:00.000,38.126366
2023-02-27 16:00:00.000,38.86156
2023-02-27 18:00:00.000,45.368984
2023-02-27 20:00:00.000,50.349133
2023-02-27 22:00:00.000,36.106457
2023-02-28 00:00:00.000,20.254414
2023-03-01 02:00:00.000,15.195606
2023-03-01 04:00:00.000,18.838568
2023-03-01 06:00:00.000,31.521418
2023-03-01 08:00:00.000,38.046837
2023-03-01 10:00:00.000,39.01229
2023-03-01 12:00:00.000,40.761024
2023-03-01 14:00:00.000,39.631493
2023-03-01 16:00:00.000,40.399197
2023-03-01 18:00:00.000,46.559658
2023-03-01 20:00:00.000,51.10846
2023-03-01 22:00:00.000,37.07312
2023-03-02 00:00:00.000,21.067394
2023-03-02 02:00:00.000,15.9077
2023-03-02 04:00:00.000,19.95809
2023-03-02 06:00:00.000,32.5024
2023-03-02 08:00:00.000,40.25867
2023-03-02 10:00:00.000,41.725594
2023-03-02 12:00:00.000,43.403564
2023-03-02 14:00:00.000,41.109367
2023-03-02 16:00:00.000,41.274754
2023-03-02 18:00:00.000,46.748478
2023-03-02 20:00:00.000,51.66633
2023-03-02 22:00:00.000,36.283455
2023-03-03 00:00:00.000,20.559671
2023-03-03 02:00:00.000,15.609034
2023-03-03 04:00:00.000,20.23365
2023-03-03 06:00:00.000,33.54879
2023-03-03 08:00:00.000,40.80948
2023-03-03 10:00:00.000,40.255814
2023-03-03 12:00:00.000,43.50576
2023-03-03 14:00:00.000,40.056263
2023-03-03 16:00:00.000,39.559418
2023-03-03 18:00:00.000,46.015614
2023-03-03 20:00:00.000,53.440987
2023-03-03 22:00:00.000,41.0573
2023-03-04 00:00:00.000,23.052814
2023-03-04 02:00:00.000,16.079332
2023-03-04 04:00:00.000,19.536156
2023-03-04 06:00:00.000,33.946438
2023-03-04 08:00:00.000,45.26138
2023-03-04 10:00:00.000,45.456802
2023-03-04 12:00:00.000,45.77057
2023-03-04 14:00:00.000,41.42889
2023-03-04 16:00:00.000,39.201805
2023-03-04 18:00:00.000,43.818108
2023-03-04 20:00:00.000,51.069164
2023-03-04 22:00:00.000,41.845284
2023-03-05 00:00:00.000,24.491024
2023-03-05 02:00:00.000,16.125443
2023-03-05 04:00:00.000,18.166433
2023-03-05 06:00:00.000,31.413435
2023-03-05 08:00:00.000,44.997215
2023-03-05 10:00:00.000,46.55369
2023-03-05 12:00:00.000,47.60591
2023-03-05 14:00:00.000,44.143913
2023-03-05 16:00:00.000,40.60572
2023-03-05 18:00:00.000,44.973454
2023-03-05 20:00:00.000,49.405468
2023-03-05 22:00:00.000,37.918438
2023-03-06 00:00:00.000,22.423372
2023-03-06 02:00:00.000,16.49075
2023-03-06 04:00:00.000,20.308973
2023-03-06 06:00:00.000,32.40705
2023-03-06 08:00:00.000,39.092186
2023-03-06 10:00:00.000,39.682503
2023-03-06 12:00:00.000,41.50171
2023-03-06 14:00:00.000,39.837147
2023-03-06 16:00:00.000,40.042313
2023-03-06 18:00:00.000,45.566414
2023-03-06 20:00:00.000,51.078724
2023-03-06 22:00:00.000,36.566887
2023-03-07 00:00:00.000,20.199194
2023-03-07 02:00:00.000,15.455524
2023-03-07 04:00:00.000,21.22291
2023-03-07 06:00:00.000,32.453644
2023-03-07 08:00:00.000,38.221554
2023-03-07 10:00:00.000,41.15875
2023-03-07 12:00:00.000,43.405144
2023-03-07 14:00:00.000,40.540108
2023-03-07 16:00:00.000,40.77325
2023-03-07 18:00:00.000,47.498646
2023-03-07 20:00:00.000,52.967453
2023-03-07 22:00:00.000,39.27636
2023-03-08 00:00:00.000,21.920652
2023-03-08 02:00:00.000,15.996275
2023-03-08 04:00:00.000,20.261286
2023-03-08 06:00:00.000,35.343258
2023-03-08 08:00:00.000,47.8523
2023-03-08 10:00:00.000,47.86018
2023-03-08 12:00:00.000,44.85483
2023-03-08 14:00:00.000,40.131138
2023-03-08 16:00:00.000,39.485916
2023-03-08 18:00:00.000,46.034332
2023-03-08 20:00:00.000,50.627544
2023-03-08 22:00:00.000,36.22839
2023-03-09 00:00:00.000,20.275629
2023-03-09 02:00:00.000,15.25999
2023-03-09 04:00:00.000,19.60881
2023-03-09 06:00:00.000,32.314434
2023-03-09 08:00:00.000,38.962036
2023-03-09 10:00:00.000,40.436066
2023-03-09 12:00:00.000,42.89826
2023-03-09 14:00:00.000,39.770847
2023-03-09 16:00:00.000,39.59684
2023-03-09 18:00:00.000,46.037018
2023-03-09 20:00:00.000,50.283867
2023-03-09 22:00:00.000,35.16989
2023-03-10 00:00:00.000,19.867134
2023-03-10 02:00:00.000,15.551403
2023-03-10 04:00:00.000,20.571127
2023-03-10 06:00:00.000,33.3098
2023-03-10 08:00:00.000,40.04574
2023-03-10 10:00:00.000,40.730743
2023-03-10 12:00:00.000,42.372185
2023-03-10 14:00:00.000,39.73366
2023-03-10 16:00:00.000,39.380386
2023-03-10 18:00:00.000,46.231796
2023-03-10 20:00:00.000,51.641113
2023-03-10 22:00:00.000,37.711388
2023-03-11 00:00:00.000,21.155703
2023-03-11 02:00:00.000,15.32679
2023-03-11 04:00:00.000,19.338417
2023-03-11 06:00:00.000,33.321228
2023-03-11 08:00:00.000,43.838604
2023-03-11 10:00:00.000,43.961372
2023-03-11 12:00:00.000,44.02504
2023-03-11 14:00:00.000,39.909157
2023-03-11 16:00:00.000,38.05721
2023-03-11 18:00:00.000,43.25575
2023-03-11 20:00:00.000,49.008743
2023-03-11 22:00:00.000,38.923367
2023-03-12 00:00:00.000,22.745398
2023-03-12 02:00:00.000,15.616747
2023-03-12 04:00:00.000,18.337797
2023-03-12 06:00:00.000,30.590734
2023-03-12 08:00:00.000,43.488316
2023-03-12 10:00:00.000,45.32138
2023-03-12 12:00:00.000,45.53262
2023-03-12 14:00:00.000,41.551872
2023-03-12 16:00:00.000,39.7216
2023-03-12 18:00:00.000,43.75898
2023-03-12 20:00:00.000,47.258434
2023-03-12 22:00:00.000,35.24544
2023-03-13 00:00:00.000,20.693855
2023-03-13 02:00:00.000,15.427989
2023-03-13 04:00:00.000,19.954435
2023-03-13 06:00:00.000,32.16863
2023-03-13 08:00:00.000,38.447197
2023-03-13 10:00:00.000,39.083836
2023-03-13 12:00:00.000,40.268818
2023-03-13 14:00:00.000,39.227818
2023-03-13 16:00:00.000,39.391033
2023-03-13 18:00:00.000,45.27341
2023-03-13 20:00:00.000,49.44791
2023-03-13 22:00:00.000,34.658314
2023-03-14 00:00:00.000,19.42987
2023-03-14 02:00:00.000,15.072989
2023-03-14 04:00:00.000,20.349352
2023-03-14 06:00:00.000,33.289314
2023-03-14 08:00:00.000,38.5296
2023-03-14 10:00:00.000,39.605556
2023-03-14 12:00:00.000,40.304634
2023-03-14 14:00:00.000,38.948566
2023-03-14 16:00:00.000,39.071476
2023-03-14 18:00:00.000,44.992382
2023-03-14 20:00:00.000,49.369884
2023-03-14 22:00:00.000,34.62538
2023-03-15 00:00:00.000,19.374996
2023-03-15 02:00:00.000,15.200497
2023-03-15 04:00:00.000,20.483858
2023-03-15 06:00:00.000,32.952335
2023-03-15 08:00:00.000,38.79142
2023-03-15 10:00:00.000,38.460083
2023-03-15 12:00:00.000,39.736465
2023-03-15 14:00:00.000,38.16874
2023-03-15 16:00:00.000,38.60612
2023-03-15 18:00:00.000,45.00402
2023-03-15 20:00:00.000,49.74674
2023-03-15 22:00:00.000,34.801205
2023-03-16 00:00:00.000,19.626354
2023-03-16 02:00:00.000,15.352853
2023-03-16 04:00:00.000,20.66869
2023-03-16 06:00:00.000,33.116962
2023-03-16 08:00:00.000,38.351223
2023-03-16 10:00:00.000,38.846943
2023-03-16 12:00:00.000,40.197662
2023-03-16 14:00:00.000,38.7742
2023-03-16 16:00:00.000,39.04926
2023-03-16 18:00:00.000,45.641975
2023-03-16 20:00:00.000,49.851765
2023-03-16 22:00:00.000,34.99476
2023-03-17 00:00:00.000,19.776365
2023-03-17 02:00:00.000,15.650358
2023-03-17 04:00:00.000,20.80981
2023-03-17 06:00:00.000,33.451454
2023-03-17 08:00:00.000,39.985847
2023-03-17 10:00:00.000,39.623653
2023-03-17 12:00:00.000,40.56423
2023-03-17 14:00:00.000,38.559807
2023-03-17 16:00:00.000,38.78433
2023-03-17 18:00:00.000,45.23569
2023-03-17 20:00:00.000,50.88995
2023-03-17 22:00:00.000,37.159946
2023-03-18 00:00:00.000,21.033348
2023-03-18 02:00:00.000,15.681436
2023-03-18 04:00:00.000,19.84825
2023-03-18 06:00:00.000,34.664124
2023-03-18 08:00:00.000,44.496998
2023-03-18 10:00:00.000,43.67791
2023-03-18 12:00:00.000,43.07245
2023-03-18 14:00:00.000,38.72427
2023-03-18 16:00:00.000,37.52431
2023-03-18 18:00:00.000,43.12393
2023-03-18 20:00:00.000,49.448967
2023-03-18 22:00:00.000,38.824238
2023-03-19 00:00:00.000,22.748291
2023-03-19 02:00:00.000,15.789598
2023-03-19 04:00:00.000,18.868633
2023-03-19 06:00:00.000,33.075264
2023-03-19 08:00:00.000,45.129574
2023-03-19 10:00:00.000,45.406403
2023-03-19 12:00:00.000,44.215996
2023-03-19 14:00:00.000,39.95934
2023-03-19 16:00:00.000,38.692924
2023-03-19 18:00:00.000,43.674915
2023-03-19 20:00:00.000,47.809376
2023-03-19 22:00:00.000,35.39397
2023-03-20 00:00:00.000,20.485594
2023-03-20 02:00:00.000,15.7289095
2023-03-20 04:00:00.000,20.751118
2023-03-20 06:00:00.000,34.010834
2023-03-20 08:00:00.000,40.707325
2023-03-20 10:00:00.000,40.72852
2023-03-20 12:00:00.000,40.661266
2023-03-20 14:00:00.000,38.862175
2023-03-20 16:00:00.000,39.077564
2023-03-20 18:00:00.000,45.982727
2023-03-20 20:00:00.000,50.583263
2023-03-20 22:00:00.000,35.269547
2023-03-21 00:00:00.000,19.638285
2023-03-21 02:00:00.000,15.244579
2023-03-21 04:00:00.000,20.734735
2023-03-21 06:00:00.000,33.836094
2023-03-21 08:00:00.000,39.361755
2023-03-21 10:00:00.000,39.933537
2023-03-21 12:00:00.000,40.4146
2023-03-21 14:00:00.000,38.609184
2023-03-21 16:00:00.000,38.955902
2023-03-21 18:00:00.000,45.94542
2023-03-21 20:00:00.000,50.482357
2023-03-21 22:00:00.000,35.335236
2023-03-22 00:00:00.000,19.739923
2023-03-22 02:00:00.000,15.269347
2023-03-22 04:00:00.000,21.025904
2023-03-22 06:00:00.000,32.955235
2023-03-22 08:00:00.000,38.979576
2023-03-22 10:00:00.000,40.076477
2023-03-22 12:00:00.000,40.48718
2023-03-22 14:00:00.000,39.125492
2023-03-22 16:00:00.000,38.956676
2023-03-22 18:00:00.000,46.15589
2023-03-22 20:00:00.000,50.42638
2023-03-22 22:00:00.000,33.814873
2023-03-23 00:00:00.000,19.317743
2023-03-23 02:00:00.000,15.786038
2023-03-23 04:00:00.000,20.34603
2023-03-23 06:00:00.000,33.23233
2023-03-23 08:00:00.000,39.54303
2023-03-23 10:00:00.000,39.7856
2023-03-23 12:00:00.000,40.231823
2023-03-23 14:00:00.000,38.87276
2023-03-23 16:00:00.000,38.902176
2023-03-23 18:00:00.000,46.13514
2023-03-23 20:00:00.000,51.249256
2023-03-23 22:00:00.000,34.276924
2023-03-24 00:00:00.000,19.204489
2023-03-24 02:00:00.000,15.992227
2023-03-24 04:00:00.000,20.676203
2023-03-24 06:00:00.000,33.59761
2023-03-24 08:00:00.000,41.241493
2023-03-24 10:00:00.000,41.5675
2023-03-24 12:00:00.000,41.493515
2023-03-24 14:00:00.000,38.87673
2023-03-24 16:00:00.000,38.060658
2023-03-24 18:00:00.000,45.945736
2023-03-24 20:00:00.000,52.041138
2023-03-24 22:00:00.000,36.81385
2023-03-25 00:00:00.000,20.506552
2023-03-25 02:00:00.000,16.1204
2023-03-25 04:00:00.000,19.473906
2023-03-25 06:00:00.000,33.234356
2023-03-25 08:00:00.000,43.362614
2023-03-25 10:00:00.000,42.562267
2023-03-25 12:00:00.000,41.75393
2023-03-25 14:00:00.000,38.116558
2023-03-25 16:00:00.000,36.38685
2023-03-25 18:00:00.000,42.269875
2023-03-25 20:00:00.000,49.190548
2023-03-25 22:00:00.000,37.90646
2023-03-26 00:00:00.000,21.867218
2023-03-26 02:00:00.000,16.202797
2023-03-26 04:00:00.000,18.341558
2023-03-26 06:00:00.000,30.605629
2023-03-26 08:00:00.000,42.590004
2023-03-26 10:00:00.000,43.827187
2023-03-26 12:00:00.000,43.529366
2023-03-26 14:00:00.000,40.557453
2023-03-26 16:00:00.000,38.47514
2023-03-26 18:00:00.000,44.30985
2023-03-26 20:00:00.000,49.21494
2023-03-26 22:00:00.000,36.39751
2023-03-27 00:00:00.000,21.245522
2023-03-27 02:00:00.000,17.006414
2023-03-27 04:00:00.000,21.007366
2023-03-27 06:00:00.000,33.5944
2023-03-27 08:00:00.000,42.24277
2023-03-27 10:00:00.000,42.249603
2023-03-27 12:00:00.000,40.760147
2023-03-27 14:00:00.000,38.91581
2023-03-27 16:00:00.000,38.367023
2023-03-27 18:00:00.000,45.699554
2023-03-27 20:00:00.000,51.628437
2023-03-27 22:00:00.000,36.362408
2023-03-28 00:00:00.000,20.1928
2023-03-28 02:00:00.000,16.354631
2023-03-28 04:00:00.000,20.814842
2023-03-28 06:00:00.000,33.43889
2023-03-28 08:00:00.000,41.645912
2023-03-28 10:00:00.000,41.360893
2023-03-28 12:00:00.000,39.901604
2023-03-28 14:00:00.000,38.168457
2023-03-28 16:00:00.000,38.00737
2023-03-28 18:00:00.000,45.722572
2023-03-28 20:00:00.000,51.98209
2023-03-28 22:00:00.000,36.163208
2023-03-29 00:00:00.000,20.23629
2023-03-29 02:00:00.000,16.342207
2023-03-29 04:00:00.000,20.98835
2023-03-29 06:00:00.000,33.243614
2023-03-29 08:00:00.000,41.673843
2023-03-29 10:00:00.000,42.18433
2023-03-29 12:00:00.000,40.884
2023-03-29 14:00:00.000,39.12465
2023-03-29 16:00:00.000,39.09013
2023-03-29 18:00:00.000,45.94882
2023-03-29 20:00:00.000,51.149284
2023-03-29 22:00:00.000,36.171192
2023-03-30 00:00:00.000,20.181116
2023-03-30 02:00:00.000,16.269625
2023-03-30 04:00:00.000,20.652971
2023-03-30 06:00:00.000,32.326206
2023-03-30 08:00:00.000,41.05442
2023-03-30 10:00:00.000,41.86832
2023-03-30 12:00:00.000,41.18343
2023-03-30 14:00:00.000,39.613277
2023-03-30 16:00:00.000,39.281693
2023-03-30 18:00:00.000,46.2548
2023-03-30 20:00:00.000,51.548954
2023-03-30 22:00:00.000,36.30416
2023-03-31 00:00:00.000,20.52203
2023-04-01 02:00:00.000,16.20754
2023-04-01 04:00:00.000,19.45948
2023-04-01 06:00:00.000,32.92819
2023-04-01 08:00:00.000,43.070942
2023-04-01 10:00:00.000,43.146088
2023-04-01 12:00:00.000,42.37527
2023-04-01 14:00:00.000,38.83408
2023-04-01 16:00:00.000,37.198246
2023-04-01 18:00:00.000,43.589817
2023-04-01 20:00:00.000,50.274452
2023-04-01 22:00:00.000,39.37185
2023-04-02 00:00:00.000,23.148046
2023-04-02 02:00:00.000,16.698307
2023-04-02 04:00:00.000,18.589907
2023-04-02 06:00:00.000,31.072527
2023-04-02 08:00:00.000,42.411877
2023-04-02 10:00:00.000,43.667866
2023-04-02 12:00:00.000,43.145134
2023-04-02 14:00:00.000,39.653988
2023-04-02 16:00:00.000,38.227585
2023-04-02 18:00:00.000,43.78858
2023-04-02 20:00:00.000,48.82412
2023-04-02 22:00:00.000,35.79372
2023-04-03 00:00:00.000,21.137798
2023-04-03 02:00:00.000,16.772392
2023-04-03 04:00:00.000,20.59522
2023-04-03 06:00:00.000,31.56301
2023-04-03 08:00:00.000,37.867455
2023-04-03 10:00:00.000,37.948532
2023-04-03 12:00:00.000,38.48986
2023-04-03 14:00:00.000,37.963623
2023-04-03 16:00:00.000,38.526814
2023-04-03 18:00:00.000,45.66141
2023-04-03 20:00:00.000,50.192135
2023-04-03 22:00:00.000,35.01965
2023-04-04 00:00:00.000,20.164259
2023-04-04 02:00:00.000,16.095467
2023-04-04 04:00:00.000,20.081781
2023-04-04 06:00:00.000,31.091064
2023-04-04 08:00:00.000,36.551327
2023-04-04 10:00:00.000,37.30149
2023-04-04 12:00:00.000,38.234047
2023-04-04 14:00:00.000,37.495106
2023-04-04 16:00:00.000,37.742756
2023-04-04 18:00:00.000,45.33083
2023-04-04 20:00:00.000,50.32177
2023-04-04 22:00:00.000,34.60836
2023-04-05 00:00:00.000,19.172611
2023-04-05 02:00:00.000,15.692978
2023-04-05 04:00:00.000,20.336544
2023-04-05 06:00:00.000,31.329609
2023-04-05 08:00:00.000,36.778946
2023-04-05 10:00:00.000,36.961956
2023-04-05 12:00:00.000,37.99921
2023-04-05 14:00:00.000,37.22212
2023-04-05 16:00:00.000,37.485233
2023-04-05 18:00:00.000,45.064865
2023-04-05 20:00:00.000,49.979515
2023-04-05 22:00:00.000,34.350273
2023-04-06 00:00:00.000,19.267727
2023-04-06 02:00:00.000,16.068905
2023-04-06 04:00:00.000,21.197168
2023-04-06 06:00:00.000,32.109184
2023-04-06 08:00:00.000,37.30605
2023-04-06 10:00:00.000,37.48068
2023-04-06 12:00:00.000,38.899242
2023-04-06 14:00:00.000,37.9605
2023-04-06 16:00:00.000,38.00998
2023-04-06 18:00:00.000,44.825985
2023-04-06 20:00:00.000,49.20728
2023-04-06 22:00:00.000,34.01471
2023-04-07 00:00:00.000,19.382343
2023-04-07 02:00:00.000,15.840459
2023-04-07 04:00:00.000,20.16641
2023-04-07 06:00:00.000,31.196865
2023-04-07 08:00:00.000,37.01831
2023-04-07 10:00:00.000,37.563755
2023-04-07 12:00:00.000,39.821995
2023-04-07 14:00:00.000,38.11303
2023-04-07 16:00:00.000,37.36041
2023-04-07 18:00:00.000,44.503235
2023-04-07 20:00:00.000,50.464497
2023-04-07 22:00:00.000,36.47292
2023-04-08 00:00:00.000,21.026062
2023-04-08 02:00:00.000,16.604662
2023-04-08 04:00:00.000,21.043913
2023-04-08 06:00:00.000,34.78521
2023-04-08 08:00:00.000,43.09065
2023-04-08 10:00:00.000,42.727127
2023-04-08 12:00:00.000,42.744415
2023-04-08 14:00:00.000,39.039387
2023-04-08 16:00:00.000,37.208416
2023-04-08 18:00:00.000,43.066433
2023-04-08 20:00:00.000,49.984055
2023-04-08 22:00:00.000,38.02156
2023-04-09 00:00:00.000,22.123865
2023-04-09 02:00:00.000,16.528196
2023-04-09 04:00:00.000,19.65072
2023-04-09 06:00:00.000,33.211395
2023-04-09 08:00:00.000,43.802765
2023-04-09 10:00:00.000,43.84069
2023-04-09 12:00:00.000,43.293186
2023-04-09 14:00:00.000,39.895836
2023-04-09 16:00:00.000,38.087307
2023-04-09 18:00:00.000,44.125473
2023-04-09 20:00:00.000,48.829884
2023-04-09 22:00:00.000,34.27597
2023-04-10 00:00:00.000,19.49598
2023-04-10 02:00:00.000,16.01034
2023-04-10 04:00:00.000,20.978779
2023-04-10 06:00:00.000,32.8455
2023-04-10 08:00:00.000,37.416344
2023-04-10 10:00:00.000,37.16321
2023-04-10 12:00:00.000,38.373047
2023-04-10 14:00:00.000,38.11501
2023-04-10 16:00:00.000,37.972668
2023-04-10 18:00:00.000,44.861626
2023-04-10 20:00:00.000,50.002804
2023-04-10 22:00:00.000,34.324104
2023-04-11 00:00:00.000,19.03949
2023-04-11 02:00:00.000,15.953884
2023-04-11 04:00:00.000,21.731716
2023-04-11 06:00:00.000,33.132847
2023-04-11 08:00:00.000,37.947685
2023-04-11 10:00:00.000,37.36065
2023-04-11 12:00:00.000,38.776752
2023-04-11 14:00:00.000,38.475735
2023-04-11 16:00:00.000,38.174725
2023-04-11 18:00:00.000,45.509834
2023-04-11 20:00:00.000,50.36607
2023-04-11 22:00:00.000,34.14542
2023-04-12 00:00:00.000,19.152542
2023-04-12 02:00:00.000,15.858621
2023-04-12 04:00:00.000,20.980095
2023-04-12 06:00:00.000,32.848545
2023-04-12 08:00:00.000,37.97036
2023-04-12 10:00:00.000,37.533077
2023-04-12 12:00:00.000,38.74976
2023-04-12 14:00:00.000,37.627834
2023-04-12 16:00:00.000,37.725487
2023-04-12 18:00:00.000,45.206375
2023-04-12 20:00:00.000,49.324574
2023-04-12 22:00:00.000,33.54096
2023-04-13 00:00:00.000,18.95513
2023-04-13 02:00:00.000,15.814224
2023-04-13 04:00:00.000,21.172943
2023-04-13 06:00:00.000,32.9846
2023-04-13 08:00:00.000,38.446247
2023-04-13 10:00:00.000,38.34376
2023-04-13 12:00:00.000,39.7553
2023-04-13 14:00:00.000,39.066322
2023-04-13 16:00:00.000,38.959755
2023-04-13 18:00:00.000,45.31515
2023-04-13 20:00:00.000,49.88899
2023-04-13 22:00:00.000,33.91132
2023-04-14 00:00:00.000,19.029905
2023-04-14 02:00:00.000,15.55045
2023-04-14 04:00:00.000,20.937317
2023-04-14 06:00:00.000,32.505886
2023-04-14 08:00:00.000,38.3497
2023-04-14 10:00:00.000,39.30713
2023-04-14 12:00:00.000,41.022186
2023-04-14 14:00:00.000,39.866962
2023-04-14 16:00:00.000,39.702892
2023-04-14 18:00:00.000,45.826668
2023-04-14 20:00:00.000,51.40011
2023-04-14 22:00:00.000,36.35818
2023-04-15 00:00:00.000,20.503332
2023-04-15 02:00:00.000,16.020063
2023-04-15 04:00:00.000,20.312834
2023-04-15 06:00:00.000,34.591892
2023-04-15 08:00:00.000,43.16552
2023-04-15 10:00:00.000,43.125637
2023-04-15 12:00:00.000,42.482162
2023-04-15 14:00:00.000,38.89906
2023-04-15 16:00:00.000,37.343323
2023-04-15 18:00:00.000,42.39251
2023-04-15 20:00:00.000,48.562153
2023-04-15 22:00:00.000,36.83323
2023-04-16 00:00:00.000,21.833435
2023-04-16 02:00:00.000,16.205732
2023-04-16 04:00:00.000,19.273726
2023-04-16 06:00:00.000,32.20051
2023-04-16 08:00:00.000,42.693935
2023-04-16 10:00:00.000,43.447083
2023-04-16 12:00:00.000,43.073177
2023-04-16 14:00:00.000,39.81703
2023-04-16 16:00:00.000,37.91819
2023-04-16 18:00:00.000,42.90524
2023-04-16 20:00:00.000,47.11381
2023-04-16 22:00:00.000,33.495113
2023-04-17 00:00:00.000,19.579922
2023-04-17 02:00:00.000,15.854285
2023-04-17 04:00:00.000,21.208546
2023-04-17 06:00:00.000,33.3099
2023-04-17 08:00:00.000,38.18544
2023-04-17 10:00:00.000,38.07144
2023-04-17 12:00:00.000,39.196484
2023-04-17 14:00:00.000,39.221714
2023-04-17 16:00:00.000,39.434162
2023-04-17 18:00:00.000,46.167274
2023-04-17 20:00:00.000,49.94292
2023-04-17 22:00:00.000,32.968822
2023-04-18 00:00:00.000,18.366695
2023-04-18 02:00:00.000,14.904704
2023-04-18 04:00:00.000,20.812555
2023-04-18 06:00:00.000,32.72678
2023-04-18 08:00:00.000,37.470486
2023-04-18 10:00:00.000,37.72229
2023-04-18 12:00:00.000,39.74761
2023-04-18 14:00:00.000,39.190117
2023-04-18 16:00:00.000,39.136703
2023-04-18 18:00:00.000,46.679638
2023-04-18 20:00:00.000,51.06137
2023-04-18 22:00:00.000,33.796345
2023-04-19 00:00:00.000,18.90334
2023-04-19 02:00:00.000,15.398079
2023-04-19 04:00:00.000,21.329252
2023-04-19 06:00:00.000,33.135044
2023-04-19 08:00:00.000,37.581715
2023-04-19 10:00:00.000,37.687622
2023-04-19 12:00:00.000,39.623547
2023-04-19 14:00:00.000,38.939106
2023-04-19 16:00:00.000,38.729218
2023-04-19 18:00:00.000,45.75959
2023-04-19 20:00:00.000,50.467327
2023-04-19 22:00:00.000,33.477253
2023-04-20 00:00:00.000,18.752554
2023-04-20 02:00:00.000,14.937147
2023-04-20 04:00:00.000,20.721891
2023-04-20 06:00:00.000,32.930916
2023-04-20 08:00:00.000,37.95532
2023-04-20 10:00:00.000,38.603226
2023-04-20 12:00:00.000,40.408985
2023-04-20 14:00:00.000,39.087234
2023-04-20 16:00:00.000,38.30129
2023-04-20 18:00:00.000,45.5802
2023-04-20 20:00:00.000,50.216705
2023-04-20 22:00:00.000,34.186123
2023-04-21 00:00:00.000,19.228975
2023-04-21 02:00:00.000,15.242938
2023-04-21 04:00:00.000,21.260162
2023-04-21 06:00:00.000,33.07624
2023-04-21 08:00:00.000,38.669857
2023-04-21 10:00:00.000,39.284813
2023-04-21 12:00:00.000,40.919476
2023-04-21 14:00:00.000,39.67705
2023-04-21 16:00:00.000,39.1184
2023-04-21 18:00:00.000,45.85435
2023-04-21 20:00:00.000,51.091606
2023-04-21 22:00:00.000,36.57847
2023-04-22 00:00:00.000,20.74658
2023-04-22 02:00:00.000,15.71205
2023-04-22 04:00:00.000,20.670313
2023-04-22 06:00:00.000,34.46375
2023-04-22 08:00:00.000,42.836952
2023-04-22 10:00:00.000,43.235363
2023-04-22 12:00:00.000,43.16275
2023-04-22 14:00:00.000,39.1496
2023-04-22 16:00:00.000,37.855507
2023-04-22 18:00:00.000,43.75297
2023-04-22 20:00:00.000,50.295162
2023-04-22 22:00:00.000,38.628517
2023-04-23 00:00:00.000,22.233925
2023-04-23 02:00:00.000,15.857199
2023-04-23 04:00:00.000,19.645912
2023-04-23 06:00:00.000,32.704422
2023-04-23 08:00:00.000,42.723274
2023-04-23 10:00:00.000,43.289204
2023-04-23 12:00:00.000,42.95244
2023-04-23 14:00:00.000,39.43436
2023-04-23 16:00:00.000,37.931297
2023-04-23 18:00:00.000,43.674675
2023-04-23 20:00:00.000,48.499985
2023-04-23 22:00:00.000,35.697315
2023-04-24 00:00:00.000,20.30474
2023-04-24 02:00:00.000,15.347273
2023-04-24 04:00:00.000,21.826254
2023-04-24 06:00:00.000,32.799896
2023-04-24 08:00:00.000,37.846596
2023-04-24 10:00:00.000,38.160736
2023-04-24 12:00:00.000,39.79141
2023-04-24 14:00:00.000,39.06428
2023-04-24 16:00:00.000,39.192657
2023-04-24 18:00:00.000,46.418846
2023-04-24 20:00:00.000,52.443268
2023-04-24 22:00:00.000,35.69374
2023-04-25 00:00:00.000,19.614515
2023-04-25 02:00:00.000,15.144441
2023-04-25 04:00:00.000,21.39701
2023-04-25 06:00:00.000,33.47552
2023-04-25 08:00:00.000,38.74543
2023-04-25 10:00:00.000,39.455265
2023-04-25 12:00:00.000,40.92735
2023-04-25 14:00:00.000,39.493378
2023-04-25 16:00:00.000,39.36906
2023-04-25 18:00:00.000,46.37289
2023-04-25 20:00:00.000,52.11743
2023-04-25 22:00:00.000,36.037
2023-04-26 00:00:00.000,19.859777
2023-04-26 02:00:00.000,15.433614
2023-04-26 04:00:00.000,21.447939
2023-04-26 06:00:00.000,32.97199
2023-04-26 08:00:00.000,37.638027
2023-04-26 10:00:00.000,38.510086
2023-04-26 12:00:00.000,39.4435
2023-04-26 14:00:00.000,38.32066
2023-04-26 16:00:00.000,38.984737
2023-04-26 18:00:00.000,46.143536
2023-04-26 20:00:00.000,51.40552
2023-04-26 22:00:00.000,35.129417
2023-04-27 00:00:00.000,18.905348
2023-04-27 02:00:00.000,14.946454
2023-04-27 04:00:00.000,21.132942
2023-04-27 06:00:00.000,32.822414
2023-04-27 08:00:00.000,37.27761
2023-04-27 10:00:00.000,38.083817
2023-04-27 12:00:00.000,39.030235
2023-04-27 14:00:00.000,37.728867
2023-04-27 16:00:00.000,37.916004
2023-04-27 18:00:00.000,45.522373
2023-04-27 20:00:00.000,51.39882
2023-04-27 22:00:00.000,35.000336
2023-04-28 00:00:00.000,19.157667
2023-04-28 02:00:00.000,15.000127
2023-04-28 04:00:00.000,21.242985
2023-04-28 06:00:00.000,33.018017
2023-04-28 08:00:00.000,37.989708
2023-04-28 10:00:00.000,38.62053
2023-04-28 12:00:00.000,40.016304
2023-04-28 14:00:00.000,38.058098
2023-04-28 16:00:00.000,37.996502
2023-04-28 18:00:00.000,45.389713
2023-04-28 20:00:00.000,51.592365
2023-04-28 22:00:00.000,36.983646
2023-04-29 00:00:00.000,20.640121
2023-04-29 02:00:00.000,15.079776
2023-04-29 04:00:00.000,19.921894
2023-04-29 06:00:00.000,33.248604
2023-04-29 08:00:00.000,41.74636
2023-04-29 10:00:00.000,42.05755
2023-04-29 12:00:00.000,41.406883
2023-04-29 14:00:00.000,37.178444
2023-04-29 16:00:00.000,35.702625
2023-04-29 18:00:00.000,41.971138
2023-04-29 20:00:00.000,49.235046
2023-04-29 22:00:00.000,38.307697
2023-04-30 00:00:00.000,22.068607
2023-05-01 02:00:00.000,15.607315
2023-05-01 04:00:00.000,19.726149
2023-05-01 06:00:00.000,33.341232
2023-05-01 08:00:00.000,44.6419
2023-05-01 10:00:00.000,44.61951
2023-05-01 12:00:00.000,43.48434
2023-05-01 14:00:00.000,40.43689
2023-05-01 16:00:00.000,39.881542
2023-05-01 18:00:00.000,45.8452
2023-05-01 20:00:00.000,51.101387
2023-05-01 22:00:00.000,37.29053
2023-05-02 00:00:00.000,20.824175
2023-05-02 02:00:00.000,15.413114
2023-05-02 04:00:00.000,20.996319
2023-05-02 06:00:00.000,31.757206
2023-05-02 08:00:00.000,38.035046
2023-05-02 10:00:00.000,38.647266
2023-05-02 12:00:00.000,40.16574
2023-05-02 14:00:00.000,38.972485
2023-05-02 16:00:00.000,39.704338
2023-05-02 18:00:00.000,47.447212
2023-05-02 20:00:00.000,52.70591
2023-05-02 22:00:00.000,36.32612
2023-05-03 00:00:00.000,19.753986
2023-05-03 02:00:00.000,14.657713
2023-05-03 04:00:00.000,20.0621
2023-05-03 06:00:00.000,31.226128
2023-05-03 08:00:00.000,36.644432
2023-05-03 10:00:00.000,38.042763
2023-05-03 12:00:00.000,39.638004
2023-05-03 14:00:00.000,38.324192
2023-05-03 16:00:00.000,39.11009
2023-05-03 18:00:00.000,47.352592
2023-05-03 20:00:00.000,53.021168
2023-05-03 22:00:00.000,36.596928
2023-05-04 00:00:00.000,20.09675
2023-05-04 02:00:00.000,15.348097
2023-05-04 04:00:00.000,21.14124
2023-05-04 06:00:00.000,32.05441
2023-05-04 08:00:00.000,36.953213
2023-05-04 10:00:00.000,37.75645
2023-05-04 12:00:00.000,39.35238
2023-05-04 14:00:00.000,38.278683
2023-05-04 16:00:00.000,38.711166
2023-05-04 18:00:00.000,45.963688
2023-05-04 20:00:00.000,51.591927
2023-05-04 22:00:00.000,35.7569
2023-05-05 00:00:00.000,19.866058
2023-05-05 02:00:00.000,14.937191
2023-05-05 04:00:00.000,20.236963
2023-05-05 06:00:00.000,31.002764
2023-05-05 08:00:00.000,36.424145
2023-05-05 10:00:00.000,38.35275
2023-05-05 12:00:00.000,39.920086
2023-05-05 14:00:00.000,38.465385
2023-05-05 16:00:00.000,37.958054
2023-05-05 18:00:00.000,45.58776
2023-05-05 20:00:00.000,52.20382
2023-05-05 22:00:00.000,37.721947
2023-05-06 00:00:00.000,20.570744
2023-05-06 02:00:00.000,15.135448
2023-05-06 04:00:00.000,20.388779
2023-05-06 06:00:00.000,33.33209
2023-05-06 08:00:00.000,42.041935
2023-05-06 10:00:00.000,42.0347
2023-05-06 12:00:00.000,41.14854
2023-05-06 14:00:00.000,37.536293
2023-05-06 16:00:00.000,36.46835
2023-05-06 18:00:00.000,42.629757
2023-05-06 20:00:00.000,49.648792
2023-05-06 22:00:00.000,38.552536
2023-05-07 00:00:00.000,22.833906
2023-05-07 02:00:00.000,15.538128
2023-05-07 04:00:00.000,19.001728
2023-05-07 06:00:00.000,31.447458
2023-05-07 08:00:00.000,41.773098
2023-05-07 10:00:00.000,42.787334
2023-05-07 12:00:00.000,41.98174
2023-05-07 14:00:00.000,38.930813
2023-05-07 16:00:00.000,38.31423
2023-05-07 18:00:00.000,43.378155
2023-05-07 20:00:00.000,50.3144
2023-05-07 22:00:00.000,39.707905
2023-05-08 00:00:00.000,23.22589
2023-05-08 02:00:00.000,16.615234
2023-05-08 04:00:00.000,21.214476
2023-05-08 06:00:00.000,35.38272
2023-05-08 08:00:00.000,47.426414
2023-05-08 10:00:00.000,46.503883
2023-05-08 12:00:00.000,42.605713
2023-05-08 14:00:00.000,39.65118
2023-05-08 16:00:00.000,39.79898
2023-05-08 18:00:00.000,46.161568
2023-05-08 20:00:00.000,53.993923
2023-05-08 22:00:00.000,42.01746
2023-05-09 00:00:00.000,23.746113
2023-05-09 02:00:00.000,16.109678
2023-05-09 04:00:00.000,20.446335
2023-05-09 06:00:00.000,34.233513
2023-05-09 08:00:00.000,46.641247
2023-05-09 10:00:00.000,46.80323
2023-05-09 12:00:00.000,43.319473
2023-05-09 14:00:00.000,40.67279
2023-05-09 16:00:00.000,40.406395
2023-05-09 18:00:00.000,46.284332
2023-05-09 20:00:00.000,51.208282
2023-05-09 22:00:00.000,37.582188
2023-05-10 00:00:00.000,21.017036
2023-05-10 02:00:00.000,15.586162
2023-05-10 04:00:00.000,21.0649
2023-05-10 06:00:00.000,32.56533
2023-05-10 08:00:00.000,38.09196
2023-05-10 10:00:00.000,38.76829
2023-05-10 12:00:00.000,39.71511
2023-05-10 14:00:00.000,39.39229
2023-05-10 16:00:00.000,40.37391
2023-05-10 18:00:00.000,47.07132
2023-05-10 20:00:00.000,52.34725
2023-05-10 22:00:00.000,36.27375
2023-05-11 00:00:00.000,20.412823
2023-05-11 02:00:00.000,15.583652
2023-05-11 04:00:00.000,21.089655
2023-05-11 06:00:00.000,32.19342
2023-05-11 08:00:00.000,37.27718
2023-05-11 10:00:00.000,38.337337
2023-05-11 12:00:00.000,39.75875
2023-05-11 14:00:00.000,39.51304
2023-05-11 16:00:00.000,40.066814
2023-05-11 18:00:00.000,46.853645
2023-05-11 20:00:00.000,52.74643
2023-05-11 22:00:00.000,37.01767
2023-05-12 00:00:00.000,20.438885
2023-05-12 02:00:00.000,15.574881
2023-05-12 04:00:00.000,21.443172
2023-05-12 06:00:00.000,32.703938
2023-05-12 08:00:00.000,37.617073
2023-05-12 10:00:00.000,38.180607
2023-05-12 12:00:00.000,39.474304
2023-05-12 14:00:00.000,38.58233
2023-05-12 16:00:00.000,38.80233
2023-05-12 18:00:00.000,45.0398
2023-05-12 20:00:00.000,52.726284
2023-05-12 22:00:00.000,38.448513
2023-05-13 00:00:00.000,21.350117
2023-05-13 02:00:00.000,15.227393
2023-05-13 04:00:00.000,19.677578
2023-05-13 06:00:00.000,32.06861
2023-05-13 08:00:00.000,40.540398
2023-05-13 10:00:00.000,40.709953
2023-05-13 12:00:00.000,40.535446
2023-05-13 14:00:00.000,37.63297
2023-05-13 16:00:00.000,36.418217
2023-05-13 18:00:00.000,42.082756
2023-05-13 20:00:00.000,51.345264
2023-05-13 22:00:00.000,40.942593
2023-05-14 00:00:00.000,23.848446
2023-05-14 02:00:00.000,15.903247
2023-05-14 04:00:00.000,19.355001
2023-05-14 06:00:00.000,32.090843
2023-05-14 08:00:00.000,42.814697
2023-05-14 10:00:00.000,43.538292
2023-05-14 12:00:00.000,43.210472
2023-05-14 14:00:00.000,40.23225
2023-05-14 16:00:00.000,39.19987
2023-05-14 18:00:00.000,44.115734
2023-05-14 20:00:00.000,50.58787
2023-05-14 22:00:00.000,37.648933
2023-05-15 00:00:00.000,21.668865
2023-05-15 02:00:00.000,16.179087
2023-05-15 04:00:00.000,21.459398
2023-05-15 06:00:00.000,32.279243
2023-05-15 08:00:00.000,36.59002
2023-05-15 10:00:00.000,37.441227
2023-05-15 12:00:00.000,39.2448
2023-05-15 14:00:00.000,38.975727
2023-05-15 16:00:00.000,38.919044
2023-05-15 18:00:00.000,45.58303
2023-05-15 20:00:00.000,52.21961
2023-05-15 22:00:00.000,36.74986
2023-05-16 00:00:00.000,20.43523
2023-05-16 02:00:00.000,16.221762
2023-05-16 04:00:00.000,21.858257
2023-05-16 06:00:00.000,32.757717
2023-05-16 08:00:00.000,37.049744
2023-05-16 10:00:00.000,37.614132
2023-05-16 12:00:00.000,38.844875
2023-05-16 14:00:00.000,38.401184
2023-05-16 16:00:00.000,38.43232
2023-05-16 18:00:00.000,45.993534
2023-05-16 20:00:00.000,52.728447
2023-05-16 22:00:00.000,36.31059
2023-05-17 00:00:00.000,19.816595
2023-05-17 02:00:00.000,15.398679
2023-05-17 04:00:00.000,21.63426
2023-05-17 06:00:00.000,33.597404
2023-05-17 08:00:00.000,38.55528
2023-05-17 10:00:00.000,38.766624
2023-05-17 12:00:00.000,39.265076
2023-05-17 14:00:00.000,37.885384
2023-05-17 16:00:00.000,37.878696
2023-05-17 18:00:00.000,45.052322
2023-05-17 20:00:00.000,51.92839
2023-05-17 22:00:00.000,35.687035
2023-05-18 00:00:00.000,19.694311
2023-05-18 02:00:00.000,15.383197
2023-05-18 04:00:00.000,21.325705
2023-05-18 06:00:00.000,32.624756
2023-05-18 08:00:00.000,36.310856
2023-05-18 10:00:00.000,36.604877
2023-05-18 12:00:00.000,38.432518
2023-05-18 14:00:00.000,38.07176
2023-05-18 16:00:00.000,38.18787
2023-05-18 18:00:00.000,45.67004
2023-05-18 20:00:00.000,52.230774
2023-05-18 22:00:00.000,35.85506
2023-05-19 00:00:00.000,19.578575
2023-05-19 02:00:00.000,15.360893
2023-05-19 04:00:00.000,21.154816
2023-05-19 06:00:00.000,32.54188
2023-05-19 08:00:00.000,36.56594
2023-05-19 10:00:00.000,37.766052
2023-05-19 12:00:00.000,38.97342
2023-05-19 14:00:00.000,37.755447
2023-05-19 16:00:00.000,37.418106
2023-05-19 18:00:00.000,44.294693
2023-05-19 20:00:00.000,52.492977
2023-05-19 22:00:00.000,37.441845
2023-05-20 00:00:00.000,20.632898
2023-05-20 02:00:00.000,15.281278
2023-05-20 04:00:00.000,20.064138
2023-05-20 06:00:00.000,33.157265
2023-05-20 08:00:00.000,41.289806
2023-05-20 10:00:00.000,41.01964
2023-05-20 12:00:00.000,40.684093
2023-05-20 14:00:00.000,36.973583
2023-05-20 16:00:00.000,35.587032
2023-05-20 18:00:00.000,41.555714
2023-05-20 20:00:00.000,49.89574
2023-05-20 22:00:00.000,38.91274
2023-05-21 00:00:00.000,22.547338
2023-05-21 02:00:00.000,15.539621
2023-05-21 04:00:00.000,18.74902
2023-05-21 06:00:00.000,31.401659
2023-05-21 08:00:00.000,41.952213
2023-05-21 10:00:00.000,42.586258
2023-05-21 12:00:00.000,42.092545
2023-05-21 14:00:00.000,39.120644
2023-05-21 16:00:00.000,38.09375
2023-05-21 18:00:00.000,43.8511
2023-05-21 20:00:00.000,50.223656
2023-05-21 22:00:00.000,37.795734
2023-05-22 00:00:00.000,21.307806
2023-05-22 02:00:00.000,15.9266615
2023-05-22 04:00:00.000,21.07951
2023-05-22 06:00:00.000,32.44351
2023-05-22 08:00:00.000,39.06965
2023-05-22 10:00:00.000,40.241833
2023-05-22 12:00:00.000,40.354225
2023-05-22 14:00:00.000,39.03835
2023-05-22 16:00:00.000,38.64792
2023-05-22 18:00:00.000,45.38824
2023-05-22 20:00:00.000,53.307457
2023-05-22 22:00:00.000,37.426853
2023-05-23 00:00:00.000,20.331009
2023-05-23 02:00:00.000,15.557525
2023-05-23 04:00:00.000,21.169361
2023-05-23 06:00:00.000,33.109978
2023-05-23 08:00:00.000,39.515434
2023-05-23 10:00:00.000,41.092663
2023-05-23 12:00:00.000,41.057114
2023-05-23 14:00:00.000,39.134884
2023-05-23 16:00:00.000,39.256603
2023-05-23 18:00:00.000,46.839787
2023-05-23 20:00:00.000,53.382767
2023-05-23 22:00:00.000,37.620876
2023-05-24 00:00:00.000,20.60231
2023-05-24 02:00:00.000,15.621967
2023-05-24 04:00:00.000,21.417465
2023-05-24 06:00:00.000,33.9535
2023-05-24 08:00:00.000,41.06404
2023-05-24 10:00:00.000,41.611908
2023-05-24 12:00:00.000,40.695736
2023-05-24 14:00:00.000,38.673958
2023-05-24 16:00:00.000,38.223328
2023-05-24 18:00:00.000,45.12332
2023-05-24 20:00:00.000,52.695923
2023-05-24 22:00:00.000,37.55236
2023-05-25 00:00:00.000,20.386112
2023-05-25 02:00:00.000,15.523471
2023-05-25 04:00:00.000,21.344301
2023-05-25 06:00:00.000,33.41184
2023-05-25 08:00:00.000,40.61226
2023-05-25 10:00:00.000,42.46795
2023-05-25 12:00:00.000,41.90464
2023-05-25 14:00:00.000,39.161873
2023-05-25 16:00:00.000,38.00697
2023-05-25 18:00:00.000,45.229282
2023-05-25 20:00:00.000,53.38171
2023-05-25 22:00:00.000,38.028645
2023-05-26 00:00:00.000,20.739256
2023-05-26 02:00:00.000,15.786331
2023-05-26 04:00:00.000,21.172663
2023-05-26 06:00:00.000,33.875286
2023-05-26 08:00:00.000,42.006443
2023-05-26 10:00:00.000,42.317993
2023-05-26 12:00:00.000,41.282066
2023-05-26 14:00:00.000,37.916767
2023-05-26 16:00:00.000,37.015724
2023-05-26 18:00:00.000,43.606117
2023-05-26 20:00:00.000,52.047974
2023-05-26 22:00:00.000,39.068134
2023-05-27 00:00:00.000,21.834597
2023-05-27 02:00:00.000,15.305793
2023-05-27 04:00:00.000,18.99213
2023-05-27 06:00:00.000,31.971874
2023-05-27 08:00:00.000,40.86354
2023-05-27 10:00:00.000,41.180088
2023-05-27 12:00:00.000,40.138012
2023-05-27 14:00:00.000,36.89232
2023-05-27 16:00:00.000,35.11907
2023-05-27 18:00:00.000,40.67798
2023-05-27 20:00:00.000,50.340767
2023-05-27 22:00:00.000,39.78554
2023-05-28 00:00:00.000,22.734722
2023-05-28 02:00:00.000,15.017967
2023-05-28 04:00:00.000,18.00215
2023-05-28 06:00:00.000,30.321663
2023-05-28 08:00:00.000,41.16176
2023-05-28 10:00:00.000,42.731663
2023-05-28 12:00:00.000,42.313007
2023-05-28 14:00:00.000,39.366615
2023-05-28 16:00:00.000,37.210567
2023-05-28 18:00:00.000,42.78784
2023-05-28 20:00:00.000,51.561928
2023-05-28 22:00:00.000,39.329556
2023-05-29 00:00:00.000,22.12943
2023-05-29 02:00:00.000,15.936411
2023-05-29 04:00:00.000,20.741493
2023-05-29 06:00:00.000,33.135876
2023-05-29 08:00:00.000,41.266922
2023-05-29 10:00:00.000,42.032043
2023-05-29 12:00:00.000,41.41747
2023-05-29 14:00:00.000,38.689777
2023-05-29 16:00:00.000,38.23138
2023-05-29 18:00:00.000,44.149803
2023-05-29 20:00:00.000,53.38246
2023-05-29 22:00:00.000,38.68874
2023-05-30 00:00:00.000,21.206493
2023-05-30 02:00:00.000,15.691408
2023-05-30 04:00:00.000,21.07165
2023-05-30 06:00:00.000,33.810814
2023-05-30 08:00:00.000,42.685238
2023-05-30 10:00:00.000,43.45553
2023-05-30 12:00:00.000,42.034794
2023-05-30 14:00:00.000,39.11929
2023-05-30 16:00:00.000,38.011993
2023-05-30 18:00:00.000,45.522003
2023-05-30 20:00:00.000,54.296684
2023-05-30 22:00:00.000,39.306004
2023-05-31 00:00:00.000,21.375404
2023-06-01 02:00:00.000,15.751803
2023-06-01 04:00:00.000,20.511522
2023-06-01 06:00:00.000,32.95366
2023-06-01 08:00:00.000,41.359314
2023-06-01 10:00:00.000,41.90102
2023-06-01 12:00:00.000,40.54682
2023-06-01 14:00:00.000,38.108524
2023-06-01 16:00:00.000,37.04019
2023-06-01 18:00:00.000,44.060257
2023-06-01 20:00:00.000,53.67987
2023-06-01 22:00:00.000,39.716442
2023-06-02 00:00:00.000,21.433998
2023-06-02 02:00:00.000,15.506684
2023-06-02 04:00:00.000,20.268702
2023-06-02 06:00:00.000,32.728264
2023-06-02 08:00:00.000,41.50771
2023-06-02 10:00:00.000,42.08926
2023-06-02 12:00:00.000,40.575214
2023-06-02 14:00:00.000,38.02963
2023-06-02 16:00:00.000,36.619957
2023-06-02 18:00:00.000,43.22326
2023-06-02 20:00:00.000,52.488716
2023-06-02 22:00:00.000,39.768543
2023-06-03 00:00:00.000,22.477613
2023-06-03 02:00:00.000,15.347228
2023-06-03 04:00:00.000,18.836557
2023-06-03 06:00:00.000,30.985828
2023-06-03 08:00:00.000,40.963375
2023-06-03 10:00:00.000,42.657284
2023-06-03 12:00:00.000,41.84777
2023-06-03 14:00:00.000,38.452038
2023-06-03 16:00:00.000,36.103027
2023-06-03 18:00:00.000,41.070908
2023-06-03 20:00:00.000,51.097202
2023-06-03 22:00:00.000,41.12528
2023-06-04 00:00:00.000,23.687313
2023-06-04 02:00:00.000,15.514018
2023-06-04 04:00:00.000,18.400486
2023-06-04 06:00:00.000,30.226974
2023-06-04 08:00:00.000,41.552834
2023-06-04 10:00:00.000,43.46523
2023-06-04 12:00:00.000,42.921288
2023-06-04 14:00:00.000,39.948357
2023-06-04 16:00:00.000,38.263073
2023-06-04 18:00:00.000,43.95626
2023-06-04 20:00:00.000,52.498985
2023-06-04 22:00:00.000,41.254543
2023-06-05 00:00:00.000,23.382233
2023-06-05 02:00:00.000,16.357443
2023-06-05 04:00:00.000,20.54648
2023-06-05 06:00:00.000,32.51166
2023-06-05 08:00:00.000,41.909016
2023-06-05 10:00:00.000,43.45852
2023-06-05 12:00:00.000,42.37854
2023-06-05 14:00:00.000,39.907925
2023-06-05 16:00:00.000,38.59599
2023-06-05 18:00:00.000,45.259518
2023-06-05 20:00:00.000,53.66356
2023-06-05 22:00:00.000,39.77642
2023-06-06 00:00:00.000,21.799921
2023-06-06 02:00:00.000,15.679564
2023-06-06 04:00:00.000,20.590488
2023-06-06 06:00:00.000,32.408535
2023-06-06 08:00:00.000,41.065086
2023-06-06 10:00:00.000,41.964996
2023-06-06 12:00:00.000,40.754925
2023-06-06 14:00:00.000,38.592884
2023-06-06 16:00:00.000,37.714367
2023-06-06 18:00:00.000,43.979885
2023-06-06 20:00:00.000,53.084293
2023-06-06 22:00:00.000,39.535522
2023-06-07 00:00:00.000,21.923512
2023-06-07 02:00:00.000,15.836229
2023-06-07 04:00:00.000,20.663992
2023-06-07 06:00:00.000,32.675858
2023-06-07 08:00:00.000,41.60306
2023-06-07 10:00:00.000,43.034164
2023-06-07 12:00:00.000,41.427326
2023-06-07 14:00:00.000,38.80361
2023-06-07 16:00:00.000,38.29558
2023-06-07 18:00:00.000,44.739178
2023-06-07 20:00:00.000,53.456615
2023-06-07 22:00:00.000,39.328754
2023-06-08 00:00:00.000,21.74804
2023-06-08 02:00:00.000,15.831894
2023-06-08 04:00:00.000,20.594465
2023-06-08 06:00:00.000,32.519478
2023-06-08 08:00:00.000,40.894516
2023-06-08 10:00:00.000,42.02531
2023-06-08 12:00:00.000,40.48465
2023-06-08 14:00:00.000,37.712154
2023-06-08 16:00:00.000,37.018616
2023-06-08 18:00:00.000,43.07404
2023-06-08 20:00:00.000,52.066032
2023-06-08 22:00:00.000,39.393456
2023-06-09 00:00:00.000,21.711618
2023-06-09 02:00:00.000,15.694657
2023-06-09 04:00:00.000,20.345419
2023-06-09 06:00:00.000,32.05611
2023-06-09 08:00:00.000,40.263313
2023-06-09 10:00:00.000,41.294678
2023-06-09 12:00:00.000,40.170532
2023-06-09 14:00:00.000,37.0516
2023-06-09 16:00:00.000,35.77521
2023-06-09 18:00:00.000,41.59826
2023-06-09 20:00:00.000,51.08796
2023-06-09 22:00:00.000,39.441998
2023-06-10 00:00:00.000,22.012943
2023-06-10 02:00:00.000,14.829041
2023-06-10 04:00:00.000,18.272572
2023-06-10 06:00:00.000,30.034525
2023-06-10 08:00:00.000,39.25587
2023-06-10 10:00:00.000,40.291332
2023-06-10 12:00:00.000,39.699154
2023-06-10 14:00:00.000,36.74681
2023-06-10 16:00:00.000,34.968002
2023-06-10 18:00:00.000,39.91758
2023-06-10 20:00:00.000,49.33229
2023-06-10 22:00:00.000,39.58796
2023-06-11 00:00:00.000,23.059078
2023-06-11 02:00:00.000,15.023397
2023-06-11 04:00:00.000,17.536493
2023-06-11 06:00:00.000,28.749695
2023-06-11 08:00:00.000,39.111294
2023-06-11 10:00:00.000,40.57919
2023-06-11 12:00:00.000,40.12284
2023-06-11 14:00:00.000,37.515217
2023-06-11 16:00:00.000,35.802536
2023-06-11 18:00:00.000,41.051815
2023-06-11 20:00:00.000,50.34284
2023-06-11 22:00:00.000,40.874004
2023-06-12 00:00:00.000,23.3158
2023-06-12 02:00:00.000,15.747644
2023-06-12 04:00:00.000,19.157692
2023-06-12 06:00:00.000,31.754332
2023-06-12 08:00:00.000,44.2224
2023-06-12 10:00:00.000,45.32943
2023-06-12 12:00:00.000,42.419167
2023-06-12 14:00:00.000,39.32821
2023-06-12 16:00:00.000,37.921547
2023-06-12 18:00:00.000,43.33266
2023-06-12 20:00:00.000,52.533752
2023-06-12 22:00:00.000,41.086834
2023-06-13 00:00:00.000,22.52093
2023-06-13 02:00:00.000,15.739094
2023-06-13 04:00:00.000,20.131353
2023-06-13 06:00:00.000,32.118496
2023-06-13 08:00:00.000,41.358444
2023-06-13 10:00:00.000,42.71646
2023-06-13 12:00:00.000,40.874916
2023-06-13 14:00:00.000,38.302788
2023-06-13 16:00:00.000,37.339806
2023-06-13 18:00:00.000,43.66038
2023-06-13 20:00:00.000,52.86339
2023-06-13 22:00:00.000,39.83246
2023-06-14 00:00:00.000,21.616335
2023-06-14 02:00:00.000,15.480496
2023-06-14 04:00:00.000,20.239136
2023-06-14 06:00:00.000,32.130875
2023-06-14 08:00:00.000,40.503647
2023-06-14 10:00:00.000,41.56181
2023-06-14 12:00:00.000,39.93934
2023-06-14 14:00:00.000,37.52114
2023-06-14 16:00:00.000,36.643658
2023-06-14 18:00:00.000,42.957687
2023-06-14 20:00:00.000,52.746517
2023-06-14 22:00:00.000,40.43037
2023-06-15 00:00:00.000,22.212805
2023-06-15 02:00:00.000,15.769925
2023-06-15 04:00:00.000,20.114893
2023-06-15 06:00:00.000,31.78567
2023-06-15 08:00:00.000,40.384605
2023-06-15 10:00:00.000,41.51619
2023-06-15 12:00:00.000,39.819683
2023-06-15 14:00:00.000,37.28901
2023-06-15 16:00:00.000,36.307087
2023-06-15 18:00:00.000,42.153687
2023-06-15 20:00:00.000,52.31983
2023-06-15 22:00:00.000,40.2382
2023-06-16 00:00:00.000,22.091276
2023-06-16 02:00:00.000,15.479423
2023-06-16 04:00:00.000,19.556028
2023-06-16 06:00:00.000,31.050842
2023-06-16 08:00:00.000,40.11109
2023-06-16 10:00:00.000,40.970364
2023-06-16 12:00:00.000,39.413902
2023-06-16 14:00:00.000,36.580883
2023-06-16 16:00:00.000,35.231953
2023-06-16 18:00:00.000,40.91455
2023-06-16 20:00:00.000,51.2647
2023-06-16 22:00:00.000,40.908886
2023-06-17 00:00:00.000,22.880045
2023-06-17 02:00:00.000,15.140144
2023-06-17 04:00:00.000,18.259645
2023-06-17 06:00:00.000,29.667784
2023-06-17 08:00:00.000,38.679066
2023-06-17 10:00:00.000,39.730747
2023-06-17 12:00:00.000,39.028774
2023-06-17 14:00:00.000,35.833477
2023-06-17 16:00:00.000,33.63797
2023-06-17 18:00:00.000,38.658497
2023-06-17 20:00:00.000,49.901398
2023-06-17 22:00:00.000,41.645805
2023-06-18 00:00:00.000,23.695982
2023-06-18 02:00:00.000,15.248673
2023-06-18 04:00:00.000,17.333092
2023-06-18 06:00:00.000,28.429716
2023-06-18 08:00:00.000,39.561527
2023-06-18 10:00:00.000,41.16962
2023-06-18 12:00:00.000,40.833344
2023-06-18 14:00:00.000,38.1683
2023-06-18 16:00:00.000,36.823917
2023-06-18 18:00:00.000,42.212997
2023-06-18 20:00:00.000,51.91575
2023-06-18 22:00:00.000,41.40197
2023-06-19 00:00:00.000,23.45109
2023-06-19 02:00:00.000,15.9756775
2023-06-19 04:00:00.000,19.98802
2023-06-19 06:00:00.000,31.828762
2023-06-19 08:00:00.000,41.03328
2023-06-19 10:00:00.000,42.231483
2023-06-19 12:00:00.000,41.03585
2023-06-19 14:00:00.000,38.23389
2023-06-19 16:00:00.000,37.21715
2023-06-19 18:00:00.000,43.091007
2023-06-19 20:00:00.000,52.77143
2023-06-19 22:00:00.000,40.070015
2023-06-20 00:00:00.000,21.68134
2023-06-20 02:00:00.000,15.319895
2023-06-20 04:00:00.000,19.622122
2023-06-20 06:00:00.000,31.911924
2023-06-20 08:00:00.000,41.403854
2023-06-20 10:00:00.000,42.867252
2023-06-20 12:00:00.000,41.327263
2023-06-20 14:00:00.000,38.518738
2023-06-20 16:00:00.000,37.77841
2023-06-20 18:00:00.000,43.73511
2023-06-20 20:00:00.000,53.123352
2023-06-20 22:00:00.000,40.31027
2023-06-21 00:00:00.000,22.172325
2023-06-21 02:00:00.000,15.706636
2023-06-21 04:00:00.000,19.819448
2023-06-21 06:00:00.000,31.926743
2023-06-21 08:00:00.000,40.781002
2023-06-21 10:00:00.000,41.769802
2023-06-21 12:00:00.000,40.18302
2023-06-21 14:00:00.000,37.133945
2023-06-21 16:00:00.000,36.235573
2023-06-21 18:00:00.000,42.508026
2023-06-21 20:00:00.000,52.57692
2023-06-21 22:00:00.000,39.911484
2023-06-22 00:00:00.000,21.836178
2023-06-22 02:00:00.000,15.110114
2023-06-22 04:00:00.000,19.595663
2023-06-22 06:00:00.000,31.85192
2023-06-22 08:00:00.000,40.826572
2023-06-22 10:00:00.000,41.973938
2023-06-22 12:00:00.000,40.53534
2023-06-22 14:00:00.000,37.50535
2023-06-22 16:00:00.000,36.45577
2023-06-22 18:00:00.000,42.787983
2023-06-22 20:00:00.000,52.49455
2023-06-22 22:00:00.000,39.730133
2023-06-23 00:00:00.000,21.829529
2023-06-23 02:00:00.000,15.0203905
2023-06-23 04:00:00.000,19.312088
2023-06-23 06:00:00.000,31.621248
2023-06-23 08:00:00.000,41.259926
2023-06-23 10:00:00.000,42.23701
2023-06-23 12:00:00.000,40.47881
2023-06-23 14:00:00.000,36.886757
2023-06-23 16:00:00.000,35.34754
2023-06-23 18:00:00.000,41.278023
2023-06-23 20:00:00.000,51.68566
2023-06-23 22:00:00.000,40.945774
2023-06-24 00:00:00.000,23.75784
2023-06-24 02:00:00.000,15.501711
2023-06-24 04:00:00.000,18.12582
2023-06-24 06:00:00.000,29.790888
2023-06-24 08:00:00.000,40.56871
2023-06-24 10:00:00.000,42.66966
2023-06-24 12:00:00.000,42.311356
2023-06-24 14:00:00.000,38.400017
2023-06-24 16:00:00.000,36.295258
2023-06-24 18:00:00.000,41.13374
2023-06-24 20:00:00.000,50.86818
2023-06-24 22:00:00.000,41.016113
2023-06-25 00:00:00.000,24.075972
2023-06-25 02:00:00.000,15.299804
2023-06-25 04:00:00.000,17.692028
2023-06-25 06:00:00.000,29.291708
2023-06-25 08:00:00.000,40.791607
2023-06-25 10:00:00.000,42.907333
2023-06-25 12:00:00.000,42.40647
2023-06-25 14:00:00.000,39.137314
2023-06-25 16:00:00.000,37.385746
2023-06-25 18:00:00.000,43.078136
2023-06-25 20:00:00.000,52.73949
2023-06-25 22:00:00.000,41.180435
2023-06-26 00:00:00.000,23.263626
2023-06-26 02:00:00.000,15.965646
2023-06-26 04:00:00.000,20.096817
2023-06-26 06:00:00.000,32.600742
2023-06-26 08:00:00.000,42.42866
2023-06-26 10:00:00.000,43.401867
2023-06-26 12:00:00.000,41.51743
2023-06-26 14:00:00.000,38.52704
2023-06-26 16:00:00.000,37.461678
2023-06-26 18:00:00.000,43.796326
2023-06-26 20:00:00.000,53.571342
2023-06-26 22:00:00.000,40.410122
2023-06-27 00:00:00.000,22.202164
2023-06-27 02:00:00.000,15.546722
2023-06-27 04:00:00.000,19.762491
2023-06-27 06:00:00.000,32.464134
2023-06-27 08:00:00.000,42.25308
2023-06-27 10:00:00.000,43.6447
2023-06-27 12:00:00.000,40.922333
2023-06-27 14:00:00.000,37.775417
2023-06-27 16:00:00.000,37.223057
2023-06-27 18:00:00.000,44.003754
2023-06-27 20:00:00.000,53.819607
2023-06-27 22:00:00.000,40.298176
2023-06-28 00:00:00.000,22.037865
2023-06-28 02:00:00.000,15.4661875
2023-06-28 04:00:00.000,19.391754
2023-06-28 06:00:00.000,31.414139
2023-06-28 08:00:00.000,41.251232
2023-06-28 10:00:00.000,42.37236
2023-06-28 12:00:00.000,40.676075
2023-06-28 14:00:00.000,37.72307
2023-06-28 16:00:00.000,36.641113
2023-06-28 18:00:00.000,43.225544
2023-06-28 20:00:00.000,53.45049
2023-06-28 22:00:00.000,40.248577
2023-06-29 00:00:00.000,22.085722
2023-06-29 02:00:00.000,15.348646
2023-06-29 04:00:00.000,19.037443
2023-06-29 06:00:00.000,30.414774
2023-06-29 08:00:00.000,40.234745
2023-06-29 10:00:00.000,42.042065
2023-06-29 12:00:00.000,40.831326
2023-06-29 14:00:00.000,37.96758
2023-06-29 16:00:00.000,37.40751
2023-06-29 18:00:00.000,44.65163
2023-06-29 20:00:00.000,54.418037
2023-06-29 22:00:00.000,40.929173
2023-06-30 00:00:00.000,22.474403
2023-07-01 02:00:00.000,15.016776
2023-07-01 04:00:00.000,17.92353
2023-07-01 06:00:00.000,29.618334
2023-07-01 08:00:00.000,39.783558
2023-07-01 10:00:00.000,40.673054
2023-07-01 12:00:00.000,39.878395
2023-07-01 14:00:00.000,36.40852
2023-07-01 16:00:00.000,34.739017
2023-07-01 18:00:00.000,40.22045
2023-07-01 20:00:00.000,52.522434
2023-07-01 22:00:00.000,43.66687
2023-07-02 00:00:00.000,25.048382
2023-07-02 02:00:00.000,15.766759
2023-07-02 04:00:00.000,17.615822
2023-07-02 06:00:00.000,28.65547
2023-07-02 08:00:00.000,39.76691
2023-07-02 10:00:00.000,41.294643
2023-07-02 12:00:00.000,40.944164
2023-07-02 14:00:00.000,37.9903
2023-07-02 16:00:00.000,36.68298
2023-07-02 18:00:00.000,42.47492
2023-07-02 20:00:00.000,53.454205
2023-07-02 22:00:00.000,42.757416
2023-07-03 00:00:00.000,24.151981
2023-07-03 02:00:00.000,16.090866
2023-07-03 04:00:00.000,19.99551
2023-07-03 06:00:00.000,32.414368
2023-07-03 08:00:00.000,42.441074
2023-07-03 10:00:00.000,42.795155
2023-07-03 12:00:00.000,40.600132
2023-07-03 14:00:00.000,37.10728
2023-07-03 16:00:00.000,35.644
2023-07-03 18:00:00.000,41.774258
2023-07-03 20:00:00.000,53.81258
2023-07-03 22:00:00.000,41.73777
2023-07-04 00:00:00.000,22.942287
2023-07-04 02:00:00.000,15.753498
2023-07-04 04:00:00.000,20.03068
2023-07-04 06:00:00.000,32.34042
2023-07-04 08:00:00.000,41.99362
2023-07-04 10:00:00.000,42.47879
2023-07-04 12:00:00.000,40.485924
2023-07-04 14:00:00.000,36.8678
2023-07-04 16:00:00.000,35.010597
2023-07-04 18:00:00.000,41.23809
2023-07-04 20:00:00.000,53.90738
2023-07-04 22:00:00.000,41.916504
2023-07-05 00:00:00.000,23.140196
2023-07-05 02:00:00.000,15.780151
2023-07-05 04:00:00.000,20.121937
2023-07-05 06:00:00.000,32.63352
2023-07-05 08:00:00.000,41.77075
2023-07-05 10:00:00.000,41.626312
2023-07-05 12:00:00.000,39.938976
2023-07-05 14:00:00.000,36.43653
2023-07-05 16:00:00.000,35.014034
2023-07-05 18:00:00.000,41.326965
2023-07-05 20:00:00.000,53.081707
2023-07-05 22:00:00.000,41.23105
2023-07-06 00:00:00.000,22.720848
2023-07-06 02:00:00.000,15.623236
2023-07-06 04:00:00.000,19.939007
2023-07-06 06:00:00.000,32.754356
2023-07-06 08:00:00.000,42.299595
2023-07-06 10:00:00.000,42.01858
2023-07-06 12:00:00.000,40.10912
2023-07-06 14:00:00.000,36.677197
2023-07-06 16:00:00.000,34.7838
2023-07-06 18:00:00.000,41.065468
2023-07-06 20:00:00.000,53.07309
2023-07-06 22:00:00.000,41.576538
2023-07-07 00:00:00.000,22.863564
2023-07-07 02:00:00.000,15.886228
2023-07-07 04:00:00.000,19.815086
2023-07-07 06:00:00.000,32.67452
2023-07-07 08:00:00.000,42.384296
2023-07-07 10:00:00.000,42.369404
2023-07-07 12:00:00.000,40.266098
2023-07-07 14:00:00.000,36.374302
2023-07-07 16:00:00.000,34.47535
2023-07-07 18:00:00.000,40.332714
2023-07-07 20:00:00.000,52.502625
2023-07-07 22:00:00.000,42.060318
2023-07-08 00:00:00.000,23.778
2023-07-08 02:00:00.000,14.917828
2023-07-08 04:00:00.000,17.330503
2023-07-08 06:00:00.000,29.126234
2023-07-08 08:00:00.000,39.331104
2023-07-08 10:00:00.000,40.267693
2023-07-08 12:00:00.000,39.354214
2023-07-08 14:00:00.000,35.53592
2023-07-08 16:00:00.000,33.489944
2023-07-08 18:00:00.000,38.856693
2023-07-08 20:00:00.000,50.88788
2023-07-08 22:00:00.000,42.21568
2023-07-09 00:00:00.000,24.248173
2023-07-09 02:00:00.000,15.353422
2023-07-09 04:00:00.000,17.007303
2023-07-09 06:00:00.000,28.407074
2023-07-09 08:00:00.000,39.936226
2023-07-09 10:00:00.000,41.903854
2023-07-09 12:00:00.000,41.13886
2023-07-09 14:00:00.000,38.289047
2023-07-09 16:00:00.000,36.842327
2023-07-09 18:00:00.000,42.42041
2023-07-09 20:00:00.000,52.634075
2023-07-09 22:00:00.000,41.545475
2023-07-10 00:00:00.000,23.466438
2023-07-10 02:00:00.000,15.8879595
2023-07-10 04:00:00.000,20.038368
2023-07-10 06:00:00.000,32.57866
2023-07-10 08:00:00.000,42.957626
2023-07-10 10:00:00.000,43.60349
2023-07-10 12:00:00.000,41.23659
2023-07-10 14:00:00.000,37.281567
2023-07-10 16:00:00.000,36.368164
2023-07-10 18:00:00.000,43.186127
2023-07-10 20:00:00.000,53.795155
2023-07-10 22:00:00.000,40.330143
2023-07-11 00:00:00.000,22.24608
2023-07-11 02:00:00.000,15.446741
2023-07-11 04:00:00.000,19.621874
2023-07-11 06:00:00.000,32.424377
2023-07-11 08:00:00.000,42.586754
2023-07-11 10:00:00.000,42.957626
2023-07-11 12:00:00.000,40.607334
2023-07-11 14:00:00.000,37.251553
2023-07-11 16:00:00.000,36.106384
2023-07-11 18:00:00.000,42.859642
2023-07-11 20:00:00.000,53.692173
2023-07-11 22:00:00.000,40.71546
2023-07-12 00:00:00.000,22.512901
2023-07-12 02:00:00.000,15.794973
2023-07-12 04:00:00.000,19.930794
2023-07-12 06:00:00.000,32.864605
2023-07-12 08:00:00.000,42.528095
2023-07-12 10:00:00.000,43.28624
2023-07-12 12:00:00.000,40.03445
2023-07-12 14:00:00.000,36.793587
2023-07-12 16:00:00.000,35.990982
2023-07-12 18:00:00.000,42.296116
2023-07-12 20:00:00.000,53.042225
2023-07-12 22:00:00.000,40.219852
2023-07-13 00:00:00.000,22.448019
2023-07-13 02:00:00.000,15.486775
2023-07-13 04:00:00.000,19.512857
2023-07-13 06:00:00.000,32.171463
2023-07-13 08:00:00.000,41.960087
2023-07-13 10:00:00.000,42.246166
2023-07-13 12:00:00.000,40.27362
2023-07-13 14:00:00.000,36.916573
2023-07-13 16:00:00.000,36.12925
2023-07-13 18:00:00.000,42.60581
2023-07-13 20:00:00.000,52.872746
2023-07-13 22:00:00.000,40.632027
2023-07-14 00:00:00.000,22.259277
2023-07-14 02:00:00.000,15.362468
2023-07-14 04:00:00.000,19.283533
2023-07-14 06:00:00.000,31.708582
2023-07-14 08:00:00.000,41.66366
2023-07-14 10:00:00.000,41.233097
2023-07-14 12:00:00.000,39.422516
2023-07-14 14:00:00.000,35.79094
2023-07-14 16:00:00.000,34.447556
2023-07-14 18:00:00.000,40.870365
2023-07-14 20:00:00.000,52.084496
2023-07-14 22:00:00.000,41.227455
2023-07-15 00:00:00.000,23.327202
2023-07-15 02:00:00.000,15.369092
2023-07-15 04:00:00.000,17.997248
2023-07-15 06:00:00.000,29.84719
2023-07-15 08:00:00.000,39.985806
2023-07-15 10:00:00.000,40.640656
2023-07-15 12:00:00.000,39.78891
2023-07-15 14:00:00.000,35.91411
2023-07-15 16:00:00.000,33.502926
2023-07-15 18:00:00.000,39.31478
2023-07-15 20:00:00.000,50.438503
2023-07-15 22:00:00.000,41.807476
2023-07-16 00:00:00.000,24.268574
2023-07-16 02:00:00.000,15.344139
2023-07-16 04:00:00.000,17.221743
2023-07-16 06:00:00.000,28.024559
2023-07-16 08:00:00.000,39.107674
2023-07-16 10:00:00.000,40.864292
2023-07-16 12:00:00.000,40.722748
2023-07-16 14:00:00.000,37.53091
2023-07-16 16:00:00.000,36.22202
2023-07-16 18:00:00.000,41.911892
2023-07-16 20:00:00.000,52.060543
2023-07-16 22:00:00.000,41.25243
2023-07-17 00:00:00.000,23.242031
2023-07-17 02:00:00.000,15.196959
2023-07-17 04:00:00.000,18.977419
2023-07-17 06:00:00.000,31.14798
2023-07-17 08:00:00.000,41.09053
2023-07-17 10:00:00.000,41.391357
2023-07-17 12:00:00.000,39.809555
2023-07-17 14:00:00.000,36.5817
2023-07-17 16:00:00.000,35.428482
2023-07-17 18:00:00.000,42.006184
2023-07-17 20:00:00.000,53.17672
2023-07-17 22:00:00.000,40.679146
2023-07-18 00:00:00.000,22.6347
2023-07-18 02:00:00.000,15.845874
2023-07-18 04:00:00.000,20.04527
2023-07-18 06:00:00.000,32.607883
2023-07-18 08:00:00.000,42.367065
2023-07-18 10:00:00.000,42.105076
2023-07-18 12:00:00.000,40.026474
2023-07-18 14:00:00.000,37.671562
2023-07-18 16:00:00.000,36.538265
2023-07-18 18:00:00.000,43.65332
2023-07-18 20:00:00.000,54.150673
2023-07-18 22:00:00.000,40.799232
2023-07-19 00:00:00.000,22.980433
2023-07-19 02:00:00.000,15.87583
2023-07-19 04:00:00.000,19.466091
2023-07-19 06:00:00.000,32.21553
2023-07-19 08:00:00.000,42.58933
2023-07-19 10:00:00.000,42.40199
2023-07-19 12:00:00.000,40.06677
2023-07-19 14:00:00.000,36.769283
2023-07-19 16:00:00.000,36.068447
2023-07-19 18:00:00.000,42.47195
2023-07-19 20:00:00.000,52.84575
2023-07-19 22:00:00.000,40.695087
2023-07-20 00:00:00.000,22.910471
2023-07-20 02:00:00.000,15.869327
2023-07-20 04:00:00.000,20.00909
2023-07-20 06:00:00.000,32.446438
2023-07-20 08:00:00.000,41.90031
2023-07-20 10:00:00.000,41.810627
2023-07-20 12:00:00.000,39.579445
2023-07-20 14:00:00.000,36.27031
2023-07-20 16:00:00.000,34.96878
2023-07-20 18:00:00.000,41.358944
2023-07-20 20:00:00.000,52.91803
2023-07-20 22:00:00.000,40.72869
2023-07-21 00:00:00.000,22.710138
2023-07-21 02:00:00.000,15.852173
2023-07-21 04:00:00.000,19.754665
2023-07-21 06:00:00.000,31.600567
2023-07-21 08:00:00.000,41.41688
2023-07-21 10:00:00.000,41.27702
2023-07-21 12:00:00.000,39.421112
2023-07-21 14:00:00.000,35.793777
2023-07-21 16:00:00.000,34.187687
2023-07-21 18:00:00.000,40.131836
2023-07-21 20:00:00.000,51.66646
2023-07-21 22:00:00.000,41.128815
2023-07-22 00:00:00.000,23.118904
2023-07-22 02:00:00.000,15.197843
2023-07-22 04:00:00.000,17.9064
2023-07-22 06:00:00.000,29.861448
2023-07-22 08:00:00.000,39.64305
2023-07-22 10:00:00.000,39.821884
2023-07-22 12:00:00.000,39.048695
2023-07-22 14:00:00.000,35.413036
2023-07-22 16:00:00.000,33.51122
2023-07-22 18:00:00.000,39.111603
2023-07-22 20:00:00.000,51.09132
2023-07-22 22:00:00.000,41.919315
2023-07-23 00:00:00.000,24.430056
2023-07-23 02:00:00.000,15.311121
2023-07-23 04:00:00.000,16.746208
2023-07-23 06:00:00.000,28.006527
2023-07-23 08:00:00.000,39.182495
2023-07-23 10:00:00.000,40.927826
2023-07-23 12:00:00.000,40.8446
2023-07-23 14:00:00.000,38.10865
2023-07-23 16:00:00.000,36.784164
2023-07-23 18:00:00.000,42.601536
2023-07-23 20:00:00.000,53.406376
2023-07-23 22:00:00.000,41.91396
2023-07-24 00:00:00.000,23.700186
2023-07-24 02:00:00.000,16.16267
2023-07-24 04:00:00.000,19.980364
2023-07-24 06:00:00.000,32.492195
2023-07-24 08:00:00.000,42.99451
2023-07-24 10:00:00.000,42.81442
2023-07-24 12:00:00.000,40.756664
2023-07-24 14:00:00.000,37.112766
2023-07-24 16:00:00.000,35.995316
2023-07-24 18:00:00.000,42.62657
2023-07-24 20:00:00.000,53.215004
2023-07-24 22:00:00.000,40.44857
2023-07-25 00:00:00.000,22.418509
2023-07-25 02:00:00.000,15.534385
2023-07-25 04:00:00.000,19.672258
2023-07-25 06:00:00.000,32.169846
2023-07-25 08:00:00.000,42.162834
2023-07-25 10:00:00.000,41.51149
2023-07-25 12:00:00.000,39.3876
2023-07-25 14:00:00.000,35.761185
2023-07-25 16:00:00.000,34.4003
2023-07-25 18:00:00.000,41.6039
2023-07-25 20:00:00.000,53.079754
2023-07-25 22:00:00.000,41.447147
2023-07-26 00:00:00.000,23.26943
2023-07-26 02:00:00.000,15.88915
2023-07-26 04:00:00.000,19.871742
2023-07-26 06:00:00.000,32.646954
2023-07-26 08:00:00.000,42.713078
2023-07-26 10:00:00.000,42.957745
2023-07-26 12:00:00.000,41.28203
2023-07-26 14:00:00.000,37.765636
2023-07-26 16:00:00.000,36.400417
2023-07-26 18:00:00.000,43.57499
2023-07-26 20:00:00.000,55.13342
2023-07-26 22:00:00.000,42.67263
2023-07-27 00:00:00.000,24.56548
2023-07-27 02:00:00.000,16.644945
2023-07-27 04:00:00.000,20.260132
2023-07-27 06:00:00.000,32.94921
2023-07-27 08:00:00.000,42.693584
2023-07-27 10:00:00.000,42.359257
2023-07-27 12:00:00.000,40.951138
2023-07-27 14:00:00.000,37.425323
2023-07-27 16:00:00.000,35.63786
2023-07-27 18:00:00.000,40.934288
2023-07-27 20:00:00.000,52.913757
2023-07-27 22:00:00.000,41.78505
2023-07-28 00:00:00.000,24.244514
2023-07-28 02:00:00.000,16.349188
2023-07-28 04:00:00.000,19.86675
2023-07-28 06:00:00.000,32.391926
2023-07-28 08:00:00.000,43.64338
2023-07-28 10:00:00.000,43.93518
2023-07-28 12:00:00.000,42.439068
2023-07-28 14:00:00.000,38.286133
2023-07-28 16:00:00.000,36.470158
2023-07-28 18:00:00.000,43.13248
2023-07-28 20:00:00.000,54.997784
2023-07-28 22:00:00.000,43.483932
2023-07-29 00:00:00.000,24.710854
2023-07-29 02:00:00.000,16.301466
2023-07-29 04:00:00.000,18.326881
2023-07-29 06:00:00.000,29.915981
2023-07-29 08:00:00.000,40.872578
2023-07-29 10:00:00.000,43.05207
2023-07-29 12:00:00.000,42.477375
2023-07-29 14:00:00.000,38.748875
2023-07-29 16:00:00.000,36.656487
2023-07-29 18:00:00.000,42.055264
2023-07-29 20:00:00.000,53.44244
2023-07-29 22:00:00.000,45.042194
2023-07-30 00:00:00.000,26.689556
2023-07-30 02:00:00.000,16.925802
2023-07-30 04:00:00.000,18.420738
2023-07-30 06:00:00.000,29.92674
2023-07-30 08:00:00.000,41.577095
2023-07-30 10:00:00.000,43.54154
2023-07-30 12:00:00.000,43.39455
2023-07-30 14:00:00.000,39.8402
2023-07-30 16:00:00.000,37.848305
2023-07-30 18:00:00.000,43.896935
2023-07-30 20:00:00.000,55.450485
2023-07-30 22:00:00.000,44.63332
2023-07-31 00:00:00.000,25.777658
2023-08-01 02:00:00.000,16.64558
2023-08-01 04:00:00.000,20.78657
2023-08-01 06:00:00.000,34.04235
2023-08-01 08:00:00.000,44.280178
2023-08-01 10:00:00.000,44.30765
2023-08-01 12:00:00.000,42.39727
2023-08-01 14:00:00.000,38.770767
2023-08-01 16:00:00.000,37.540432
2023-08-01 18:00:00.000,44.808132
2023-08-01 20:00:00.000,57.12253
2023-08-01 22:00:00.000,44.171104
2023-08-02 00:00:00.000,24.733349
2023-08-02 02:00:00.000,16.833614
2023-08-02 04:00:00.000,21.051
2023-08-02 06:00:00.000,34.453682
2023-08-02 08:00:00.000,44.540863
2023-08-02 10:00:00.000,44.41607
2023-08-02 12:00:00.000,42.347656
2023-08-02 14:00:00.000,38.792675
2023-08-02 16:00:00.000,36.86073
2023-08-02 18:00:00.000,44.30514
2023-08-02 20:00:00.000,56.551876
2023-08-02 22:00:00.000,43.477375
2023-08-03 00:00:00.000,24.187057
2023-08-03 02:00:00.000,16.526672
2023-08-03 04:00:00.000,20.773138
2023-08-03 06:00:00.000,34.313847
2023-08-03 08:00:00.000,44.49208
2023-08-03 10:00:00.000,44.03468
2023-08-03 12:00:00.000,41.97946
2023-08-03 14:00:00.000,38.510975
2023-08-03 16:00:00.000,37.29277
2023-08-03 18:00:00.000,44.495876
2023-08-03 20:00:00.000,56.43828
2023-08-03 22:00:00.000,43.262127
2023-08-04 00:00:00.000,24.114311
2023-08-04 02:00:00.000,16.637384
2023-08-04 04:00:00.000,20.772484
2023-08-04 06:00:00.000,34.18709
2023-08-04 08:00:00.000,44.682587
2023-08-04 10:00:00.000,43.73885
2023-08-04 12:00:00.000,41.818966
2023-08-04 14:00:00.000,37.756886
2023-08-04 16:00:00.000,34.884293
2023-08-04 18:00:00.000,40.94258
2023-08-04 20:00:00.000,52.857224
2023-08-04 22:00:00.000,41.64093
2023-08-05 00:00:00.000,23.390299
2023-08-05 02:00:00.000,15.457467
2023-08-05 04:00:00.000,18.60302
2023-08-05 06:00:00.000,31.315348
2023-08-05 08:00:00.000,41.40145
2023-08-05 10:00:00.000,41.538433
2023-08-05 12:00:00.000,40.43484
2023-08-05 14:00:00.000,36.070255
2023-08-05 16:00:00.000,33.374454
2023-08-05 18:00:00.000,38.38894
2023-08-05 20:00:00.000,50.053154
2023-08-05 22:00:00.000,41.61747
2023-08-06 00:00:00.000,24.175013
2023-08-06 02:00:00.000,15.388093
2023-08-06 04:00:00.000,17.43142
2023-08-06 06:00:00.000,29.419924
2023-08-06 08:00:00.000,40.934074
2023-08-06 10:00:00.000,42.723698
2023-08-06 12:00:00.000,42.090893
2023-08-06 14:00:00.000,38.50243
2023-08-06 16:00:00.000,36.17679
2023-08-06 18:00:00.000,41.591328
2023-08-06 20:00:00.000,52.60863
2023-08-06 22:00:00.000,41.552944
2023-08-07 00:00:00.000,23.863245
2023-08-07 02:00:00.000,16.281818
2023-08-07 04:00:00.000,20.704407
2023-08-07 06:00:00.000,34.465874
2023-08-07 08:00:00.000,44.646492
2023-08-07 10:00:00.000,43.837437
2023-08-07 12:00:00.000,41.51449
2023-08-07 14:00:00.000,37.961464
2023-08-07 16:00:00.000,35.954624
2023-08-07 18:00:00.000,42.09083
2023-08-07 20:00:00.000,53.51838
2023-08-07 22:00:00.000,40.42201
2023-08-08 00:00:00.000,22.476767
2023-08-08 02:00:00.000,15.813945
2023-08-08 04:00:00.000,20.515581
2023-08-08 06:00:00.000,34.16954
2023-08-08 08:00:00.000,44.663242
2023-08-08 10:00:00.000,43.845627
2023-08-08 12:00:00.000,41.460163
2023-08-08 14:00:00.000,37.300827
2023-08-08 16:00:00.000,36.628677
2023-08-08 18:00:00.000,44.44789
2023-08-08 20:00:00.000,56.148483
2023-08-08 22:00:00.000,42.7055
2023-08-09 00:00:00.000,23.821053
2023-08-09 02:00:00.000,16.497938
2023-08-09 04:00:00.000,20.771069
2023-08-09 06:00:00.000,34.653774
2023-08-09 08:00:00.000,45.206165
2023-08-09 10:00:00.000,44.81893
2023-08-09 12:00:00.000,42.727444
2023-08-09 14:00:00.000,39.13046
2023-08-09 16:00:00.000,37.674076
2023-08-09 18:00:00.000,44.788586
2023-08-09 20:00:00.000,56.63125
2023-08-09 22:00:00.000,43.273983
2023-08-10 00:00:00.000,24.603495
2023-08-10 02:00:00.000,17.301598
2023-08-10 04:00:00.000,21.695053
2023-08-10 06:00:00.000,35.641403
2023-08-10 08:00:00.000,45.926685
2023-08-10 10:00:00.000,45.038414
2023-08-10 12:00:00.000,43.303555
2023-08-10 14:00:00.000,39.3721
2023-08-10 16:00:00.000,37.58461
2023-08-10 18:00:00.000,44.595154
2023-08-10 20:00:00.000,56.35176
2023-08-10 22:00:00.000,43.33317
2023-08-11 00:00:00.000,24.137747
2023-08-11 02:00:00.000,16.511003
2023-08-11 04:00:00.000,21.023739
2023-08-11 06:00:00.000,34.924362
2023-08-11 08:00:00.000,45.597614
2023-08-11 10:00:00.000,44.68232
2023-08-11 12:00:00.000,42.824883
2023-08-11 14:00:00.000,38.263123
2023-08-11 16:00:00.000,36.980904
2023-08-11 18:00:00.000,43.823757
2023-08-11 20:00:00.000,54.024364
2023-08-11 22:00:00.000,42.46624
2023-08-12 00:00:00.000,24.889133
2023-08-12 02:00:00.000,16.488668
2023-08-12 04:00:00.000,18.931639
2023-08-12 06:00:00.000,31.806314
2023-08-12 08:00:00.000,42.799477
2023-08-12 10:00:00.000,43.489975
2023-08-12 12:00:00.000,43.230778
2023-08-12 14:00:00.000,38.60005
2023-08-12 16:00:00.000,35.878925
2023-08-12 18:00:00.000,41.29583
2023-08-12 20:00:00.000,52.072517
2023-08-12 22:00:00.000,42.52391
2023-08-13 00:00:00.000,24.826624
2023-08-13 02:00:00.000,16.211504
2023-08-13 04:00:00.000,18.496866
2023-08-13 06:00:00.000,30.350107
2023-08-13 08:00:00.000,42.17876
2023-08-13 10:00:00.000,44.233643
2023-08-13 12:00:00.000,44.515263
2023-08-13 14:00:00.000,40.19291
2023-08-13 16:00:00.000,38.532803
2023-08-13 18:00:00.000,45.15127
2023-08-13 20:00:00.000,53.867935
2023-08-13 22:00:00.000,41.881702
2023-08-14 00:00:00.000,23.891966
2023-08-14 02:00:00.000,16.391014
2023-08-14 04:00:00.000,20.341825
2023-08-14 06:00:00.000,34.239746
2023-08-14 08:00:00.000,45.24571
2023-08-14 10:00:00.000,45.41196
2023-08-14 12:00:00.000,43.587616
2023-08-14 14:00:00.000,39.713776
2023-08-14 16:00:00.000,38.064392
2023-08-14 18:00:00.000,45.447514
2023-08-14 20:00:00.000,54.82381
2023-08-14 22:00:00.000,41.46187
2023-08-15 00:00:00.000,22.963686
2023-08-15 02:00:00.000,15.890831
2023-08-15 04:00:00.000,20.451965
2023-08-15 06:00:00.000,32.1973
2023-08-15 08:00:00.000,40.57376
2023-08-15 10:00:00.000,41.75892
2023-08-15 12:00:00.000,41.259945
2023-08-15 14:00:00.000,38.812424
2023-08-15 16:00:00.000,36.87197
2023-08-15 18:00:00.000,44.682617
2023-08-15 20:00:00.000,55.41098
2023-08-15 22:00:00.000,41.238136
2023-08-16 00:00:00.000,23.073614
2023-08-16 02:00:00.000,16.180885
2023-08-16 04:00:00.000,20.901825
2023-08-16 06:00:00.000,34.623417
2023-08-16 08:00:00.000,43.937042
2023-08-16 10:00:00.000,43.809303
2023-08-16 12:00:00.000,42.30396
2023-08-16 14:00:00.000,38.833115
2023-08-16 16:00:00.000,36.711185
2023-08-16 18:00:00.000,44.08425
2023-08-16 20:00:00.000,55.201714
2023-08-16 22:00:00.000,41.152615
2023-08-17 00:00:00.000,22.956253
2023-08-17 02:00:00.000,16.105284
2023-08-17 04:00:00.000,21.12333
2023-08-17 06:00:00.000,35.23833
2023-08-17 08:00:00.000,45.12495
2023-08-17 10:00:00.000,44.46368
2023-08-17 12:00:00.000,42.056816
2023-08-17 14:00:00.000,38.132732
2023-08-17 16:00:00.000,36.694714
2023-08-17 18:00:00.000,45.28723
2023-08-17 20:00:00.000,56.862057
2023-08-17 22:00:00.000,41.969536
2023-08-18 00:00:00.000,23.721882
2023-08-18 02:00:00.000,16.596985
2023-08-18 04:00:00.000,21.395039
2023-08-18 06:00:00.000,35.835606
2023-08-18 08:00:00.000,46.32001
2023-08-18 10:00:00.000,45.166904
2023-08-18 12:00:00.000,42.85997
2023-08-18 14:00:00.000,38.740982
2023-08-18 16:00:00.000,36.62691
2023-08-18 18:00:00.000,44.213596
2023-08-18 20:00:00.000,56.43776
2023-08-18 22:00:00.000,42.42204
2023-08-19 00:00:00.000,24.475283
2023-08-19 02:00:00.000,16.489693
2023-08-19 04:00:00.000,19.63719
2023-08-19 06:00:00.000,33.11055
2023-08-19 08:00:00.000,44.099804
2023-08-19 10:00:00.000,44.52718
2023-08-19 12:00:00.000,43.074577
2023-08-19 14:00:00.000,38.62341
2023-08-19 16:00:00.000,35.292355
2023-08-19 18:00:00.000,40.318584
2023-08-19 20:00:00.000,51.52771
2023-08-19 22:00:00.000,41.15113
2023-08-20 00:00:00.000,23.592413
2023-08-20 02:00:00.000,15.055416
2023-08-20 04:00:00.000,17.262993
2023-08-20 06:00:00.000,29.367243
2023-08-20 08:00:00.000,41.096394
2023-08-20 10:00:00.000,42.605408
2023-08-20 12:00:00.000,42.309837
2023-08-20 14:00:00.000,40.54675
2023-08-20 16:00:00.000,39.062
2023-08-20 18:00:00.000,44.997513
2023-08-20 20:00:00.000,54.38689
2023-08-20 22:00:00.000,41.48581
2023-08-21 00:00:00.000,23.731894
2023-08-21 02:00:00.000,16.469799
2023-08-21 04:00:00.000,21.160336
2023-08-21 06:00:00.000,35.621292
2023-08-21 08:00:00.000,46.671185
2023-08-21 10:00:00.000,45.60644
2023-08-21 12:00:00.000,43.527588
2023-08-21 14:00:00.000,39.996754
2023-08-21 16:00:00.000,38.84202
2023-08-21 18:00:00.000,47.501804
2023-08-21 20:00:00.000,57.923267
2023-08-21 22:00:00.000,42.636787
2023-08-22 00:00:00.000,23.57748
2023-08-22 02:00:00.000,16.535723
2023-08-22 04:00:00.000,21.418135
2023-08-22 06:00:00.000,36.03867
2023-08-22 08:00:00.000,46.286335
2023-08-22 10:00:00.000,45.25311
2023-08-22 12:00:00.000,43.092064
2023-08-22 14:00:00.000,39.623165
2023-08-22 16:00:00.000,38.891846
2023-08-22 18:00:00.000,48.3674
2023-08-22 20:00:00.000,58.8886
2023-08-22 22:00:00.000,43.35291
2023-08-23 00:00:00.000,23.56113
2023-08-23 02:00:00.000,16.494537
2023-08-23 04:00:00.000,20.954548
2023-08-23 06:00:00.000,35.621086
2023-08-23 08:00:00.000,46.37875
2023-08-23 10:00:00.000,45.22538
2023-08-23 12:00:00.000,42.3522
2023-08-23 14:00:00.000,37.789597
2023-08-23 16:00:00.000,38.57207
2023-08-23 18:00:00.000,48.00419
2023-08-23 20:00:00.000,58.53612
2023-08-23 22:00:00.000,42.95471
2023-08-24 00:00:00.000,23.34698
2023-08-24 02:00:00.000,16.177801
2023-08-24 04:00:00.000,20.697021
2023-08-24 06:00:00.000,35.50104
2023-08-24 08:00:00.000,46.399258
2023-08-24 10:00:00.000,45.453686
2023-08-24 12:00:00.000,42.826313
2023-08-24 14:00:00.000,39.382668
2023-08-24 16:00:00.000,38.8192
2023-08-24 18:00:00.000,48.128242
2023-08-24 20:00:00.000,57.5732
2023-08-24 22:00:00.000,40.09321
2023-08-25 00:00:00.000,22.583424
2023-08-25 02:00:00.000,15.935253
2023-08-25 04:00:00.000,20.382196
2023-08-25 06:00:00.000,34.474873
2023-08-25 08:00:00.000,44.06401
2023-08-25 10:00:00.000,42.85713
2023-08-25 12:00:00.000,40.21266
2023-08-25 14:00:00.000,36.77189
2023-08-25 16:00:00.000,36.006153
2023-08-25 18:00:00.000,45.812977
2023-08-25 20:00:00.000,54.72242
2023-08-25 22:00:00.000,40.47246
2023-08-26 00:00:00.000,22.625374
2023-08-26 02:00:00.000,15.436379
2023-08-26 04:00:00.000,18.861195
2023-08-26 06:00:00.000,32.26972
2023-08-26 08:00:00.000,43.004818
2023-08-26 10:00:00.000,42.80123
2023-08-26 12:00:00.000,42.026497
2023-08-26 14:00:00.000,37.769768
2023-08-26 16:00:00.000,36.215492
2023-08-26 18:00:00.000,43.385715
2023-08-26 20:00:00.000,51.994675
2023-08-26 22:00:00.000,41.444786
2023-08-27 00:00:00.000,24.248535
2023-08-27 02:00:00.000,15.595867
2023-08-27 04:00:00.000,17.766365
2023-08-27 06:00:00.000,30.27629
2023-08-27 08:00:00.000,42.260838
2023-08-27 10:00:00.000,43.749012
2023-08-27 12:00:00.000,43.640644
2023-08-27 14:00:00.000,40.661
2023-08-27 16:00:00.000,39.003933
2023-08-27 18:00:00.000,46.119
2023-08-27 20:00:00.000,54.455418
2023-08-27 22:00:00.000,41.493126
2023-08-28 00:00:00.000,23.79994
2023-08-28 02:00:00.000,16.522095
2023-08-28 04:00:00.000,21.29007
2023-08-28 06:00:00.000,36.31803
2023-08-28 08:00:00.000,47.342945
2023-08-28 10:00:00.000,46.11669
2023-08-28 12:00:00.000,43.584835
2023-08-28 14:00:00.000,40.536247
2023-08-28 16:00:00.000,39.843487
2023-08-28 18:00:00.000,48.34402
2023-08-28 20:00:00.000,57.162563
2023-08-28 22:00:00.000,40.64589
2023-08-29 00:00:00.000,22.595879
2023-08-29 02:00:00.000,16.500074
2023-08-29 04:00:00.000,21.61865
2023-08-29 06:00:00.000,36.775616
2023-08-29 08:00:00.000,47.60097
2023-08-29 10:00:00.000,45.45829
2023-08-29 12:00:00.000,42.641964
2023-08-29 14:00:00.000,39.692905
2023-08-29 16:00:00.000,39.495605
2023-08-29 18:00:00.000,48.377724
2023-08-29 20:00:00.000,58.420254
2023-08-29 22:00:00.000,43.241196
2023-08-30 00:00:00.000,24.267931
2023-08-30 02:00:00.000,17.309427
2023-08-30 04:00:00.000,21.732588
2023-08-30 06:00:00.000,36.194817
2023-08-30 08:00:00.000,46.686012
2023-08-30 10:00:00.000,46.537094
2023-08-30 12:00:00.000,44.038765
2023-08-30 14:00:00.000,41.149635
2023-08-30 16:00:00.000,40.439156
2023-08-30 18:00:00.000,49.416485
2023-08-30 20:00:00.000,59.392006
2023-08-30 22:00:00.000,43.836304
2023-08-31 00:00:00.000,24.010954
2023-09-01 02:00:00.000,16.376783
2023-09-01 04:00:00.000,22.160004
2023-09-01 06:00:00.000,35.50164
2023-09-01 08:00:00.000,40.398716
2023-09-01 10:00:00.000,42.206776
2023-09-01 12:00:00.000,43.32566
2023-09-01 14:00:00.000,40.450172
2023-09-01 16:00:00.000,39.273426
2023-09-01 18:00:00.000,48.50622
2023-09-01 20:00:00.000,58.3944
2023-09-01 22:00:00.000,42.588837
2023-09-02 00:00:00.000,23.475336
2023-09-02 02:00:00.000,15.725314
2023-09-02 04:00:00.000,19.89545
2023-09-02 06:00:00.000,34.171913
2023-09-02 08:00:00.000,45.02022
2023-09-02 10:00:00.000,45.684853
2023-09-02 12:00:00.000,45.638298
2023-09-02 14:00:00.000,41.43436
2023-09-02 16:00:00.000,39.140717
2023-09-02 18:00:00.000,46.024143
2023-09-02 20:00:00.000,55.72973
2023-09-02 22:00:00.000,44.3573
2023-09-03 00:00:00.000,26.249475
2023-09-03 02:00:00.000,16.361017
2023-09-03 04:00:00.000,18.709314
2023-09-03 06:00:00.000,32.235435
2023-09-03 08:00:00.000,44.592083
2023-09-03 10:00:00.000,46.174885
2023-09-03 12:00:00.000,45.423122
2023-09-03 14:00:00.000,41.930557
2023-09-03 16:00:00.000,39.717564
2023-09-03 18:00:00.000,47.32436
2023-09-03 20:00:00.000,54.408314
2023-09-03 22:00:00.000,39.565224
2023-09-04 00:00:00.000,22.453333
2023-09-04 02:00:00.000,16.224438
2023-09-04 04:00:00.000,21.793818
2023-09-04 06:00:00.000,34.456337
2023-09-04 08:00:00.000,39.62494
2023-09-04 10:00:00.000,39.573074
2023-09-04 12:00:00.000,41.008698
2023-09-04 14:00:00.000,40.230743
2023-09-04 16:00:00.000,39.647346
2023-09-04 18:00:00.000,48.71931
2023-09-04 20:00:00.000,55.077435
2023-09-04 22:00:00.000,37.766483
2023-09-05 00:00:00.000,20.291323
2023-09-05 02:00:00.000,15.605816
2023-09-05 04:00:00.000,21.767324
2023-09-05 06:00:00.000,34.796684
2023-09-05 08:00:00.000,39.25696
2023-09-05 10:00:00.000,39.630447
2023-09-05 12:00:00.000,40.887135
2023-09-05 14:00:00.000,40.5608
2023-09-05 16:00:00.000,40.645664
2023-09-05 18:00:00.000,50.19178
2023-09-05 20:00:00.000,57.05058
2023-09-05 22:00:00.000,37.55103
2023-09-06 00:00:00.000,19.869877
2023-09-06 02:00:00.000,15.223065
2023-09-06 04:00:00.000,21.599203
2023-09-06 06:00:00.000,34.558277
2023-09-06 08:00:00.000,38.779808
2023-09-06 10:00:00.000,39.09313
2023-09-06 12:00:00.000,40.812317
2023-09-06 14:00:00.000,40.30574
2023-09-06 16:00:00.000,41.26597
2023-09-06 18:00:00.000,49.943577
2023-09-06 20:00:00.000,56.11592
2023-09-06 22:00:00.000,37.472244
2023-09-07 00:00:00.000,19.75287
2023-09-07 02:00:00.000,15.5523
2023-09-07 04:00:00.000,21.684235
2023-09-07 06:00:00.000,34.741177
2023-09-07 08:00:00.000,40.01275
2023-09-07 10:00:00.000,41.223686
2023-09-07 12:00:00.000,41.87866
2023-09-07 14:00:00.000,40.752014
2023-09-07 16:00:00.000,41.931828
2023-09-07 18:00:00.000,51.315437
2023-09-07 20:00:00.000,56.693398
2023-09-07 22:00:00.000,38.503174
2023-09-08 00:00:00.000,20.697462
2023-09-08 02:00:00.000,16.07312
2023-09-08 04:00:00.000,22.653502
2023-09-08 06:00:00.000,37.131813
2023-09-08 08:00:00.000,44.28222
2023-09-08 10:00:00.000,44.199158
2023-09-08 12:00:00.000,43.647892
2023-09-08 14:00:00.000,40.99144
2023-09-08 16:00:00.000,40.85476
2023-09-08 18:00:00.000,50.789547
2023-09-08 20:00:00.000,58.632515
2023-09-08 22:00:00.000,40.870934
2023-09-09 00:00:00.000,22.115593
2023-09-09 02:00:00.000,15.838831
2023-09-09 04:00:00.000,20.998102
2023-09-09 06:00:00.000,36.383533
2023-09-09 08:00:00.000,46.446327
2023-09-09 10:00:00.000,46.18489
2023-09-09 12:00:00.000,45.139835
2023-09-09 14:00:00.000,40.44675
2023-09-09 16:00:00.000,38.973682
2023-09-09 18:00:00.000,46.665024
2023-09-09 20:00:00.000,54.698708
2023-09-09 22:00:00.000,41.783337
2023-09-10 00:00:00.000,23.81639
2023-09-10 02:00:00.000,15.908266
2023-09-10 04:00:00.000,19.243166
2023-09-10 06:00:00.000,33.36971
2023-09-10 08:00:00.000,45.724243
2023-09-10 10:00:00.000,46.91743
2023-09-10 12:00:00.000,45.974598
2023-09-10 14:00:00.000,41.571575
2023-09-10 16:00:00.000,40.3538
2023-09-10 18:00:00.000,47.449253
2023-09-10 20:00:00.000,53.842037
2023-09-10 22:00:00.000,39.151436
2023-09-11 00:00:00.000,21.565094
2023-09-11 02:00:00.000,16.479406
2023-09-11 04:00:00.000,22.795914
2023-09-11 06:00:00.000,36.46037
2023-09-11 08:00:00.000,42.849037
2023-09-11 10:00:00.000,42.283287
2023-09-11 12:00:00.000,43.00659
2023-09-11 14:00:00.000,40.874405
2023-09-11 16:00:00.000,40.800957
2023-09-11 18:00:00.000,50.55
2023-09-11 20:00:00.000,57.46712
2023-09-11 22:00:00.000,38.958965
2023-09-12 00:00:00.000,20.478699
2023-09-12 02:00:00.000,15.761741
2023-09-12 04:00:00.000,22.662874
2023-09-12 06:00:00.000,37.383625
2023-09-12 08:00:00.000,42.839108
2023-09-12 10:00:00.000,42.45503
2023-09-12 12:00:00.000,42.29014
2023-09-12 14:00:00.000,40.69203
2023-09-12 16:00:00.000,40.80118
2023-09-12 18:00:00.000,49.905533
2023-09-12 20:00:00.000,54.345917
2023-09-12 22:00:00.000,36.10379
2023-09-13 00:00:00.000,19.06076
2023-09-13 02:00:00.000,14.936208
2023-09-13 04:00:00.000,21.726948
2023-09-13 06:00:00.000,35.12138
2023-09-13 08:00:00.000,40.22662
2023-09-13 10:00:00.000,39.22549
2023-09-13 12:00:00.000,39.093693
2023-09-13 14:00:00.000,38.803474
2023-09-13 16:00:00.000,39.770035
2023-09-13 18:00:00.000,49.440163
2023-09-13 20:00:00.000,56.335747
2023-09-13 22:00:00.000,37.746166
2023-09-14 00:00:00.000,20.269175
2023-09-14 02:00:00.000,15.372615
2023-09-14 04:00:00.000,22.457977
2023-09-14 06:00:00.000,36.25923
2023-09-14 08:00:00.000,41.597214
2023-09-14 10:00:00.000,40.64725
2023-09-14 12:00:00.000,40.198086
2023-09-14 14:00:00.000,39.489803
2023-09-14 16:00:00.000,40.390015
2023-09-14 18:00:00.000,50.87743
2023-09-14 20:00:00.000,57.367867
2023-09-14 22:00:00.000,38.49645
2023-09-15 00:00:00.000,20.61331
2023-09-15 02:00:00.000,16.074812
2023-09-15 04:00:00.000,22.81266
2023-09-15 06:00:00.000,36.38718
2023-09-15 08:00:00.000,42.268208
2023-09-15 10:00:00.000,42.04789
2023-09-15 12:00:00.000,42.163548
2023-09-15 14:00:00.000,39.697956
2023-09-15 16:00:00.000,39.87017
2023-09-15 18:00:00.000,50.56076
2023-09-15 20:00:00.000,57.265297
2023-09-15 22:00:00.000,40.936058
2023-09-16 00:00:00.000,22.429588
2023-09-16 02:00:00.000,15.695757
2023-09-16 04:00:00.000,20.961735
2023-09-16 06:00:00.000,35.994175
2023-09-16 08:00:00.000,44.808216
2023-09-16 10:00:00.000,44.178562
2023-09-16 12:00:00.000,43.069714
2023-09-16 14:00:00.000,38.422173
2023-09-16 16:00:00.000,37.659588
2023-09-16 18:00:00.000,45.652855
2023-09-16 20:00:00.000,53.04184
2023-09-16 22:00:00.000,41.449715
2023-09-17 00:00:00.000,23.663534
2023-09-17 02:00:00.000,15.991341
2023-09-17 04:00:00.000,19.084406
2023-09-17 06:00:00.000,33.082672
2023-09-17 08:00:00.000,44.519905
2023-09-17 10:00:00.000,45.779514
2023-09-17 12:00:00.000,45.08871
2023-09-17 14:00:00.000,41.01355
2023-09-17 16:00:00.000,40.142548
2023-09-17 18:00:00.000,47.45885
2023-09-17 20:00:00.000,52.5421
2023-09-17 22:00:00.000,38.602997
2023-09-18 00:00:00.000,21.319801
2023-09-18 02:00:00.000,15.863744
2023-09-18 04:00:00.000,21.481428
2023-09-18 06:00:00.000,33.92865
2023-09-18 08:00:00.000,40.086067
2023-09-18 10:00:00.000,40.997566
2023-09-18 12:00:00.000,41.5058
2023-09-18 14:00:00.000,40.295086
2023-09-18 16:00:00.000,40.969185
2023-09-18 18:00:00.000,50.837006
2023-09-18 20:00:00.000,56.874294
2023-09-18 22:00:00.000,39.210365
2023-09-19 00:00:00.000,20.77416
2023-09-19 02:00:00.000,15.806108
2023-09-19 04:00:00.000,21.995863
2023-09-19 06:00:00.000,35.33726
2023-09-19 08:00:00.000,40.924595
2023-09-19 10:00:00.000,41.587486
2023-09-19 12:00:00.000,41.866932
2023-09-19 14:00:00.000,40.605167
2023-09-19 16:00:00.000,41.11329
2023-09-19 18:00:00.000,51.2589
2023-09-19 20:00:00.000,57.717144
2023-09-19 22:00:00.000,39.78186
2023-09-20 00:00:00.000,21.487999
2023-09-20 02:00:00.000,16.275007
2023-09-20 04:00:00.000,22.704071
2023-09-20 06:00:00.000,36.4535
2023-09-20 08:00:00.000,41.84143
2023-09-20 10:00:00.000,41.869392
2023-09-20 12:00:00.000,41.587532
2023-09-20 14:00:00.000,40.007805
2023-09-20 16:00:00.000,40.8569
2023-09-20 18:00:00.000,50.896294
2023-09-20 20:00:00.000,56.84782
2023-09-20 22:00:00.000,39.226307
2023-09-21 00:00:00.000,21.103685
2023-09-21 02:00:00.000,16.198368
2023-09-21 04:00:00.000,22.59632
2023-09-21 06:00:00.000,36.226284
2023-09-21 08:00:00.000,41.70001
2023-09-21 10:00:00.000,41.818203
2023-09-21 12:00:00.000,41.63419
2023-09-21 14:00:00.000,40.131527
2023-09-21 16:00:00.000,40.925655
2023-09-21 18:00:00.000,50.839653
2023-09-21 20:00:00.000,57.307194
2023-09-21 22:00:00.000,39.77155
2023-09-22 00:00:00.000,21.304234
2023-09-22 02:00:00.000,16.449825
2023-09-22 04:00:00.000,22.441261
2023-09-22 06:00:00.000,35.943146
2023-09-22 08:00:00.000,41.569035
2023-09-22 10:00:00.000,41.964035
2023-09-22 12:00:00.000,42.41855
2023-09-22 14:00:00.000,40.027515
2023-09-22 16:00:00.000,40.09378
2023-09-22 18:00:00.000,50.274765
2023-09-22 20:00:00.000,57.67427
2023-09-22 22:00:00.000,41.827896
2023-09-23 00:00:00.000,22.627573
2023-09-23 02:00:00.000,15.923871
2023-09-23 04:00:00.000,21.142607
2023-09-23 06:00:00.000,36.73993
2023-09-23 08:00:00.000,45.534447
2023-09-23 10:00:00.000,44.727898
2023-09-23 12:00:00.000,43.345394
2023-09-23 14:00:00.000,38.418705
2023-09-23 16:00:00.000,37.37653
2023-09-23 18:00:00.000,46.28102
2023-09-23 20:00:00.000,53.533314
2023-09-23 22:00:00.000,41.3705
2023-09-24 00:00:00.000,23.88691
2023-09-24 02:00:00.000,15.695881
2023-09-24 04:00:00.000,19.231106
2023-09-24 06:00:00.000,33.87771
2023-09-24 08:00:00.000,45.357445
2023-09-24 10:00:00.000,46.22073
2023-09-24 12:00:00.000,45.222713
2023-09-24 14:00:00.000,40.66235
2023-09-24 16:00:00.000,39.79523
2023-09-24 18:00:00.000,48.028824
2023-09-24 20:00:00.000,52.78335
2023-09-24 22:00:00.000,38.323135
2023-09-25 00:00:00.000,21.45137
2023-09-25 02:00:00.000,15.830821
2023-09-25 04:00:00.000,21.917797
2023-09-25 06:00:00.000,35.621094
2023-09-25 08:00:00.000,41.74438
2023-09-25 10:00:00.000,42.06095
2023-09-25 12:00:00.000,42.22101
2023-09-25 14:00:00.000,40.33084
2023-09-25 16:00:00.000,40.902824
2023-09-25 18:00:00.000,49.90848
2023-09-25 20:00:00.000,56.087337
2023-09-25 22:00:00.000,38.649586
2023-09-26 00:00:00.000,20.424713
2023-09-26 02:00:00.000,15.41517
2023-09-26 04:00:00.000,23.057508
2023-09-26 06:00:00.000,36.111237
2023-09-26 08:00:00.000,41.136215
2023-09-26 10:00:00.000,41.155994
2023-09-26 12:00:00.000,40.683548
2023-09-26 14:00:00.000,39.121613
2023-09-26 16:00:00.000,39.93252
2023-09-26 18:00:00.000,49.6424
2023-09-26 20:00:00.000,56.303844
2023-09-26 22:00:00.000,39.145134
2023-09-27 00:00:00.000,21.112465
2023-09-27 02:00:00.000,15.969423
2023-09-27 04:00:00.000,22.528732
2023-09-27 06:00:00.000,36.101406
2023-09-27 08:00:00.000,41.243675
2023-09-27 10:00:00.000,41.722378
2023-09-27 12:00:00.000,42.202145
2023-09-27 14:00:00.000,40.620476
2023-09-27 16:00:00.000,41.743618
2023-09-27 18:00:00.000,51.201984
2023-09-27 20:00:00.000,56.979717
2023-09-27 22:00:00.000,39.3483
2023-09-28 00:00:00.000,21.103624
2023-09-28 02:00:00.000,15.584812
2023-09-28 04:00:00.000,21.291973
2023-09-28 06:00:00.000,33.4601
2023-09-28 08:00:00.000,38.56429
2023-09-28 10:00:00.000,40.271152
2023-09-28 12:00:00.000,42.124214
2023-09-28 14:00:00.000,41.12147
2023-09-28 16:00:00.000,41.906242
2023-09-28 18:00:00.000,52.35315
2023-09-28 20:00:00.000,57.633778
2023-09-28 22:00:00.000,39.900295
2023-09-29 00:00:00.000,21.607582
2023-09-29 02:00:00.000,16.369095
2023-09-29 04:00:00.000,22.499342
2023-09-29 06:00:00.000,35.33538
2023-09-29 08:00:00.000,40.860954
2023-09-29 10:00:00.000,42.060158
2023-09-29 12:00:00.000,43.495277
2023-09-29 14:00:00.000,41.173965
2023-09-29 16:00:00.000,41.27717
2023-09-29 18:00:00.000,51.53403
2023-09-29 20:00:00.000,58.6502
2023-09-29 22:00:00.000,42.645615
2023-09-30 00:00:00.000,23.754742
2023-10-01 02:00:00.000,16.730919
2023-10-01 04:00:00.000,20.070078
2023-10-01 06:00:00.000,34.745846
2023-10-01 08:00:00.000,46.781418
2023-10-01 10:00:00.000,48.35441
2023-10-01 12:00:00.000,47.925854
2023-10-01 14:00:00.000,43.458828
2023-10-01 16:00:00.000,42.711136
2023-10-01 18:00:00.000,50.580334
2023-10-01 20:00:00.000,54.72123
2023-10-01 22:00:00.000,40.48205
2023-10-02 00:00:00.000,23.334623
2023-10-02 02:00:00.000,16.786638
2023-10-02 04:00:00.000,21.84722
2023-10-02 06:00:00.000,33.425175
2023-10-02 08:00:00.000,39.349106
2023-10-02 10:00:00.000,41.27349
2023-10-02 12:00:00.000,42.676838
2023-10-02 14:00:00.000,42.23319
2023-10-02 16:00:00.000,43.694206
2023-10-02 18:00:00.000,53.659744
2023-10-02 20:00:00.000,59.400757
2023-10-02 22:00:00.000,41.314133
2023-10-03 00:00:00.000,22.702194
2023-10-03 02:00:00.000,16.588427
2023-10-03 04:00:00.000,22.824377
2023-10-03 06:00:00.000,36.626614
2023-10-03 08:00:00.000,42.190323
2023-10-03 10:00:00.000,42.36975
2023-10-03 12:00:00.000,42.97621
2023-10-03 14:00:00.000,42.192364
2023-10-03 16:00:00.000,43.55316
2023-10-03 18:00:00.000,53.29607
2023-10-03 20:00:00.000,59.58791
2023-10-03 22:00:00.000,40.9562
2023-10-04 00:00:00.000,21.971397
2023-10-04 02:00:00.000,16.584015
2023-10-04 04:00:00.000,22.69322
2023-10-04 06:00:00.000,36.422348
2023-10-04 08:00:00.000,41.79214
2023-10-04 10:00:00.000,41.980225
2023-10-04 12:00:00.000,42.44071
2023-10-04 14:00:00.000,41.655502
2023-10-04 16:00:00.000,42.918602
2023-10-04 18:00:00.000,51.879337
2023-10-04 20:00:00.000,58.147556
2023-10-04 22:00:00.000,40.22948
2023-10-05 00:00:00.000,21.6751
2023-10-05 02:00:00.000,16.29721
2023-10-05 04:00:00.000,22.734718
2023-10-05 06:00:00.000,36.510826
2023-10-05 08:00:00.000,41.741955
2023-10-05 10:00:00.000,44.186916
2023-10-05 12:00:00.000,44.44267
2023-10-05 14:00:00.000,41.77004
2023-10-05 16:00:00.000,42.60983
2023-10-05 18:00:00.000,51.4675
2023-10-05 20:00:00.000,57.504963
2023-10-05 22:00:00.000,39.866196
2023-10-06 00:00:00.000,21.481924
2023-10-06 02:00:00.000,16.29554
2023-10-06 04:00:00.000,22.489304
2023-10-06 06:00:00.000,35.911472
2023-10-06 08:00:00.000,41.17312
2023-10-06 10:00:00.000,43.350815
2023-10-06 12:00:00.000,44.498436
2023-10-06 14:00:00.000,41.63041
2023-10-06 16:00:00.000,42.858402
2023-10-06 18:00:00.000,48.226982
2023-10-06 20:00:00.000,58.614048
2023-10-06 22:00:00.000,42.840046
2023-10-07 00:00:00.000,23.90588
2023-10-07 02:00:00.000,16.575956
2023-10-07 04:00:00.000,21.410524
2023-10-07 06:00:00.000,36.55545
2023-10-07 08:00:00.000,46.064037
2023-10-07 10:00:00.000,49.996025
2023-10-07 12:00:00.000,47.398174
2023-10-07 14:00:00.000,43.42752
2023-10-07 16:00:00.000,42.406208
2023-10-07 18:00:00.000,48.72379
2023-10-07 20:00:00.000,55.987434
2023-10-07 22:00:00.000,44.65539
2023-10-08 00:00:00.000,25.9188
2023-10-08 02:00:00.000,16.94232
2023-10-08 04:00:00.000,20.107267
2023-10-08 06:00:00.000,34.018322
2023-10-08 08:00:00.000,46.91408
2023-10-08 10:00:00.000,49.624813
2023-10-08 12:00:00.000,50.020664
2023-10-08 14:00:00.000,45.497494
2023-10-08 16:00:00.000,44.57466
2023-10-08 18:00:00.000,50.324978
2023-10-08 20:00:00.000,55.635693
2023-10-08 22:00:00.000,42.126663
2023-10-09 00:00:00.000,24.272112
2023-10-09 02:00:00.000,16.636852
2023-10-09 04:00:00.000,21.538336
2023-10-09 06:00:00.000,34.3849
2023-10-09 08:00:00.000,42.15625
2023-10-09 10:00:00.000,43.63991
2023-10-09 12:00:00.000,44.59022
2023-10-09 14:00:00.000,42.362747
2023-10-09 16:00:00.000,43.086246
2023-10-09 18:00:00.000,51.34549
2023-10-09 20:00:00.000,58.176838
2023-10-09 22:00:00.000,42.658863
2023-10-10 00:00:00.000,23.334806
2023-10-10 02:00:00.000,16.741863
2023-10-10 04:00:00.000,22.57109
2023-10-10 06:00:00.000,35.600243
2023-10-10 08:00:00.000,42.87039
2023-10-10 10:00:00.000,43.509804
2023-10-10 12:00:00.000,43.740307
2023-10-10 14:00:00.000,42.07769
2023-10-10 16:00:00.000,43.25927
2023-10-10 18:00:00.000,52.454388
2023-10-10 20:00:00.000,59.41
2023-10-10 22:00:00.000,43.164127
2023-10-11 00:00:00.000,23.570738
2023-10-11 02:00:00.000,16.868107
2023-10-11 04:00:00.000,22.295965
2023-10-11 06:00:00.000,35.98749
2023-10-11 08:00:00.000,43.28635
2023-10-11 10:00:00.000,43.467304
2023-10-11 12:00:00.000,43.68986
2023-10-11 14:00:00.000,42.122147
2023-10-11 16:00:00.000,43.361557
2023-10-11 18:00:00.000,51.817654
2023-10-11 20:00:00.000,58.81179
2023-10-11 22:00:00.000,42.634487
2023-10-12 00:00:00.000,22.735643
2023-10-12 02:00:00.000,16.363071
2023-10-12 04:00:00.000,21.874235
2023-10-12 06:00:00.000,35.49519
2023-10-12 08:00:00.000,42.445656
2023-10-12 10:00:00.000,43.375713
2023-10-12 12:00:00.000,43.678604
2023-10-12 14:00:00.000,41.90927
2023-10-12 16:00:00.000,43.071335
2023-10-12 18:00:00.000,51.61091
2023-10-12 20:00:00.000,58.34711
2023-10-12 22:00:00.000,42.94972
2023-10-13 00:00:00.000,23.815039
2023-10-13 02:00:00.000,17.317469
2023-10-13 04:00:00.000,22.26209
2023-10-13 06:00:00.000,35.050186
2023-10-13 08:00:00.000,42.004925
2023-10-13 10:00:00.000,42.969513
2023-10-13 12:00:00.000,44.011044
2023-10-13 14:00:00.000,40.889095
2023-10-13 16:00:00.000,41.967487
2023-10-13 18:00:00.000,51.03896
2023-10-13 20:00:00.000,59.377518
2023-10-13 22:00:00.000,45.133503
2023-10-14 00:00:00.000,25.090197
2023-10-14 02:00:00.000,17.261658
2023-10-14 04:00:00.000,21.314917
2023-10-14 06:00:00.000,35.103325
2023-10-14 08:00:00.000,45.311314
2023-10-14 10:00:00.000,47.37391
2023-10-14 12:00:00.000,47.302956
2023-10-14 14:00:00.000,42.22228
2023-10-14 16:00:00.000,41.697742
2023-10-14 18:00:00.000,48.996273
2023-10-14 20:00:00.000,57.0639
2023-10-14 22:00:00.000,46.74562
2023-10-15 00:00:00.000,27.275892
2023-10-15 02:00:00.000,17.345959
2023-10-15 04:00:00.000,19.846258
2023-10-15 06:00:00.000,33.363777
2023-10-15 08:00:00.000,46.053192
2023-10-15 10:00:00.000,48.41071
2023-10-15 12:00:00.000,48.091537
2023-10-15 14:00:00.000,43.300682
2023-10-15 16:00:00.000,43.293026
2023-10-15 18:00:00.000,50.630993
2023-10-15 20:00:00.000,56.054314
2023-10-15 22:00:00.000,42.92119
2023-10-16 00:00:00.000,24.07801
2023-10-16 02:00:00.000,16.967533
2023-10-16 04:00:00.000,21.804148
2023-10-16 06:00:00.000,34.449947
2023-10-16 08:00:00.000,41.07408
2023-10-16 10:00:00.000,42.43245
2023-10-16 12:00:00.000,43.288868
2023-10-16 14:00:00.000,41.665207
2023-10-16 16:00:00.000,43.60592
2023-10-16 18:00:00.000,52.800247
2023-10-16 20:00:00.000,59.06709
2023-10-16 22:00:00.000,42.99545
2023-10-17 00:00:00.000,23.433523
2023-10-17 02:00:00.000,16.834206
2023-10-17 04:00:00.000,22.252794
2023-10-17 06:00:00.000,35.578354
2023-10-17 08:00:00.000,42.267868
2023-10-17 10:00:00.000,42.868797
2023-10-17 12:00:00.000,43.614384
2023-10-17 14:00:00.000,42.00623
2023-10-17 16:00:00.000,44.05819
2023-10-17 18:00:00.000,53.70698
2023-10-17 20:00:00.000,59.406612
2023-10-17 22:00:00.000,42.646736
2023-10-18 00:00:00.000,23.191507
2023-10-18 02:00:00.000,16.67743
2023-10-18 04:00:00.000,22.484398
2023-10-18 06:00:00.000,35.052555
2023-10-18 08:00:00.000,41.39737
2023-10-18 10:00:00.000,42.070683
2023-10-18 12:00:00.000,42.894333
2023-10-18 14:00:00.000,41.396168
2023-10-18 16:00:00.000,43.44392
2023-10-18 18:00:00.000,52.52681
2023-10-18 20:00:00.000,58.6989
2023-10-18 22:00:00.000,41.80169
2023-10-19 00:00:00.000,22.378855
2023-10-19 02:00:00.000,16.214998
2023-10-19 04:00:00.000,21.745514
2023-10-19 06:00:00.000,34.69432
2023-10-19 08:00:00.000,41.184807
2023-10-19 10:00:00.000,42.103573
2023-10-19 12:00:00.000,43.31829
2023-10-19 14:00:00.000,41.92268
2023-10-19 16:00:00.000,44.032276
2023-10-19 18:00:00.000,52.26024
2023-10-19 20:00:00.000,58.089687
2023-10-19 22:00:00.000,41.71712
2023-10-20 00:00:00.000,22.713194
2023-10-20 02:00:00.000,16.96886
2023-10-20 04:00:00.000,22.386112
2023-10-20 06:00:00.000,34.69916
2023-10-20 08:00:00.000,40.994843
2023-10-20 10:00:00.000,42.03325
2023-10-20 12:00:00.000,44.200645
2023-10-20 14:00:00.000,42.03886
2023-10-20 16:00:00.000,44.000893
2023-10-20 18:00:00.000,53.09417
2023-10-20 20:00:00.000,60.112804
2023-10-20 22:00:00.000,45.607742
2023-10-21 00:00:00.000,25.321428
2023-10-21 02:00:00.000,17.13848
2023-10-21 04:00:00.000,21.392057
2023-10-21 06:00:00.000,35.995148
2023-10-21 08:00:00.000,47.227352
2023-10-21 10:00:00.000,48.255352
2023-10-21 12:00:00.000,47.908745
2023-10-21 14:00:00.000,42.701344
2023-10-21 16:00:00.000,42.58613
2023-10-21 18:00:00.000,50.071938
2023-10-21 20:00:00.000,56.55644
2023-10-21 22:00:00.000,47.052364
2023-10-22 00:00:00.000,26.918648
2023-10-22 02:00:00.000,17.174831
2023-10-22 04:00:00.000,19.897985
2023-10-22 06:00:00.000,33.38054
2023-10-22 08:00:00.000,46.471844
2023-10-22 10:00:00.000,49.39412
2023-10-22 12:00:00.000,49.213943
2023-10-22 14:00:00.000,44.51165
2023-10-22 16:00:00.000,45.19752
2023-10-22 18:00:00.000,51.60114
2023-10-22 20:00:00.000,55.42071
2023-10-22 22:00:00.000,41.907482
2023-10-23 00:00:00.000,23.649792
2023-10-23 02:00:00.000,16.755283
2023-10-23 04:00:00.000,21.203537
2023-10-23 06:00:00.000,32.785183
2023-10-23 08:00:00.000,39.638382
2023-10-23 10:00:00.000,41.73235
2023-10-23 12:00:00.000,43.187904
2023-10-23 14:00:00.000,42.202183
2023-10-23 16:00:00.000,45.171986
2023-10-23 18:00:00.000,53.124435
2023-10-23 20:00:00.000,56.747097
2023-10-23 22:00:00.000,41.700993
2023-10-24 00:00:00.000,23.62506
2023-10-24 02:00:00.000,17.140285
2023-10-24 04:00:00.000,21.979116
2023-10-24 06:00:00.000,33.45586
2023-10-24 08:00:00.000,39.829937
2023-10-24 10:00:00.000,41.90937
2023-10-24 12:00:00.000,43.706272
2023-10-24 14:00:00.000,43.028366
2023-10-24 16:00:00.000,45.64277
2023-10-24 18:00:00.000,55.320312
2023-10-24 20:00:00.000,60.699863
2023-10-24 22:00:00.000,43.42122
2023-10-25 00:00:00.000,23.62536
2023-10-25 02:00:00.000,17.201883
2023-10-25 04:00:00.000,22.342802
2023-10-25 06:00:00.000,34.78136
2023-10-25 08:00:00.000,41.376957
2023-10-25 10:00:00.000,42.56232
2023-10-25 12:00:00.000,43.36382
2023-10-25 14:00:00.000,41.744698
2023-10-25 16:00:00.000,43.96565
2023-10-25 18:00:00.000,54.09826
2023-10-25 20:00:00.000,60.154583
2023-10-25 22:00:00.000,42.60026
2023-10-26 00:00:00.000,23.240898
2023-10-26 02:00:00.000,16.980875
2023-10-26 04:00:00.000,22.638685
2023-10-26 06:00:00.000,35.99664
2023-10-26 08:00:00.000,42.75638
2023-10-26 10:00:00.000,42.69452
2023-10-26 12:00:00.000,44.367645
2023-10-26 14:00:00.000,42.663006
2023-10-26 16:00:00.000,44.656273
2023-10-26 18:00:00.000,54.329136
2023-10-26 20:00:00.000,59.95406
2023-10-26 22:00:00.000,42.1542
2023-10-27 00:00:00.000,22.836937
2023-10-27 02:00:00.000,16.987799
2023-10-27 04:00:00.000,22.437004
2023-10-27 06:00:00.000,35.42531
2023-10-27 08:00:00.000,42.92571
2023-10-27 10:00:00.000,44.29285
2023-10-27 12:00:00.000,45.323074
2023-10-27 14:00:00.000,41.71567
2023-10-27 16:00:00.000,43.396816
2023-10-27 18:00:00.000,52.790024
2023-10-27 20:00:00.000,59.951134
2023-10-27 22:00:00.000,45.103172
2023-10-28 00:00:00.000,24.824425
2023-10-28 02:00:00.000,16.855349
2023-10-28 04:00:00.000,20.890787
2023-10-28 06:00:00.000,35.334084
2023-10-28 08:00:00.000,47.450832
2023-10-28 10:00:00.000,48.68618
2023-10-28 12:00:00.000,47.85446
2023-10-28 14:00:00.000,42.26336
2023-10-28 16:00:00.000,42.69278
2023-10-28 18:00:00.000,49.95469
2023-10-28 20:00:00.000,57.49342
2023-10-28 22:00:00.000,46.918793
2023-10-29 00:00:00.000,27.38623
2023-10-29 02:00:00.000,17.318117
2023-10-29 04:00:00.000,19.838602
2023-10-29 06:00:00.000,33.339096
2023-10-29 08:00:00.000,47.17811
2023-10-29 10:00:00.000,50.055016
2023-10-29 12:00:00.000,50.24804
2023-10-29 14:00:00.000,45.038677
2023-10-29 16:00:00.000,45.460037
2023-10-29 18:00:00.000,51.987915
2023-10-29 20:00:00.000,57.506126
2023-10-29 22:00:00.000,44.614254
2023-10-30 00:00:00.000,25.659939
2023-10-30 02:00:00.000,18.190147
2023-10-30 04:00:00.000,23.399084
2023-10-30 06:00:00.000,38.68267
2023-10-30 08:00:00.000,49.335102
2023-10-30 10:00:00.000,49.240295
2023-10-30 12:00:00.000,47.24341
2023-10-30 14:00:00.000,42.977047
2023-10-30 16:00:00.000,45.112083
2023-10-30 18:00:00.000,54.956543
2023-10-30 20:00:00.000,61.78599
2023-10-30 22:00:00.000,44.9586
2023-10-31 00:00:00.000,24.81593
2023-11-01 02:00:00.000,17.833258
2023-11-01 04:00:00.000,23.10649
2023-11-01 06:00:00.000,38.024788
2023-11-01 08:00:00.000,48.45114
2023-11-01 10:00:00.000,47.48964
2023-11-01 12:00:00.000,45.734344
2023-11-01 14:00:00.000,41.93473
2023-11-01 16:00:00.000,44.536106
2023-11-01 18:00:00.000,53.959595
2023-11-01 20:00:00.000,61.793022
2023-11-01 22:00:00.000,45.554443
2023-11-02 00:00:00.000,24.662905
2023-11-02 02:00:00.000,17.604418
2023-11-02 04:00:00.000,23.400835
2023-11-02 06:00:00.000,38.67314
2023-11-02 08:00:00.000,50.122353
2023-11-02 10:00:00.000,50.53715
2023-11-02 12:00:00.000,47.859142
2023-11-02 14:00:00.000,43.06051
2023-11-02 16:00:00.000,44.65459
2023-11-02 18:00:00.000,53.659767
2023-11-02 20:00:00.000,61.02967
2023-11-02 22:00:00.000,45.426437
2023-11-03 00:00:00.000,24.996693
2023-11-03 02:00:00.000,17.50347
2023-11-03 04:00:00.000,22.768154
2023-11-03 06:00:00.000,37.574547
2023-11-03 08:00:00.000,48.79577
2023-11-03 10:00:00.000,48.45256
2023-11-03 12:00:00.000,46.37342
2023-11-03 14:00:00.000,41.450012
2023-11-03 16:00:00.000,43.4309
2023-11-03 18:00:00.000,52.753582
2023-11-03 20:00:00.000,61.71506
2023-11-03 22:00:00.000,48.274426
2023-11-04 00:00:00.000,26.961584
2023-11-04 02:00:00.000,17.515682
2023-11-04 04:00:00.000,20.575323
2023-11-04 06:00:00.000,35.100464
2023-11-04 08:00:00.000,49.31305
2023-11-04 10:00:00.000,49.33439
2023-11-04 12:00:00.000,47.88605
2023-11-04 14:00:00.000,42.07292
2023-11-04 16:00:00.000,42.93215
2023-11-04 18:00:00.000,50.126133
2023-11-04 20:00:00.000,58.640526
2023-11-04 22:00:00.000,49.00944
2023-11-05 00:00:00.000,28.365442
2023-11-05 02:00:00.000,17.654432
2023-11-05 04:00:00.000,19.38746
2023-11-05 06:00:00.000,32.35573
2023-11-05 08:00:00.000,47.06763
2023-11-05 10:00:00.000,49.716
2023-11-05 12:00:00.000,49.28426
2023-11-05 14:00:00.000,44.18465
2023-11-05 16:00:00.000,45.0224
2023-11-05 18:00:00.000,52.31738
2023-11-05 20:00:00.000,60.385025
2023-11-05 22:00:00.000,49.46222
2023-11-06 00:00:00.000,28.937405
2023-11-06 02:00:00.000,19.072496
2023-11-06 04:00:00.000,22.26387
2023-11-06 06:00:00.000,37.427303
2023-11-06 08:00:00.000,54.545868
2023-11-06 10:00:00.000,57.009037
2023-11-06 12:00:00.000,53.94222
2023-11-06 14:00:00.000,47.141026
2023-11-06 16:00:00.000,48.00364
2023-11-06 18:00:00.000,55.775776
2023-11-06 20:00:00.000,62.921448
2023-11-06 22:00:00.000,47.552017
2023-11-07 00:00:00.000,26.073143
2023-11-07 02:00:00.000,18.011383
2023-11-07 04:00:00.000,22.587204
2023-11-07 06:00:00.000,35.941784
2023-11-07 08:00:00.000,43.136684
2023-11-07 10:00:00.000,44.40407
2023-11-07 12:00:00.000,45.586067
2023-11-07 14:00:00.000,42.930706
2023-11-07 16:00:00.000,45.698383
2023-11-07 18:00:00.000,55.013325
2023-11-07 20:00:00.000,61.990063
2023-11-07 22:00:00.000,45.071396
2023-11-08 00:00:00.000,24.327719
2023-11-08 02:00:00.000,17.15151
2023-11-08 04:00:00.000,22.179018
2023-11-08 06:00:00.000,35.205364
2023-11-08 08:00:00.000,42.016323
2023-11-08 10:00:00.000,43.568333
2023-11-08 12:00:00.000,44.885807
2023-11-08 14:00:00.000,42.380516
2023-11-08 16:00:00.000,45.00381
2023-11-08 18:00:00.000,54.392124
2023-11-08 20:00:00.000,61.652096
2023-11-08 22:00:00.000,44.650753
2023-11-09 00:00:00.000,24.102371
2023-11-09 02:00:00.000,17.273558
2023-11-09 04:00:00.000,22.379244
2023-11-09 06:00:00.000,35.33304
2023-11-09 08:00:00.000,42.36627
2023-11-09 10:00:00.000,44.372707
2023-11-09 12:00:00.000,45.899452
2023-11-09 14:00:00.000,43.36005
2023-11-09 16:00:00.000,45.470676
2023-11-09 18:00:00.000,54.294575
2023-11-09 20:00:00.000,61.03274
2023-11-09 22:00:00.000,43.939583
2023-11-10 00:00:00.000,23.534977
2023-11-10 02:00:00.000,16.955374
2023-11-10 04:00:00.000,21.88181
2023-11-10 06:00:00.000,34.747066
2023-11-10 08:00:00.000,41.688564
2023-11-10 10:00:00.000,44.029335
2023-11-10 12:00:00.000,46.55084
2023-11-10 14:00:00.000,43.39915
2023-11-10 16:00:00.000,45.303463
2023-11-10 18:00:00.000,53.67838
2023-11-10 20:00:00.000,62.07323
2023-11-10 22:00:00.000,47.373863
2023-11-11 00:00:00.000,26.010498
2023-11-11 02:00:00.000,17.289738
2023-11-11 04:00:00.000,20.50689
2023-11-11 06:00:00.000,34.13996
2023-11-11 08:00:00.000,47.178402
2023-11-11 10:00:00.000,48.703014
2023-11-11 12:00:00.000,48.809418
2023-11-11 14:00:00.000,43.67301
2023-11-11 16:00:00.000,43.835262
2023-11-11 18:00:00.000,50.42902
2023-11-11 20:00:00.000,59.072857
2023-11-11 22:00:00.000,48.81079
2023-11-12 00:00:00.000,27.751802
2023-11-12 02:00:00.000,17.265139
2023-11-12 04:00:00.000,18.93026
2023-11-12 06:00:00.000,31.53236
2023-11-12 08:00:00.000,47.28304
2023-11-12 10:00:00.000,51.690807
2023-11-12 12:00:00.000,52.20635
2023-11-12 14:00:00.000,48.437138
2023-11-12 16:00:00.000,48.13768
2023-11-12 18:00:00.000,52.924877
2023-11-12 20:00:00.000,57.700165
2023-11-12 22:00:00.000,44.546997
2023-11-13 00:00:00.000,25.437948
2023-11-13 02:00:00.000,17.698093
2023-11-13 04:00:00.000,21.481873
2023-11-13 06:00:00.000,32.839394
2023-11-13 08:00:00.000,39.748344
2023-11-13 10:00:00.000,42.7474
2023-11-13 12:00:00.000,45.33159
2023-11-13 14:00:00.000,43.62236
2023-11-13 16:00:00.000,46.376255
2023-11-13 18:00:00.000,55.793068
2023-11-13 20:00:00.000,62.226192
2023-11-13 22:00:00.000,44.94321
2023-11-14 00:00:00.000,24.43737
2023-11-14 02:00:00.000,17.484058
2023-11-14 04:00:00.000,21.72927
2023-11-14 06:00:00.000,33.87351
2023-11-14 08:00:00.000,40.62238
2023-11-14 10:00:00.000,43.39311
2023-11-14 12:00:00.000,45.72196
2023-11-14 14:00:00.000,43.67671
2023-11-14 16:00:00.000,46.57058
2023-11-14 18:00:00.000,55.96998
2023-11-14 20:00:00.000,62.6705
2023-11-14 22:00:00.000,44.991436
2023-11-15 00:00:00.000,24.215836
2023-11-15 02:00:00.000,17.34287
2023-11-15 04:00:00.000,21.731756
2023-11-15 06:00:00.000,34.06954
2023-11-15 08:00:00.000,41.178432
2023-11-15 10:00:00.000,44.719013
2023-11-15 12:00:00.000,46.313465
2023-11-15 14:00:00.000,43.29658
2023-11-15 16:00:00.000,46.644073
2023-11-15 18:00:00.000,55.32942
2023-11-15 20:00:00.000,61.007317
2023-11-15 22:00:00.000,44.115547
2023-11-16 00:00:00.000,24.26179
2023-11-16 02:00:00.000,17.365427
2023-11-16 04:00:00.000,21.924404
2023-11-16 06:00:00.000,34.461155
2023-11-16 08:00:00.000,41.68741
2023-11-16 10:00:00.000,43.93405
2023-11-16 12:00:00.000,45.730984
2023-11-16 14:00:00.000,43.43723
2023-11-16 16:00:00.000,46.353134
2023-11-16 18:00:00.000,54.988777
2023-11-16 20:00:00.000,61.567036
2023-11-16 22:00:00.000,44.346382
2023-11-17 00:00:00.000,24.087015
2023-11-17 02:00:00.000,17.728554
2023-11-17 04:00:00.000,22.049906
2023-11-17 06:00:00.000,34.451336
2023-11-17 08:00:00.000,41.712383
2023-11-17 10:00:00.000,44.010277
2023-11-17 12:00:00.000,46.143444
2023-11-17 14:00:00.000,42.980762
2023-11-17 16:00:00.000,45.312195
2023-11-17 18:00:00.000,54.439587
2023-11-17 20:00:00.000,63.193966
2023-11-17 22:00:00.000,47.681488
2023-11-18 00:00:00.000,25.807314
2023-11-18 02:00:00.000,17.437763
2023-11-18 04:00:00.000,20.440626
2023-11-18 06:00:00.000,34.55347
2023-11-18 08:00:00.000,48.441956
2023-11-18 10:00:00.000,49.27691
2023-11-18 12:00:00.000,48.54227
2023-11-18 14:00:00.000,43.128193
2023-11-18 16:00:00.000,43.955524
2023-11-18 18:00:00.000,50.77255
2023-11-18 20:00:00.000,59.754635
2023-11-18 22:00:00.000,49.05222
2023-11-19 00:00:00.000,27.685665
2023-11-19 02:00:00.000,17.155506
2023-11-19 04:00:00.000,18.574238
2023-11-19 06:00:00.000,31.445332
2023-11-19 08:00:00.000,47.912037
2023-11-19 10:00:00.000,51.73698
2023-11-19 12:00:00.000,51.764435
2023-11-19 14:00:00.000,46.443413
2023-11-19 16:00:00.000,46.371063
2023-11-19 18:00:00.000,52.45247
2023-11-19 20:00:00.000,57.7389
2023-11-19 22:00:00.000,44.39478
2023-11-20 00:00:00.000,25.103165
2023-11-20 02:00:00.000,17.554111
2023-11-20 04:00:00.000,21.3659
2023-11-20 06:00:00.000,33.82564
2023-11-20 08:00:00.000,42.890175
2023-11-20 10:00:00.000,45.283375
2023-11-20 12:00:00.000,46.49335
2023-11-20 14:00:00.000,42.947655
2023-11-20 16:00:00.000,45.140858
2023-11-20 18:00:00.000,52.966423
2023-11-20 20:00:00.000,59.78377
2023-11-20 22:00:00.000,44.36298
2023-11-21 00:00:00.000,24.319181
2023-11-21 02:00:00.000,17.28682
2023-11-21 04:00:00.000,21.364931
2023-11-21 06:00:00.000,34.346962
2023-11-21 08:00:00.000,43.798615
2023-11-21 10:00:00.000,46.01237
2023-11-21 12:00:00.000,46.667187
2023-11-21 14:00:00.000,43.27941
2023-11-21 16:00:00.000,45.238117
2023-11-21 18:00:00.000,53.594513
2023-11-21 20:00:00.000,60.43561
2023-11-21 22:00:00.000,43.966896
2023-11-22 00:00:00.000,23.805693
2023-11-22 02:00:00.000,16.996134
2023-11-22 04:00:00.000,21.457106
2023-11-22 06:00:00.000,34.3555
2023-11-22 08:00:00.000,43.593388
2023-11-22 10:00:00.000,45.629185
2023-11-22 12:00:00.000,46.236454
2023-11-22 14:00:00.000,43.762684
2023-11-22 16:00:00.000,44.98032
2023-11-22 18:00:00.000,53.157406
2023-11-22 20:00:00.000,59.740887
2023-11-22 22:00:00.000,43.885292
2023-11-23 00:00:00.000,24.241283
2023-11-23 02:00:00.000,17.169191
2023-11-23 04:00:00.000,21.750368
2023-11-23 06:00:00.000,34.03226
2023-11-23 08:00:00.000,43.150753
2023-11-23 10:00:00.000,45.614037
2023-11-23 12:00:00.000,46.90033
2023-11-23 14:00:00.000,43.56975
2023-11-23 16:00:00.000,44.82071
2023-11-23 18:00:00.000,52.2568
2023-11-23 20:00:00.000,58.154057
2023-11-23 22:00:00.000,43.4251
2023-11-24 00:00:00.000,24.494263
2023-11-24 02:00:00.000,17.630917
2023-11-24 04:00:00.000,21.708784
2023-11-24 06:00:00.000,34.435127
2023-11-24 08:00:00.000,43.408676
2023-11-24 10:00:00.000,45.753735
2023-11-24 12:00:00.000,47.63651
2023-11-24 14:00:00.000,43.63212
2023-11-24 16:00:00.000,44.803883
2023-11-24 18:00:00.000,52.483456
2023-11-24 20:00:00.000,60.51685
2023-11-24 22:00:00.000,47.11876
2023-11-25 00:00:00.000,26.649479
2023-11-25 02:00:00.000,17.335768
2023-11-25 04:00:00.000,20.473852
2023-11-25 06:00:00.000,34.49369
2023-11-25 08:00:00.000,48.057297
2023-11-25 10:00:00.000,49.249702
2023-11-25 12:00:00.000,48.869755
2023-11-25 14:00:00.000,43.6776
2023-11-25 16:00:00.000,44.112118
2023-11-25 18:00:00.000,50.630173
2023-11-25 20:00:00.000,58.97602
2023-11-25 22:00:00.000,48.7953
2023-11-26 00:00:00.000,28.29897
2023-11-26 02:00:00.000,17.36389
2023-11-26 04:00:00.000,19.070518
2023-11-26 06:00:00.000,31.38731
2023-11-26 08:00:00.000,47.24361
2023-11-26 10:00:00.000,49.907646
2023-11-26 12:00:00.000,49.803894
2023-11-26 14:00:00.000,45.443798
2023-11-26 16:00:00.000,45.920364
2023-11-26 18:00:00.000,52.33601
2023-11-26 20:00:00.000,57.21613
2023-11-26 22:00:00.000,43.80509
2023-11-27 00:00:00.000,24.958843
2023-11-27 02:00:00.000,17.542608
2023-11-27 04:00:00.000,21.260012
2023-11-27 06:00:00.000,32.93688
2023-11-27 08:00:00.000,41.905346
2023-11-27 10:00:00.000,44.697395
2023-11-27 12:00:00.000,46.53595
2023-11-27 14:00:00.000,44.18347
2023-11-27 16:00:00.000,46.539677
2023-11-27 18:00:00.000,54.949722
2023-11-27 20:00:00.000,61.602386
2023-11-27 22:00:00.000,44.547195
2023-11-28 00:00:00.000,24.39515
2023-11-28 02:00:00.000,17.444242
2023-11-28 04:00:00.000,22.01301
2023-11-28 06:00:00.000,35.21579
2023-11-28 08:00:00.000,43.847572
2023-11-28 10:00:00.000,45.612724
2023-11-28 12:00:00.000,46.611946
2023-11-28 14:00:00.000,43.81093
2023-11-28 16:00:00.000,46.751316
2023-11-28 18:00:00.000,55.036835
2023-11-28 20:00:00.000,61.69197
2023-11-28 22:00:00.000,45.039463
2023-11-29 00:00:00.000,24.535675
2023-11-29 02:00:00.000,17.490932
2023-11-29 04:00:00.000,22.27828
2023-11-29 06:00:00.000,35.692955
2023-11-29 08:00:00.000,43.99628
2023-11-29 10:00:00.000,45.55375
2023-11-29 12:00:00.000,46.224827
2023-11-29 14:00:00.000,43.226513
2023-11-29 16:00:00.000,45.889782
2023-11-29 18:00:00.000,54.319447
2023-11-29 20:00:00.000,61.40595
2023-11-29 22:00:00.000,44.293564
2023-11-30 00:00:00.000,23.898432
2023-12-01 02:00:00.000,18.081762
2023-12-01 04:00:00.000,22.066622
2023-12-01 06:00:00.000,35.636257
2023-12-01 08:00:00.000,43.473663
2023-12-01 10:00:00.000,44.851513
2023-12-01 12:00:00.000,47.075993
2023-12-01 14:00:00.000,43.659306
2023-12-01 16:00:00.000,45.787457
2023-12-01 18:00:00.000,54.545097
2023-12-01 20:00:00.000,63.462322
2023-12-01 22:00:00.000,48.789448
2023-12-02 00:00:00.000,26.723335
2023-12-02 02:00:00.000,17.67369
2023-12-02 04:00:00.000,20.567707
2023-12-02 06:00:00.000,34.55323
2023-12-02 08:00:00.000,48.947693
2023-12-02 10:00:00.000,49.768368
2023-12-02 12:00:00.000,49.586914
2023-12-02 14:00:00.000,44.11461
2023-12-02 16:00:00.000,44.728687
2023-12-02 18:00:00.000,51.468082
2023-12-02 20:00:00.000,59.921074
2023-12-02 22:00:00.000,49.71009
2023-12-03 00:00:00.000,28.938541
2023-12-03 02:00:00.000,17.814367
2023-12-03 04:00:00.000,18.368385
2023-12-03 06:00:00.000,30.026886
2023-12-03 08:00:00.000,46.343494
2023-12-03 10:00:00.000,50.07853
2023-12-03 12:00:00.000,50.528427
2023-12-03 14:00:00.000,46.118393
2023-12-03 16:00:00.000,46.65939
2023-12-03 18:00:00.000,53.333847
2023-12-03 20:00:00.000,58.29815
2023-12-03 22:00:00.000,45.735893
2023-12-04 00:00:00.000,26.082693
2023-12-04 02:00:00.000,18.36761
2023-12-04 04:00:00.000,22.10632
2023-12-04 06:00:00.000,34.826225
2023-12-04 08:00:00.000,44.317924
2023-12-04 10:00:00.000,46.412228
2023-12-04 12:00:00.000,47.03501
2023-12-04 14:00:00.000,44.07336
2023-12-04 16:00:00.000,46.792824
2023-12-04 18:00:00.000,55.35257
2023-12-04 20:00:00.000,62.45223
2023-12-04 22:00:00.000,45.881668
2023-12-05 00:00:00.000,25.048185
2023-12-05 02:00:00.000,17.906904
2023-12-05 04:00:00.000,21.958996
2023-12-05 06:00:00.000,35.313602
2023-12-05 08:00:00.000,44.588722
2023-12-05 10:00:00.000,46.598656
2023-12-05 12:00:00.000,47.264435
2023-12-05 14:00:00.000,44.40378
2023-12-05 16:00:00.000,46.929153
2023-12-05 18:00:00.000,56.141834
2023-12-05 20:00:00.000,63.978283
2023-12-05 22:00:00.000,46.60323
2023-12-06 00:00:00.000,25.277863
2023-12-06 02:00:00.000,18.252794
2023-12-06 04:00:00.000,22.658512
2023-12-06 06:00:00.000,36.61586
2023-12-06 08:00:00.000,46.107376
2023-12-06 10:00:00.000,47.75491
2023-12-06 12:00:00.000,47.910698
2023-12-06 14:00:00.000,44.077847
2023-12-06 16:00:00.000,46.608395
2023-12-06 18:00:00.000,55.876446
2023-12-06 20:00:00.000,63.267162
2023-12-06 22:00:00.000,46.22004
2023-12-07 00:00:00.000,24.98001
2023-12-07 02:00:00.000,17.837748
2023-12-07 04:00:00.000,22.054655
2023-12-07 06:00:00.000,36.613983
2023-12-07 08:00:00.000,46.260113
2023-12-07 10:00:00.000,48.079365
2023-12-07 12:00:00.000,48.42928
2023-12-07 14:00:00.000,44.94468
2023-12-07 16:00:00.000,46.894386
2023-12-07 18:00:00.000,55.707928
2023-12-07 20:00:00.000,63.02966
2023-12-07 22:00:00.000,46.170227
2023-12-08 00:00:00.000,25.132826
2023-12-08 02:00:00.000,17.598167
2023-12-08 04:00:00.000,22.213144
2023-12-08 06:00:00.000,37.831177
2023-12-08 08:00:00.000,47.94001
2023-12-08 10:00:00.000,48.831833
2023-12-08 12:00:00.000,49.30049
2023-12-08 14:00:00.000,44.3507
2023-12-08 16:00:00.000,45.84638
2023-12-08 18:00:00.000,54.352524
2023-12-08 20:00:00.000,64.7119
2023-12-08 22:00:00.000,50.551617
2023-12-09 00:00:00.000,27.56507
2023-12-09 02:00:00.000,17.76049
2023-12-09 04:00:00.000,20.12736
2023-12-09 06:00:00.000,34.61247
2023-12-09 08:00:00.000,50.408524
2023-12-09 10:00:00.000,52.001553
2023-12-09 12:00:00.000,51.63033
2023-12-09 14:00:00.000,45.84175
2023-12-09 16:00:00.000,45.67767
2023-12-09 18:00:00.000,52.229717
2023-12-09 20:00:00.000,61.885998
2023-12-09 22:00:00.000,51.885406
2023-12-10 00:00:00.000,29.659594
2023-12-10 02:00:00.000,18.335028
2023-12-10 04:00:00.000,19.331543
2023-12-10 06:00:00.000,31.809168
2023-12-10 08:00:00.000,49.766407
2023-12-10 10:00:00.000,53.70399
2023-12-10 12:00:00.000,53.27891
2023-12-10 14:00:00.000,47.80444
2023-12-10 16:00:00.000,47.295937
2023-12-10 18:00:00.000,53.835033
2023-12-10 20:00:00.000,59.892406
2023-12-10 22:00:00.000,46.69222
2023-12-11 00:00:00.000,26.874182
2023-12-11 02:00:00.000,18.538929
2023-12-11 04:00:00.000,22.586565
2023-12-11 06:00:00.000,37.223812
2023-12-11 08:00:00.000,47.742817
2023-12-11 10:00:00.000,49.525322
2023-12-11 12:00:00.000,48.860382
2023-12-11 14:00:00.000,44.103287
2023-12-11 16:00:00.000,45.88426
2023-12-11 18:00:00.000,54.160004
2023-12-11 20:00:00.000,62.16498
2023-12-11 22:00:00.000,46.503475
2023-12-12 00:00:00.000,24.90584
2023-12-12 02:00:00.000,17.350845
2023-12-12 04:00:00.000,22.084118
2023-12-12 06:00:00.000,37.248634
2023-12-12 08:00:00.000,47.19161
2023-12-12 10:00:00.000,48.691948
2023-12-12 12:00:00.000,48.25864
2023-12-12 14:00:00.000,42.735786
2023-12-12 16:00:00.000,44.19431
2023-12-12 18:00:00.000,52.473175
2023-12-12 20:00:00.000,58.944695
2023-12-12 22:00:00.000,43.180965
2023-12-13 00:00:00.000,23.109964
2023-12-13 02:00:00.000,16.48076
2023-12-13 04:00:00.000,21.721401
2023-12-13 06:00:00.000,35.684875
2023-12-13 08:00:00.000,44.683773
2023-12-13 10:00:00.000,45.888794
2023-12-13 12:00:00.000,45.898167
2023-12-13 14:00:00.000,41.611588
2023-12-13 16:00:00.000,43.772396
2023-12-13 18:00:00.000,52.005577
2023-12-13 20:00:00.000,58.573704
2023-12-13 22:00:00.000,42.716415
2023-12-14 00:00:00.000,23.386444
2023-12-14 02:00:00.000,16.710417
2023-12-14 04:00:00.000,21.239645
2023-12-14 06:00:00.000,34.323666
2023-12-14 08:00:00.000,43.015244
2023-12-14 10:00:00.000,44.893658
2023-12-14 12:00:00.000,45.595608
2023-12-14 14:00:00.000,41.86222
2023-12-14 16:00:00.000,43.70601
2023-12-14 18:00:00.000,52.075695
2023-12-14 20:00:00.000,58.33592
2023-12-14 22:00:00.000,43.070736
2023-12-15 00:00:00.000,23.497679
2023-12-15 02:00:00.000,16.735191
2023-12-15 04:00:00.000,21.029543
2023-12-15 06:00:00.000,34.13441
2023-12-15 08:00:00.000,43.07745
2023-12-15 10:00:00.000,45.3164
2023-12-15 12:00:00.000,46.5438
2023-12-15 14:00:00.000,41.71635
2023-12-15 16:00:00.000,42.992466
2023-12-15 18:00:00.000,51.5428
2023-12-15 20:00:00.000,60.093468
2023-12-15 22:00:00.000,46.342632
2023-12-16 00:00:00.000,25.578938
2023-12-16 02:00:00.000,16.703115
2023-12-16 04:00:00.000,19.182962
2023-12-16 06:00:00.000,33.124474
2023-12-16 08:00:00.000,47.222755
2023-12-16 10:00:00.000,48.37645
2023-12-16 12:00:00.000,48.48273
2023-12-16 14:00:00.000,42.429443
2023-12-16 16:00:00.000,42.1276
2023-12-16 18:00:00.000,48.941277
2023-12-16 20:00:00.000,57.560547
2023-12-16 22:00:00.000,47.604794
2023-12-17 00:00:00.000,27.584248
2023-12-17 02:00:00.000,16.812513
2023-12-17 04:00:00.000,17.870726
2023-12-17 06:00:00.000,30.025734
2023-12-17 08:00:00.000,46.353065
2023-12-17 10:00:00.000,49.729153
2023-12-17 12:00:00.000,49.742245
2023-12-17 14:00:00.000,44.121113
2023-12-17 16:00:00.000,44.128666
2023-12-17 18:00:00.000,51.055397
2023-12-17 20:00:00.000,56.735134
2023-12-17 22:00:00.000,43.84415
2023-12-18 00:00:00.000,25.499308
2023-12-18 02:00:00.000,17.319674
2023-12-18 04:00:00.000,20.910086
2023-12-18 06:00:00.000,33.39335
2023-12-18 08:00:00.000,42.65282
2023-12-18 10:00:00.000,44.855885
2023-12-18 12:00:00.000,45.838055
2023-12-18 14:00:00.000,42.456985
2023-12-18 16:00:00.000,43.62425
2023-12-18 18:00:00.000,50.763775
2023-12-18 20:00:00.000,57.35902
2023-12-18 22:00:00.000,43.053585
2023-12-19 00:00:00.000,23.665651
2023-12-19 02:00:00.000,16.574295
2023-12-19 04:00:00.000,20.76895
2023-12-19 06:00:00.000,33.940662
2023-12-19 08:00:00.000,42.373016
2023-12-19 10:00:00.000,44.764076
2023-12-19 12:00:00.000,46.057137
2023-12-19 14:00:00.000,42.511234
2023-12-19 16:00:00.000,44.27688
2023-12-19 18:00:00.000,51.90433
2023-12-19 20:00:00.000,58.338665
2023-12-19 22:00:00.000,43.701538
2023-12-20 00:00:00.000,24.245113
2023-12-20 02:00:00.000,17.13312
2023-12-20 04:00:00.000,21.175856
2023-12-20 06:00:00.000,33.912518
2023-12-20 08:00:00.000,42.30944
2023-12-20 10:00:00.000,44.453495
2023-12-20 12:00:00.000,45.56113
2023-12-20 14:00:00.000,41.711002
2023-12-20 16:00:00.000,43.35741
2023-12-20 18:00:00.000,50.909527
2023-12-20 20:00:00.000,57.499027
2023-12-20 22:00:00.000,42.509396
2023-12-21 00:00:00.000,23.640772
2023-12-21 02:00:00.000,16.706985
2023-12-21 04:00:00.000,20.640846
2023-12-21 06:00:00.000,33.17268
2023-12-21 08:00:00.000,41.244785
2023-12-21 10:00:00.000,43.65976
2023-12-21 12:00:00.000,44.90275
2023-12-21 14:00:00.000,41.35974
2023-12-21 16:00:00.000,42.872066
2023-12-21 18:00:00.000,50.303703
2023-12-21 20:00:00.000,56.567524
2023-12-21 22:00:00.000,42.243217
2023-12-22 00:00:00.000,23.897797
2023-12-22 02:00:00.000,16.830044
2023-12-22 04:00:00.000,20.704075
2023-12-22 06:00:00.000,33.19125
2023-12-22 08:00:00.000,41.316757
2023-12-22 10:00:00.000,43.350086
2023-12-22 12:00:00.000,45.348907
2023-12-22 14:00:00.000,41.00927
2023-12-22 16:00:00.000,42.084827
2023-12-22 18:00:00.000,49.46034
2023-12-22 20:00:00.000,57.489017
2023-12-22 22:00:00.000,45.493702
2023-12-23 00:00:00.000,25.55913
2023-12-23 02:00:00.000,16.564287
2023-12-23 04:00:00.000,19.237717
2023-12-23 06:00:00.000,32.622627
2023-12-23 08:00:00.000,46.591717
2023-12-23 10:00:00.000,48.68284
2023-12-23 12:00:00.000,48.760662
2023-12-23 14:00:00.000,43.04119
2023-12-23 16:00:00.000,42.484512
2023-12-23 18:00:00.000,48.86672
2023-12-23 20:00:00.000,57.952194
2023-12-23 22:00:00.000,48.511868
2023-12-24 00:00:00.000,28.307518
2023-12-24 02:00:00.000,17.209955
2023-12-24 04:00:00.000,18.101881
2023-12-24 06:00:00.000,29.678814
2023-12-24 08:00:00.000,45.60827
2023-12-24 10:00:00.000,48.938026
2023-12-24 12:00:00.000,48.75261
2023-12-24 14:00:00.000,43.72459
2023-12-24 16:00:00.000,43.53952
2023-12-24 18:00:00.000,49.635284
2023-12-24 20:00:00.000,56.66952
2023-12-24 22:00:00.000,45.0663
2023-12-25 00:00:00.000,26.050564
2023-12-25 02:00:00.000,17.751781
2023-12-25 04:00:00.000,20.268467
2023-12-25 06:00:00.000,30.254166
2023-12-25 08:00:00.000,38.75032
2023-12-25 10:00:00.000,41.832615
2023-12-25 12:00:00.000,45.441757
2023-12-25 14:00:00.000,43.867657
2023-12-25 16:00:00.000,45.21278
2023-12-25 18:00:00.000,52.289547
2023-12-25 20:00:00.000,59.0299
2023-12-25 22:00:00.000,45.092487
2023-12-26 00:00:00.000,25.394146
2023-12-26 02:00:00.000,17.579283
2023-12-26 04:00:00.000,20.757072
2023-12-26 06:00:00.000,32.868923
2023-12-26 08:00:00.000,42.508545
2023-12-26 10:00:00.000,44.55851
2023-12-26 12:00:00.000,46.322666
2023-12-26 14:00:00.000,43.398594
2023-12-26 16:00:00.000,44.2899
2023-12-26 18:00:00.000,50.95729
2023-12-26 20:00:00.000,58.171482
2023-12-26 22:00:00.000,44.760017
2023-12-27 00:00:00.000,24.88517
2023-12-27 02:00:00.000,17.426964
2023-12-27 04:00:00.000,21.014698
2023-12-27 06:00:00.000,33.65982
2023-12-27 08:00:00.000,43.37693
2023-12-27 10:00:00.000,45.396244
2023-12-27 12:00:00.000,47.276524
2023-12-27 14:00:00.000,43.268627
2023-12-27 16:00:00.000,43.80954
2023-12-27 18:00:00.000,50.625935
2023-12-27 20:00:00.000,57.99228
2023-12-27 22:00:00.000,45.016903
2023-12-28 00:00:00.000,25.205994
2023-12-28 02:00:00.000,17.463867
2023-12-28 04:00:00.000,20.798895
2023-12-28 06:00:00.000,33.59262
2023-12-28 08:00:00.000,44.82653
2023-12-28 10:00:00.000,47.076836
2023-12-28 12:00:00.000,47.620697
2023-12-28 14:00:00.000,43.11294
2023-12-28 16:00:00.000,43.115017
2023-12-28 18:00:00.000,49.56227
2023-12-28 20:00:00.000,57.481056
2023-12-28 22:00:00.000,45.626213
2023-12-29 00:00:00.000,25.832779
2023-12-29 02:00:00.000,17.660757
2023-12-29 04:00:00.000,20.87735
2023-12-29 06:00:00.000,33.92826
2023-12-29 08:00:00.000,46.90819
2023-12-29 10:00:00.000,49.104862
2023-12-29 12:00:00.000,48.803
2023-12-29 14:00:00.000,43.17865
2023-12-29 16:00:00.000,42.82328
2023-12-29 18:00:00.000,48.96312
2023-12-29 20:00:00.000,57.825275
2023-12-29 22:00:00.000,48.123547
2023-12-30 00:00:00.000,27.90396
2023-12-30 02:00:00.000,17.504143
2023-12-30 04:00:00.000,18.925426
2023-12-30 06:00:00.000,31.37465
2023-12-30 08:00:00.000,46.624107
2023-12-30 10:00:00.000,48.98713
2023-12-30 12:00:00.000,48.66051
2023-12-30 14:00:00.000,43.338993
2023-12-30 16:00:00.000,42.36806
2023-12-30 18:00:00.000,47.865627
2023-12-30 20:00:00.000,56.822453
2023-12-30 22:00:00.000,49.51326
2023-12-31 00:00:00.000,29.693363
2024-01-01 02:00:00.000,20.421972
2024-01-01 04:00:00.000,16.103561
2024-01-01 06:00:00.000,22.918835
2024-01-01 08:00:00.000,39.09555
2024-01-01 10:00:00.000,48.026527
2024-01-01 12:00:00.000,50.07817
2024-01-01 14:00:00.000,45.585274
2024-01-01 16:00:00.000,44.98743
2024-01-01 18:00:00.000,50.054848
2024-01-01 20:00:00.000,58.68334
2024-01-01 22:00:00.000,52.828663
2024-01-02 00:00:00.000,31.882587
2024-01-02 02:00:00.000,19.565458
2024-01-02 04:00:00.000,18.475868
2024-01-02 06:00:00.000,28.466162
2024-01-02 08:00:00.000,47.05923
2024-01-02 10:00:00.000,53.55765
2024-01-02 12:00:00.000,52.12998
2024-01-02 14:00:00.000,45.656433
2024-01-02 16:00:00.000,44.414127
2024-01-02 18:00:00.000,50.917095
2024-01-02 20:00:00.000,60.964268
2024-01-02 22:00:00.000,53.40528
2024-01-03 00:00:00.000,32.387573
2024-01-03 02:00:00.000,19.278296
2024-01-03 04:00:00.000,18.710531
2024-01-03 06:00:00.000,29.349724
2024-01-03 08:00:00.000,47.911522
2024-01-03 10:00:00.000,53.873596
2024-01-03 12:00:00.000,52.035374
2024-01-03 14:00:00.000,45.442886
2024-01-03 16:00:00.000,44.90206
2024-01-03 18:00:00.000,51.57666
2024-01-03 20:00:00.000,61.709587
2024-01-03 22:00:00.000,53.302982
2024-01-04 00:00:00.000,32.53612
2024-01-04 02:00:00.000,19.705065
2024-01-04 04:00:00.000,18.934408
2024-01-04 06:00:00.000,29.022867
2024-01-04 08:00:00.000,46.666267
2024-01-04 10:00:00.000,52.656136
2024-01-04 12:00:00.000,50.93405
2024-01-04 14:00:00.000,44.633224
2024-01-04 16:00:00.000,44.45225
2024-01-04 18:00:00.000,51.172913
2024-01-04 20:00:00.000,61.40728
2024-01-04 22:00:00.000,52.880398
2024-01-05 00:00:00.000,32.10527
2024-01-05 02:00:00.000,19.50502
2024-01-05 04:00:00.000,19.012629
2024-01-05 06:00:00.000,29.210815
2024-01-05 08:00:00.000,46.84599
2024-01-05 10:00:00.000,51.535347
2024-01-05 12:00:00.000,50.056072
2024-01-05 14:00:00.000,44.00679
2024-01-05 16:00:00.000,43.680626
2024-01-05 18:00:00.000,50.530914
2024-01-05 20:00:00.000,61.014107
2024-01-05 22:00:00.000,52.644646
2024-01-06 00:00:00.000,32.433426
2024-01-06 02:00:00.000,19.198929
2024-01-06 04:00:00.000,18.084312
2024-01-06 06:00:00.000,27.802254
2024-01-06 08:00:00.000,44.040222
2024-01-06 10:00:00.000,48.93342
2024-01-06 12:00:00.000,49.02014
2024-01-06 14:00:00.000,43.659634
2024-01-06 16:00:00.000,42.51135
2024-01-06 18:00:00.000,48.870255
2024-01-06 20:00:00.000,58.853985
2024-01-06 22:00:00.000,52.922348
2024-01-07 00:00:00.000,33.5482
2024-01-07 02:00:00.000,19.532324
2024-01-07 04:00:00.000,17.391268
2024-01-07 06:00:00.000,26.066607
2024-01-07 08:00:00.000,43.041264
2024-01-07 10:00:00.000,48.82659
2024-01-07 12:00:00.000,49.21023
2024-01-07 14:00:00.000,44.670532
2024-01-07 16:00:00.000,44.22695
2024-01-07 18:00:00.000,51.40264
2024-01-07 20:00:00.000,60.493153
2024-01-07 22:00:00.000,52.96694
2024-01-08 00:00:00.000,33.144226
2024-01-08 02:00:00.000,20.114634
2024-01-08 04:00:00.000,19.231668
2024-01-08 06:00:00.000,29.739353
2024-01-08 08:00:00.000,48.404163
2024-01-08 10:00:00.000,55.03487
2024-01-08 12:00:00.000,52.819786
2024-01-08 14:00:00.000,46.317425
2024-01-08 16:00:00.000,45.637928
2024-01-08 18:00:00.000,51.806774
2024-01-08 20:00:00.000,59.782818
2024-01-08 22:00:00.000,48.649685
2024-01-09 00:00:00.000,28.999205
2024-01-09 02:00:00.000,18.661497
2024-01-09 04:00:00.000,19.928425
2024-01-09 06:00:00.000,31.870369
2024-01-09 08:00:00.000,42.89519
2024-01-09 10:00:00.000,46.230633
2024-01-09 12:00:00.000,46.885006
2024-01-09 14:00:00.000,43.07835
2024-01-09 16:00:00.000,43.931305
2024-01-09 18:00:00.000,50.99655
2024-01-09 20:00:00.000,58.983376
2024-01-09 22:00:00.000,45.8813
2024-01-10 00:00:00.000,26.780458
2024-01-10 02:00:00.000,18.429039
2024-01-10 04:00:00.000,20.738272
2024-01-10 06:00:00.000,32.594105
2024-01-10 08:00:00.000,42.33389
2024-01-10 10:00:00.000,45.166164
2024-01-10 12:00:00.000,46.08517
2024-01-10 14:00:00.000,42.461422
2024-01-10 16:00:00.000,43.737328
2024-01-10 18:00:00.000,50.80836
2024-01-10 20:00:00.000,59.396667
2024-01-10 22:00:00.000,45.553604
2024-01-11 00:00:00.000,25.87838
2024-01-11 02:00:00.000,17.849834
2024-01-11 04:00:00.000,20.533707
2024-01-11 06:00:00.000,34.364983
2024-01-11 08:00:00.000,43.066307
2024-01-11 10:00:00.000,45.579575
2024-01-11 12:00:00.000,46.755333
2024-01-11 14:00:00.000,43.156128
2024-01-11 16:00:00.000,44.283543
2024-01-11 18:00:00.000,51.26002
2024-01-11 20:00:00.000,59.04799
2024-01-11 22:00:00.000,45.375645
2024-01-12 00:00:00.000,26.01093
2024-01-12 02:00:00.000,17.840443
2024-01-12 04:00:00.000,20.550497
2024-01-12 06:00:00.000,32.650017
2024-01-12 08:00:00.000,42.162373
2024-01-12 10:00:00.000,44.969833
2024-01-12 12:00:00.000,47.315365
2024-01-12 14:00:00.000,43.529358
2024-01-12 16:00:00.000,44.084774
2024-01-12 18:00:00.000,51.293694
2024-01-12 20:00:00.000,60.810368
2024-01-12 22:00:00.000,48.781483
2024-01-13 00:00:00.000,27.644262
2024-01-13 02:00:00.000,17.547977
2024-01-13 04:00:00.000,18.966625
2024-01-13 06:00:00.000,31.579163
2024-01-13 08:00:00.000,48.182076
2024-01-13 10:00:00.000,50.17032
2024-01-13 12:00:00.000,50.056534
2024-01-13 14:00:00.000,44.473133
2024-01-13 16:00:00.000,42.96556
2024-01-13 18:00:00.000,48.574528
2024-01-13 20:00:00.000,57.9169
2024-01-13 22:00:00.000,50.34643
2024-01-14 00:00:00.000,29.976612
2024-01-14 02:00:00.000,17.803526
2024-01-14 04:00:00.000,17.68022
2024-01-14 06:00:00.000,28.908508
2024-01-14 08:00:00.000,47.190384
2024-01-14 10:00:00.000,51.571392
2024-01-14 12:00:00.000,51.24958
2024-01-14 14:00:00.000,46.09886
2024-01-14 16:00:00.000,44.63464
2024-01-14 18:00:00.000,50.018856
2024-01-14 20:00:00.000,55.668358
2024-01-14 22:00:00.000,44.318424
2024-01-15 00:00:00.000,25.975296
2024-01-15 02:00:00.000,17.471893
2024-01-15 04:00:00.000,20.201809
2024-01-15 06:00:00.000,32.092655
2024-01-15 08:00:00.000,41.112255
2024-01-15 10:00:00.000,44.448635
2024-01-15 12:00:00.000,46.23811
2024-01-15 14:00:00.000,43.52527
2024-01-15 16:00:00.000,43.80426
2024-01-15 18:00:00.000,50.70407
2024-01-15 20:00:00.000,57.134647
2024-01-15 22:00:00.000,43.12459
2024-01-16 00:00:00.000,24.220833
2024-01-16 02:00:00.000,17.205187
2024-01-16 04:00:00.000,20.288803
2024-01-16 06:00:00.000,32.496113
2024-01-16 08:00:00.000,41.391598
2024-01-16 10:00:00.000,44.85329
2024-01-16 12:00:00.000,46.361435
2024-01-16 14:00:00.000,43.547348
2024-01-16 16:00:00.000,44.299927
2024-01-16 18:00:00.000,50.827244
2024-01-16 20:00:00.000,58.350327
2024-01-16 22:00:00.000,43.937424
2024-01-17 00:00:00.000,24.946617
2024-01-17 02:00:00.000,17.67014
2024-01-17 04:00:00.000,21.052933
2024-01-17 06:00:00.000,33.467434
2024-01-17 08:00:00.000,42.343544
2024-01-17 10:00:00.000,44.757492
2024-01-17 12:00:00.000,46.16441
2024-01-17 14:00:00.000,43.14268
2024-01-17 16:00:00.000,44.362854
2024-01-17 18:00:00.000,52.08271
2024-01-17 20:00:00.000,58.689846
2024-01-17 22:00:00.000,43.508293
2024-01-18 00:00:00.000,24.21125
2024-01-18 02:00:00.000,17.442715
2024-01-18 04:00:00.000,21.272038
2024-01-18 06:00:00.000,34.223907
2024-01-18 08:00:00.000,43.09144
2024-01-18 10:00:00.000,45.309467
2024-01-18 12:00:00.000,46.23524
2024-01-18 14:00:00.000,43.17595
2024-01-18 16:00:00.000,44.250313
2024-01-18 18:00:00.000,51.522106
2024-01-18 20:00:00.000,58.61871
2024-01-18 22:00:00.000,43.047825
2024-01-19 00:00:00.000,23.892756
2024-01-19 02:00:00.000,17.359295
2024-01-19 04:00:00.000,20.978317
2024-01-19 06:00:00.000,34.00461
2024-01-19 08:00:00.000,43.748596
2024-01-19 10:00:00.000,46.061794
2024-01-19 12:00:00.000,47.31637
2024-01-19 14:00:00.000,42.936234
2024-01-19 16:00:00.000,43.229187
2024-01-19 18:00:00.000,50.34819
2024-01-19 20:00:00.000,59.506676
2024-01-19 22:00:00.000,46.76186
2024-01-20 00:00:00.000,26.187551
2024-01-20 02:00:00.000,17.114285
2024-01-20 04:00:00.000,19.471182
2024-01-20 06:00:00.000,33.178566
2024-01-20 08:00:00.000,48.864525
2024-01-20 10:00:00.000,50.23214
2024-01-20 12:00:00.000,49.502136
2024-01-20 14:00:00.000,44.208767
2024-01-20 16:00:00.000,43.06382
2024-01-20 18:00:00.000,48.258247
2024-01-20 20:00:00.000,57.393234
2024-01-20 22:00:00.000,48.533398
2024-01-21 00:00:00.000,28.184095
2024-01-21 02:00:00.000,17.107767
2024-01-21 04:00:00.000,17.971813
2024-01-21 06:00:00.000,30.073805
2024-01-21 08:00:00.000,47.851547
2024-01-21 10:00:00.000,50.883965
2024-01-21 12:00:00.000,50.215614
2024-01-21 14:00:00.000,45.249878
2024-01-21 16:00:00.000,43.81309
2024-01-21 18:00:00.000,49.566437
2024-01-21 20:00:00.000,55.473007
2024-01-21 22:00:00.000,42.796875
2024-01-22 00:00:00.000,24.827864
2024-01-22 02:00:00.000,17.598875
2024-01-22 04:00:00.000,20.549988
2024-01-22 06:00:00.000,32.76114
2024-01-22 08:00:00.000,41.002495
2024-01-22 10:00:00.000,44.30079
2024-01-22 12:00:00.000,45.70048
2024-01-22 14:00:00.000,43.44855
2024-01-22 16:00:00.000,44.392517
2024-01-22 18:00:00.000,51.511555
2024-01-22 20:00:00.000,58.092884
2024-01-22 22:00:00.000,42.68099
2024-01-23 00:00:00.000,23.979176
2024-01-23 02:00:00.000,17.50904
2024-01-23 04:00:00.000,21.505545
2024-01-23 06:00:00.000,35.4061
2024-01-23 08:00:00.000,44.281647
2024-01-23 10:00:00.000,46.251045
2024-01-23 12:00:00.000,46.74305
2024-01-23 14:00:00.000,43.607773
2024-01-23 16:00:00.000,44.57141
2024-01-23 18:00:00.000,51.583908
2024-01-23 20:00:00.000,57.283195
2024-01-23 22:00:00.000,42.370888
2024-01-24 00:00:00.000,23.671553
2024-01-24 02:00:00.000,17.184505
2024-01-24 04:00:00.000,21.378242
2024-01-24 06:00:00.000,35.205612
2024-01-24 08:00:00.000,43.870403
2024-01-24 10:00:00.000,45.413578
2024-01-24 12:00:00.000,45.759518
2024-01-24 14:00:00.000,42.81869
2024-01-24 16:00:00.000,44.334187
2024-01-24 18:00:00.000,51.604057
2024-01-24 20:00:00.000,58.013443
2024-01-24 22:00:00.000,42.171116
2024-01-25 00:00:00.000,23.24564
2024-01-25 02:00:00.000,17.0193
2024-01-25 04:00:00.000,21.046335
2024-01-25 06:00:00.000,34.988102
2024-01-25 08:00:00.000,44.105766
2024-01-25 10:00:00.000,45.79695
2024-01-25 12:00:00.000,46.64952
2024-01-25 14:00:00.000,43.526367
2024-01-25 16:00:00.000,44.1631
2024-01-25 18:00:00.000,50.987038
2024-01-25 20:00:00.000,57.070683
2024-01-25 22:00:00.000,41.758076
2024-01-26 00:00:00.000,23.454134
2024-01-26 02:00:00.000,16.950155
2024-01-26 04:00:00.000,21.139881
2024-01-26 06:00:00.000,33.931133
2024-01-26 08:00:00.000,42.291637
2024-01-26 10:00:00.000,44.613728
2024-01-26 12:00:00.000,46.98301
2024-01-26 14:00:00.000,43.37302
2024-01-26 16:00:00.000,43.928314
2024-01-26 18:00:00.000,51.43176
2024-01-26 20:00:00.000,59.512505
2024-01-26 22:00:00.000,46.007195
2024-01-27 00:00:00.000,25.653124
2024-01-27 02:00:00.000,17.234167
2024-01-27 04:00:00.000,19.862059
2024-01-27 06:00:00.000,34.397156
2024-01-27 08:00:00.000,49.890633
2024-01-27 10:00:00.000,50.72598
2024-01-27 12:00:00.000,49.94298
2024-01-27 14:00:00.000,44.24313
2024-01-27 16:00:00.000,42.91999
2024-01-27 18:00:00.000,48.047844
2024-01-27 20:00:00.000,57.55944
2024-01-27 22:00:00.000,47.660164
2024-01-28 00:00:00.000,27.923756
2024-01-28 02:00:00.000,17.621689
2024-01-28 04:00:00.000,18.715359
2024-01-28 06:00:00.000,32.51734
2024-01-28 08:00:00.000,48.509453
2024-01-28 10:00:00.000,50.727814
2024-01-28 12:00:00.000,50.459206
2024-01-28 14:00:00.000,45.573067
2024-01-28 16:00:00.000,44.20095
2024-01-28 18:00:00.000,50.04232
2024-01-28 20:00:00.000,55.9267
2024-01-28 22:00:00.000,42.644783
2024-01-29 00:00:00.000,24.73785
2024-01-29 02:00:00.000,17.535654
2024-01-29 04:00:00.000,21.559406
2024-01-29 06:00:00.000,35.71782
2024-01-29 08:00:00.000,44.858593
2024-01-29 10:00:00.000,46.493507
2024-01-29 12:00:00.000,46.56219
2024-01-29 14:00:00.000,43.39186
2024-01-29 16:00:00.000,44.385387
2024-01-29 18:00:00.000,51.20146
2024-01-29 20:00:00.000,58.244125
2024-01-29 22:00:00.000,42.889343
2024-01-30 00:00:00.000,24.032026
2024-01-30 02:00:00.000,17.632294
2024-01-30 04:00:00.000,22.038307
2024-01-30 06:00:00.000,36.34847
2024-01-30 08:00:00.000,44.73184
2024-01-30 10:00:00.000,46.24361
2024-01-30 12:00:00.000,46.672825
2024-01-30 14:00:00.000,43.485966
2024-01-30 16:00:00.000,44.436234
2024-01-30 18:00:00.000,51.865707
2024-01-30 20:00:00.000,58.660465
2024-01-30 22:00:00.000,42.954166
2024-01-31 00:00:00.000,23.488367
2024-02-01 02:00:00.000,17.492397
2024-02-01 04:00:00.000,22.039652
2024-02-01 06:00:00.000,35.796677
2024-02-01 08:00:00.000,43.713127
2024-02-01 10:00:00.000,44.927
2024-02-01 12:00:00.000,45.985176
2024-02-01 14:00:00.000,43.50514
2024-02-01 16:00:00.000,44.26446
2024-02-01 18:00:00.000,51.32882
2024-02-01 20:00:00.000,58.253616
2024-02-01 22:00:00.000,42.81949
2024-02-02 00:00:00.000,23.930595
2024-02-02 02:00:00.000,17.546944
2024-02-02 04:00:00.000,22.111532
2024-02-02 06:00:00.000,36.424255
2024-02-02 08:00:00.000,45.214172
2024-02-02 10:00:00.000,46.199715
2024-02-02 12:00:00.000,47.236183
2024-02-02 14:00:00.000,43.54271
2024-02-02 16:00:00.000,44.064724
2024-02-02 18:00:00.000,50.974792
2024-02-02 20:00:00.000,59.570877
2024-02-02 22:00:00.000,46.27165
2024-02-03 00:00:00.000,25.785698
2024-02-03 02:00:00.000,16.96351
2024-02-03 04:00:00.000,20.212059
2024-02-03 06:00:00.000,35.426342
2024-02-03 08:00:00.000,50.324345
2024-02-03 10:00:00.000,50.2962
2024-02-03 12:00:00.000,49.988304
2024-02-03 14:00:00.000,44.631424
2024-02-03 16:00:00.000,42.567234
2024-02-03 18:00:00.000,48.35046
2024-02-03 20:00:00.000,57.662823
2024-02-03 22:00:00.000,48.253853
2024-02-04 00:00:00.000,28.038069
2024-02-04 02:00:00.000,17.554153
2024-02-04 04:00:00.000,18.692217
2024-02-04 06:00:00.000,31.874756
2024-02-04 08:00:00.000,48.898308
2024-02-04 10:00:00.000,50.993126
2024-02-04 12:00:00.000,50.76003
2024-02-04 14:00:00.000,46.000706
2024-02-04 16:00:00.000,43.930634
2024-02-04 18:00:00.000,49.98488
2024-02-04 20:00:00.000,56.332207
2024-02-04 22:00:00.000,43.96395
2024-02-05 00:00:00.000,25.331478
2024-02-05 02:00:00.000,17.786894
2024-02-05 04:00:00.000,21.737535
2024-02-05 06:00:00.000,35.456615
2024-02-05 08:00:00.000,44.282883
2024-02-05 10:00:00.000,45.72655
2024-02-05 12:00:00.000,46.708755
2024-02-05 14:00:00.000,44.193638
2024-02-05 16:00:00.000,44.287872
2024-02-05 18:00:00.000,50.9162
2024-02-05 20:00:00.000,58.22341
2024-02-05 22:00:00.000,43.074554
2024-02-06 00:00:00.000,23.805027
2024-02-06 02:00:00.000,17.244114
2024-02-06 04:00:00.000,21.79889
2024-02-06 06:00:00.000,36.217884
2024-02-06 08:00:00.000,44.96322
2024-02-06 10:00:00.000,46.372715
2024-02-06 12:00:00.000,47.42775
2024-02-06 14:00:00.000,44.863033
2024-02-06 16:00:00.000,45.040794
2024-02-06 18:00:00.000,51.7706
2024-02-06 20:00:00.000,59.055687
2024-02-06 22:00:00.000,42.97659
2024-02-07 00:00:00.000,23.471878
2024-02-07 02:00:00.000,17.028486
2024-02-07 04:00:00.000,21.783415
2024-02-07 06:00:00.000,36.60885
2024-02-07 08:00:00.000,44.974228
2024-02-07 10:00:00.000,46.04194
2024-02-07 12:00:00.000,47.221634
2024-02-07 14:00:00.000,44.25033
2024-02-07 16:00:00.000,44.392094
2024-02-07 18:00:00.000,51.220005
2024-02-07 20:00:00.000,58.514503
2024-02-07 22:00:00.000,42.949043
2024-02-08 00:00:00.000,23.527325
2024-02-08 02:00:00.000,16.521416
2024-02-08 04:00:00.000,21.254725
2024-02-08 06:00:00.000,36.396217
2024-02-08 08:00:00.000,44.777615
2024-02-08 10:00:00.000,46.02087
2024-02-08 12:00:00.000,47.486847
2024-02-08 14:00:00.000,44.478405
2024-02-08 16:00:00.000,44.30813
2024-02-08 18:00:00.000,50.82587
2024-02-08 20:00:00.000,58.000874
2024-02-08 22:00:00.000,42.217926
2024-02-09 00:00:00.000,23.527006
2024-02-09 02:00:00.000,16.351665
2024-02-09 04:00:00.000,21.172812
2024-02-09 06:00:00.000,36.07376
2024-02-09 08:00:00.000,44.839344
2024-02-09 10:00:00.000,45.64855
2024-02-09 12:00:00.000,47.54949
2024-02-09 14:00:00.000,44.039368
2024-02-09 16:00:00.000,43.287365
2024-02-09 18:00:00.000,49.848408
2024-02-09 20:00:00.000,59.563293
2024-02-09 22:00:00.000,45.828815
2024-02-10 00:00:00.000,25.421528
2024-02-10 02:00:00.000,16.984777
2024-02-10 04:00:00.000,20.206638
2024-02-10 06:00:00.000,36.306877
2024-02-10 08:00:00.000,50.726746
2024-02-10 10:00:00.000,50.430004
2024-02-10 12:00:00.000,50.29279
2024-02-10 14:00:00.000,45.04977
2024-02-10 16:00:00.000,42.85991
2024-02-10 18:00:00.000,48.752377
2024-02-10 20:00:00.000,57.336414
2024-02-10 22:00:00.000,47.103672
2024-02-11 00:00:00.000,27.381023
2024-02-11 02:00:00.000,17.346155
2024-02-11 04:00:00.000,19.142727
2024-02-11 06:00:00.000,33.747463
2024-02-11 08:00:00.000,50.584393
2024-02-11 10:00:00.000,51.87468
2024-02-11 12:00:00.000,51.861088
2024-02-11 14:00:00.000,46.904736
2024-02-11 16:00:00.000,44.59019
2024-02-11 18:00:00.000,49.99943
2024-02-11 20:00:00.000,55.915016
2024-02-11 22:00:00.000,42.18489
2024-02-12 00:00:00.000,24.295174
2024-02-12 02:00:00.000,16.90483
2024-02-12 04:00:00.000,21.174435
2024-02-12 06:00:00.000,35.580643
2024-02-12 08:00:00.000,44.756523
2024-02-12 10:00:00.000,45.61285
2024-02-12 12:00:00.000,47.01787
2024-02-12 14:00:00.000,44.092148
2024-02-12 16:00:00.000,44.038216
2024-02-12 18:00:00.000,51.40511
2024-02-12 20:00:00.000,58.516834
2024-02-12 22:00:00.000,42.686493
2024-02-13 00:00:00.000,23.361916
2024-02-13 02:00:00.000,16.866512
2024-02-13 04:00:00.000,21.578573
2024-02-13 06:00:00.000,36.296585
2024-02-13 08:00:00.000,44.697697
2024-02-13 10:00:00.000,45.72803
2024-02-13 12:00:00.000,46.978085
2024-02-13 14:00:00.000,43.920246
2024-02-13 16:00:00.000,43.83143
2024-02-13 18:00:00.000,50.94628
2024-02-13 20:00:00.000,58.290287
2024-02-13 22:00:00.000,42.584507
2024-02-14 00:00:00.000,23.261522
2024-02-14 02:00:00.000,16.348408
2024-02-14 04:00:00.000,21.128258
2024-02-14 06:00:00.000,36.95722
2024-02-14 08:00:00.000,46.545708
2024-02-14 10:00:00.000,47.449688
2024-02-14 12:00:00.000,47.64127
2024-02-14 14:00:00.000,43.60898
2024-02-14 16:00:00.000,43.668465
2024-02-14 18:00:00.000,51.07038
2024-02-14 20:00:00.000,58.061752
2024-02-14 22:00:00.000,42.154613
2024-02-15 00:00:00.000,22.657291
2024-02-15 02:00:00.000,16.291935
2024-02-15 04:00:00.000,21.423069
2024-02-15 06:00:00.000,37.56839
2024-02-15 08:00:00.000,46.583755
2024-02-15 10:00:00.000,46.912758
2024-02-15 12:00:00.000,47.815456
2024-02-15 14:00:00.000,44.644123
2024-02-15 16:00:00.000,44.08374
2024-02-15 18:00:00.000,51.062016
2024-02-15 20:00:00.000,58.03705
2024-02-15 22:00:00.000,41.955612
2024-02-16 00:00:00.000,22.749147
2024-02-16 02:00:00.000,16.559675
2024-02-16 04:00:00.000,21.657314
2024-02-16 06:00:00.000,37.739155
2024-02-16 08:00:00.000,46.86474
2024-02-16 10:00:00.000,46.69799
2024-02-16 12:00:00.000,48.382175
2024-02-16 14:00:00.000,45.357082
2024-02-16 16:00:00.000,44.37879
2024-02-16 18:00:00.000,51.315407
2024-02-16 20:00:00.000,60.041557
2024-02-16 22:00:00.000,45.74899
2024-02-17 00:00:00.000,25.193716
2024-02-17 02:00:00.000,16.81128
2024-02-17 04:00:00.000,20.239399
2024-02-17 06:00:00.000,36.156494
2024-02-17 08:00:00.000,50.38441
2024-02-17 10:00:00.000,50.748146
2024-02-17 12:00:00.000,50.767113
2024-02-17 14:00:00.000,45.543884
2024-02-17 16:00:00.000,43.016556
2024-02-17 18:00:00.000,48.668293
2024-02-17 20:00:00.000,57.451084
2024-02-17 22:00:00.000,47.215126
2024-02-18 00:00:00.000,26.826117
2024-02-18 02:00:00.000,16.809355
2024-02-18 04:00:00.000,18.776304
2024-02-18 06:00:00.000,32.901337
2024-02-18 08:00:00.000,48.121586
2024-02-18 10:00:00.000,51.17664
2024-02-18 12:00:00.000,52.233093
2024-02-18 14:00:00.000,46.999302
2024-02-18 16:00:00.000,44.56964
2024-02-18 18:00:00.000,50.26008
2024-02-18 20:00:00.000,56.14456
2024-02-18 22:00:00.000,43.65099
2024-02-19 00:00:00.000,25.2856
2024-02-19 02:00:00.000,18.191051
2024-02-19 04:00:00.000,23.040285
2024-02-19 06:00:00.000,36.697197
2024-02-19 08:00:00.000,45.844242
2024-02-19 10:00:00.000,46.72879
2024-02-19 12:00:00.000,47.678215
2024-02-19 14:00:00.000,44.916367
2024-02-19 16:00:00.000,44.170113
2024-02-19 18:00:00.000,50.89031
2024-02-19 20:00:00.000,57.78396
2024-02-19 22:00:00.000,42.486618
2024-02-20 00:00:00.000,23.376478
2024-02-20 02:00:00.000,17.214764
2024-02-20 04:00:00.000,22.75311
2024-02-20 06:00:00.000,37.296944
2024-02-20 08:00:00.000,45.92134
2024-02-20 10:00:00.000,46.69371
2024-02-20 12:00:00.000,47.434925
2024-02-20 14:00:00.000,44.692123
2024-02-20 16:00:00.000,44.498676
2024-02-20 18:00:00.000,52.08515
2024-02-20 20:00:00.000,59.40716
2024-02-20 22:00:00.000,43.12942
2024-02-21 00:00:00.000,23.356337
2024-02-21 02:00:00.000,16.958853
2024-02-21 04:00:00.000,22.556438
2024-02-21 06:00:00.000,37.388405
2024-02-21 08:00:00.000,46.26089
2024-02-21 10:00:00.000,46.987946
2024-02-21 12:00:00.000,47.77586
2024-02-21 14:00:00.000,44.7628
2024-02-21 16:00:00.000,44.91717
2024-02-21 18:00:00.000,52.335213
2024-02-21 20:00:00.000,59.722473
2024-02-21 22:00:00.000,43.447567
2024-02-22 00:00:00.000,23.601727
2024-02-22 02:00:00.000,17.313576
2024-02-22 04:00:00.000,22.824497
2024-02-22 06:00:00.000,38.350384
2024-02-22 08:00:00.000,47.26424
2024-02-22 10:00:00.000,48.89712
2024-02-22 12:00:00.000,49.723053
2024-02-22 14:00:00.000,45.522797
2024-02-22 16:00:00.000,44.663544
2024-02-22 18:00:00.000,51.547306
2024-02-22 20:00:00.000,61.217144
2024-02-22 22:00:00.000,47.34088
2024-02-23 00:00:00.000,26.328873
2024-02-23 02:00:00.000,17.665573
2024-02-23 04:00:00.000,21.69623
2024-02-23 06:00:00.000,38.58221
2024-02-23 08:00:00.000,54.601276
2024-02-23 10:00:00.000,54.057186
2024-02-23 12:00:00.000,51.215046
2024-02-23 14:00:00.000,45.293495
2024-02-23 16:00:00.000,42.705692
2024-02-23 18:00:00.000,49.138454
2024-02-23 20:00:00.000,58.436005
2024-02-23 22:00:00.000,47.2704
2024-02-24 00:00:00.000,27.126732
2024-02-24 02:00:00.000,17.50223
2024-02-24 04:00:00.000,19.943476
2024-02-24 06:00:00.000,34.890377
2024-02-24 08:00:00.000,49.373043
2024-02-24 10:00:00.000,50.698196
2024-02-24 12:00:00.000,50.51097
2024-02-24 14:00:00.000,45.6036
2024-02-24 16:00:00.000,43.38666
2024-02-24 18:00:00.000,49.288155
2024-02-24 20:00:00.000,57.739258
2024-02-24 22:00:00.000,47.553978
2024-02-25 00:00:00.000,27.544855
2024-02-25 02:00:00.000,17.869127
2024-02-25 04:00:00.000,19.603937
2024-02-25 06:00:00.000,33.482952
2024-02-25 08:00:00.000,48.87606
2024-02-25 10:00:00.000,51.49123
2024-02-25 12:00:00.000,51.405598
2024-02-25 14:00:00.000,47.393345
2024-02-25 16:00:00.000,45.184772
2024-02-25 18:00:00.000,50.787098
2024-02-25 20:00:00.000,56.232857
2024-02-25 22:00:00.000,43.542614
2024-02-26 00:00:00.000,25.352488
2024-02-26 02:00:00.000,18.141253
2024-02-26 04:00:00.000,22.484537
2024-02-26 06:00:00.000,36.40969
2024-02-26 08:00:00.000,43.479713
2024-02-26 10:00:00.000,44.89242
2024-02-26 12:00:00.000,46.512787
2024-02-26 14:00:00.000,44.59201
2024-02-26 16:00:00.000,45.008278
2024-02-26 18:00:00.000,52.73245
2024-02-26 20:00:00.000,59.93171
2024-02-26 22:00:00.000,42.954594
2024-02-27 00:00:00.000,23.804148
2024-02-27 02:00:00.000,17.462282
2024-02-27 04:00:00.000,22.389153
2024-02-27 06:00:00.000,36.67755
2024-02-27 08:00:00.000,43.53402
2024-02-27 10:00:00.000,43.75157
2024-02-27 12:00:00.000,44.60257
2024-02-27 14:00:00.000,44.367638
2024-02-27 16:00:00.000,44.765015
2024-02-27 18:00:00.000,52.63265
2024-02-27 20:00:00.000,59.579487
2024-02-27 22:00:00.000,42.222637
2024-02-28 00:00:00.000,22.978088
2024-02-28 02:00:00.000,16.941513
2024-02-28 04:00:00.000,22.055023
2024-02-28 06:00:00.000,36.555542
2024-02-28 08:00:00.000,43.064392
2024-02-28 10:00:00.000,43.88724
2024-02-28 12:00:00.000,45.968876
2024-02-28 14:00:00.000,44.133194
2024-02-28 16:00:00.000,44.657295
2024-02-28 18:00:00.000,51.800983
2024-02-28 20:00:00.000,58.7439
2024-02-28 22:00:00.000,41.2857
2024-02-29 00:00:00.000,22.689898
2024-03-01 02:00:00.000,17.2771
2024-03-01 04:00:00.000,22.447706
2024-03-01 06:00:00.000,36.520664
2024-03-01 08:00:00.000,43.26627
2024-03-01 10:00:00.000,44.94721
2024-03-01 12:00:00.000,48.275578
2024-03-01 14:00:00.000,45.829067
2024-03-01 16:00:00.000,45.124447
2024-03-01 18:00:00.000,52.27524
2024-03-01 20:00:00.000,61.58677
2024-03-01 22:00:00.000,45.999332
2024-03-02 00:00:00.000,25.082407
2024-03-02 02:00:00.000,17.46906
2024-03-02 04:00:00.000,21.591572
2024-03-02 06:00:00.000,37.900707
2024-03-02 08:00:00.000,49.82538
2024-03-02 10:00:00.000,49.598305
2024-03-02 12:00:00.000,49.404636
2024-03-02 14:00:00.000,44.77948
2024-03-02 16:00:00.000,43.108143
2024-03-02 18:00:00.000,48.641754
2024-03-02 20:00:00.000,57.311096
2024-03-02 22:00:00.000,46.577286
2024-03-03 00:00:00.000,26.978148
2024-03-03 02:00:00.000,17.854052
2024-03-03 04:00:00.000,20.337208
2024-03-03 06:00:00.000,35.65609
2024-03-03 08:00:00.000,50.08024
2024-03-03 10:00:00.000,50.630436
2024-03-03 12:00:00.000,50.095863
2024-03-03 14:00:00.000,46.281155
2024-03-03 16:00:00.000,44.595932
2024-03-03 18:00:00.000,50.38876
2024-03-03 20:00:00.000,56.54449
2024-03-03 22:00:00.000,42.816566
2024-03-04 00:00:00.000,24.408304
2024-03-04 02:00:00.000,17.989948
2024-03-04 04:00:00.000,22.924358
2024-03-04 06:00:00.000,37.31563
2024-03-04 08:00:00.000,43.938267
2024-03-04 10:00:00.000,44.77923
2024-03-04 12:00:00.000,46.483253
2024-03-04 14:00:00.000,45.199844
2024-03-04 16:00:00.000,46.21314
2024-03-04 18:00:00.000,52.685204
2024-03-04 20:00:00.000,59.820213
2024-03-04 22:00:00.000,42.169582
2024-03-05 00:00:00.000,23.145264
2024-03-05 02:00:00.000,17.69143
2024-03-05 04:00:00.000,23.246458
2024-03-05 06:00:00.000,37.869442
2024-03-05 08:00:00.000,43.576176
2024-03-05 10:00:00.000,44.850147
2024-03-05 12:00:00.000,46.98098
2024-03-05 14:00:00.000,45.400646
2024-03-05 16:00:00.000,43.70098
2024-03-05 18:00:00.000,49.290844
2024-03-05 20:00:00.000,60.256138
2024-03-05 22:00:00.000,42.68012
2024-03-06 00:00:00.000,22.803905
2024-03-06 02:00:00.000,17.217197
2024-03-06 04:00:00.000,22.83186
2024-03-06 06:00:00.000,37.676907
2024-03-06 08:00:00.000,43.230503
2024-03-06 10:00:00.000,44.297127
2024-03-06 12:00:00.000,46.56675
2024-03-06 14:00:00.000,44.86618
2024-03-06 16:00:00.000,45.323437
2024-03-06 18:00:00.000,52.74705
2024-03-06 20:00:00.000,59.990643
2024-03-06 22:00:00.000,42.385998
2024-03-07 00:00:00.000,22.998865
2024-03-07 02:00:00.000,17.624046
2024-03-07 04:00:00.000,23.67837
2024-03-07 06:00:00.000,38.796764
2024-03-07 08:00:00.000,45.631367
2024-03-07 10:00:00.000,48.58475
2024-03-07 12:00:00.000,49.895477
2024-03-07 14:00:00.000,46.19407
2024-03-07 16:00:00.000,45.410515
2024-03-07 18:00:00.000,52.179794
2024-03-07 20:00:00.000,61.6448
2024-03-07 22:00:00.000,46.30286
2024-03-08 00:00:00.000,25.225159
2024-03-08 02:00:00.000,18.152748
2024-03-08 04:00:00.000,22.486048
2024-03-08 06:00:00.000,39.775764
2024-03-08 08:00:00.000,52.055077
2024-03-08 10:00:00.000,52.19952
2024-03-08 12:00:00.000,50.183968
2024-03-08 14:00:00.000,45.43165
2024-03-08 16:00:00.000,43.622047
2024-03-08 18:00:00.000,49.742474
2024-03-08 20:00:00.000,58.801147
2024-03-08 22:00:00.000,45.932198
2024-03-09 00:00:00.000,25.54225
2024-03-09 02:00:00.000,16.91642
2024-03-09 04:00:00.000,20.39565
2024-03-09 06:00:00.000,36.13278
2024-03-09 08:00:00.000,49.287266
2024-03-09 10:00:00.000,49.583607
2024-03-09 12:00:00.000,49.465107
2024-03-09 14:00:00.000,45.61371
2024-03-09 16:00:00.000,43.332947
2024-03-09 18:00:00.000,48.859226
2024-03-09 20:00:00.000,57.67128
2024-03-09 22:00:00.000,47.068363
2024-03-10 00:00:00.000,26.915556
2024-03-10 02:00:00.000,17.534924
2024-03-10 04:00:00.000,20.306667
2024-03-10 06:00:00.000,35.11157
2024-03-10 08:00:00.000,48.55885
2024-03-10 10:00:00.000,50.21206
2024-03-10 12:00:00.000,50.463524
2024-03-10 14:00:00.000,46.524853
2024-03-10 16:00:00.000,44.299534
2024-03-10 18:00:00.000,49.43543
2024-03-10 20:00:00.000,55.81141
2024-03-10 22:00:00.000,42.0041
2024-03-11 00:00:00.000,23.874996
2024-03-11 02:00:00.000,17.703384
2024-03-11 04:00:00.000,22.87197
2024-03-11 06:00:00.000,36.68594
2024-03-11 08:00:00.000,42.689053
2024-03-11 10:00:00.000,44.036602
2024-03-11 12:00:00.000,45.884224
2024-03-11 14:00:00.000,45.70484
2024-03-11 16:00:00.000,45.40167
2024-03-11 18:00:00.000,51.957882
2024-03-11 20:00:00.000,59.295994
2024-03-11 22:00:00.000,39.182327
2024-03-12 00:00:00.000,21.235447
2024-03-12 02:00:00.000,17.356058
2024-03-12 04:00:00.000,23.020346
2024-03-12 06:00:00.000,36.952847
2024-03-12 08:00:00.000,42.290035
2024-03-12 10:00:00.000,43.329506
2024-03-12 12:00:00.000,45.3683
2024-03-12 14:00:00.000,45.520065
2024-03-12 16:00:00.000,45.044815
2024-03-12 18:00:00.000,52.91238
2024-03-12 20:00:00.000,60.165882
2024-03-12 22:00:00.000,39.59453
2024-03-13 00:00:00.000,21.392153
2024-03-13 02:00:00.000,17.360973
2024-03-13 04:00:00.000,23.418728
2024-03-13 06:00:00.000,37.46752
2024-03-13 08:00:00.000,42.702114
2024-03-13 10:00:00.000,43.745274
2024-03-13 12:00:00.000,45.43677
2024-03-13 14:00:00.000,45.0052
2024-03-13 16:00:00.000,44.852417
2024-03-13 18:00:00.000,52.38923
2024-03-13 20:00:00.000,59.47971
2024-03-13 22:00:00.000,39.32661
2024-03-14 00:00:00.000,21.111952
2024-03-14 02:00:00.000,17.460821
2024-03-14 04:00:00.000,23.347614
2024-03-14 06:00:00.000,37.49161
2024-03-14 08:00:00.000,43.405
2024-03-14 10:00:00.000,45.14631
2024-03-14 12:00:00.000,47.04385
2024-03-14 14:00:00.000,46.234566
2024-03-14 16:00:00.000,45.301243
2024-03-14 18:00:00.000,52.4475
2024-03-14 20:00:00.000,59.855473
2024-03-14 22:00:00.000,40.755104
2024-03-15 00:00:00.000,22.099354
2024-03-15 02:00:00.000,18.043919
2024-03-15 04:00:00.000,24.218325
2024-03-15 06:00:00.000,40.498775
2024-03-15 08:00:00.000,49.17178
2024-03-15 10:00:00.000,48.544746
2024-03-15 12:00:00.000,47.71596
2024-03-15 14:00:00.000,44.597034
2024-03-15 16:00:00.000,43.203354
2024-03-15 18:00:00.000,50.64085
2024-03-15 20:00:00.000,59.260284
2024-03-15 22:00:00.000,43.307926
2024-03-16 00:00:00.000,23.848274
2024-03-16 02:00:00.000,17.957773
2024-03-16 04:00:00.000,22.124672
2024-03-16 06:00:00.000,38.087643
2024-03-16 08:00:00.000,48.924507
2024-03-16 10:00:00.000,48.16454
2024-03-16 12:00:00.000,48.07958
2024-03-16 14:00:00.000,44.07084
2024-03-16 16:00:00.000,41.682343
2024-03-16 18:00:00.000,48.051113
2024-03-16 20:00:00.000,57.351284
2024-03-16 22:00:00.000,44.35762
2024-03-17 00:00:00.000,25.230038
2024-03-17 02:00:00.000,17.915644
2024-03-17 04:00:00.000,20.978397
2024-03-17 06:00:00.000,35.110123
2024-03-17 08:00:00.000,48.052776
2024-03-17 10:00:00.000,48.98368
2024-03-17 12:00:00.000,49.221916
2024-03-17 14:00:00.000,46.147434
2024-03-17 16:00:00.000,43.958714
2024-03-17 18:00:00.000,49.795696
2024-03-17 20:00:00.000,55.76728
2024-03-17 22:00:00.000,40.640614
2024-03-18 00:00:00.000,22.991476
2024-03-18 02:00:00.000,18.161976
2024-03-18 04:00:00.000,23.44502
2024-03-18 06:00:00.000,37.02066
2024-03-18 08:00:00.000,43.673557
2024-03-18 10:00:00.000,44.56517
2024-03-18 12:00:00.000,45.941097
2024-03-18 14:00:00.000,44.78006
2024-03-18 16:00:00.000,43.899124
2024-03-18 18:00:00.000,51.110786
2024-03-18 20:00:00.000,58.340187
2024-03-18 22:00:00.000,39.60282
2024-03-19 00:00:00.000,21.323204
2024-03-19 02:00:00.000,17.368174
2024-03-19 04:00:00.000,23.201986
2024-03-19 06:00:00.000,36.737152
2024-03-19 08:00:00.000,41.912125
2024-03-19 10:00:00.000,43.19112
2024-03-19 12:00:00.000,45.325382
2024-03-19 14:00:00.000,44.682713
2024-03-19 16:00:00.000,44.43891
2024-03-19 18:00:00.000,52.525806
2024-03-19 20:00:00.000,59.522823
2024-03-19 22:00:00.000,39.978683
2024-03-20 00:00:00.000,21.371058
2024-03-20 02:00:00.000,17.390427
2024-03-20 04:00:00.000,23.116556
2024-03-20 06:00:00.000,36.3929
2024-03-20 08:00:00.000,42.05511
2024-03-20 10:00:00.000,43.37967
2024-03-20 12:00:00.000,45.395267
2024-03-20 14:00:00.000,44.52338
2024-03-20 16:00:00.000,43.97352
2024-03-20 18:00:00.000,51.85715
2024-03-20 20:00:00.000,59.022537
2024-03-20 22:00:00.000,40.0516
2024-03-21 00:00:00.000,21.603453
2024-03-21 02:00:00.000,17.435635
2024-03-21 04:00:00.000,23.336493
2024-03-21 06:00:00.000,37.419765
2024-03-21 08:00:00.000,42.984074
2024-03-21 10:00:00.000,44.025024
2024-03-21 12:00:00.000,46.023697
2024-03-21 14:00:00.000,44.863525
2024-03-21 16:00:00.000,44.470383
2024-03-21 18:00:00.000,51.76254
2024-03-21 20:00:00.000,58.69784
2024-03-21 22:00:00.000,39.748188
2024-03-22 00:00:00.000,21.462389
2024-03-22 02:00:00.000,17.587378
2024-03-22 04:00:00.000,23.669802
2024-03-22 06:00:00.000,37.860195
2024-03-22 08:00:00.000,44.08299
2024-03-22 10:00:00.000,45.497284
2024-03-22 12:00:00.000,47.17208
2024-03-22 14:00:00.000,45.076614
2024-03-22 16:00:00.000,44.668583
2024-03-22 18:00:00.000,51.924076
2024-03-22 20:00:00.000,59.886196
2024-03-22 22:00:00.000,44.400715
2024-03-23 00:00:00.000,24.269201
2024-03-23 02:00:00.000,18.006502
2024-03-23 04:00:00.000,22.65177
2024-03-23 06:00:00.000,38.658936
2024-03-23 08:00:00.000,50.36558
2024-03-23 10:00:00.000,50.65593
2024-03-23 12:00:00.000,50.312286
2024-03-23 14:00:00.000,46.45539
2024-03-23 16:00:00.000,43.728344
2024-03-23 18:00:00.000,49.552444
2024-03-23 20:00:00.000,57.66359
2024-03-23 22:00:00.000,44.983177
2024-03-24 00:00:00.000,25.625124
2024-03-24 02:00:00.000,18.577944
2024-03-24 04:00:00.000,21.710722
2024-03-24 06:00:00.000,36.33926
2024-03-24 08:00:00.000,49.728893
2024-03-24 10:00:00.000,51.379585
2024-03-24 12:00:00.000,52.096687
2024-03-24 14:00:00.000,48.283733
2024-03-24 16:00:00.000,45.78392
2024-03-24 18:00:00.000,51.08787
2024-03-24 20:00:00.000,57.19713
2024-03-24 22:00:00.000,42.987026
2024-03-25 00:00:00.000,24.659939
2024-03-25 02:00:00.000,19.187124
2024-03-25 04:00:00.000,24.103573
2024-03-25 06:00:00.000,38.15709
2024-03-25 08:00:00.000,46.548958
2024-03-25 10:00:00.000,47.68321
2024-03-25 12:00:00.000,47.34835
2024-03-25 14:00:00.000,45.75381
2024-03-25 16:00:00.000,45.46975
2024-03-25 18:00:00.000,53.639477
2024-03-25 20:00:00.000,60.50265
2024-03-25 22:00:00.000,42.51945
2024-03-26 00:00:00.000,23.188007
2024-03-26 02:00:00.000,18.682568
2024-03-26 04:00:00.000,23.72101
2024-03-26 06:00:00.000,38.207977
2024-03-26 08:00:00.000,46.933372
2024-03-26 10:00:00.000,47.660034
2024-03-26 12:00:00.000,47.77843
2024-03-26 14:00:00.000,46.062653
2024-03-26 16:00:00.000,45.77547
2024-03-26 18:00:00.000,53.27207
2024-03-26 20:00:00.000,60.95276
2024-03-26 22:00:00.000,42.631416
2024-03-27 00:00:00.000,22.872448
2024-03-27 02:00:00.000,18.422678
2024-03-27 04:00:00.000,23.874311
2024-03-27 06:00:00.000,38.856037
2024-03-27 08:00:00.000,47.39871
2024-03-27 10:00:00.000,48.20102
2024-03-27 12:00:00.000,47.81346
2024-03-27 14:00:00.000,45.994038
2024-03-27 16:00:00.000,45.67095
2024-03-27 18:00:00.000,53.16145
2024-03-27 20:00:00.000,60.40938
2024-03-27 22:00:00.000,42.15059
2024-03-28 00:00:00.000,22.418154
2024-03-28 02:00:00.000,17.728199
2024-03-28 04:00:00.000,23.31646
2024-03-28 06:00:00.000,38.591118
2024-03-28 08:00:00.000,47.117195
2024-03-28 10:00:00.000,47.188255
2024-03-28 12:00:00.000,46.54155
2024-03-28 14:00:00.000,44.42107
2024-03-28 16:00:00.000,43.875214
2024-03-28 18:00:00.000,51.55938
2024-03-28 20:00:00.000,59.93875
2024-03-28 22:00:00.000,42.740612
2024-03-29 00:00:00.000,23.116503
2024-03-29 02:00:00.000,17.740198
2024-03-29 04:00:00.000,22.23231
2024-03-29 06:00:00.000,36.928257
2024-03-29 08:00:00.000,45.86367
2024-03-29 10:00:00.000,46.982456
2024-03-29 12:00:00.000,47.899788
2024-03-29 14:00:00.000,44.771027
2024-03-29 16:00:00.000,43.994743
2024-03-29 18:00:00.000,51.073868
2024-03-29 20:00:00.000,60.50406
2024-03-29 22:00:00.000,45.611084
2024-03-30 00:00:00.000,25.228886
2024-03-30 02:00:00.000,18.601952
2024-03-30 04:00:00.000,22.3569
2024-03-30 06:00:00.000,38.11394
2024-03-30 08:00:00.000,50.143955
2024-03-30 10:00:00.000,50.846874
2024-03-30 12:00:00.000,50.58183
2024-03-30 14:00:00.000,46.462543
2024-03-30 16:00:00.000,44.02453
2024-03-30 18:00:00.000,50.12697
2024-03-30 20:00:00.000,59.63997
2024-03-30 22:00:00.000,46.673367
2024-03-31 00:00:00.000,26.717524
2024-04-01 02:00:00.000,18.70308
2024-04-01 04:00:00.000,23.89803
2024-04-01 06:00:00.000,37.417477
2024-04-01 08:00:00.000,42.502037
2024-04-01 10:00:00.000,42.265774
2024-04-01 12:00:00.000,44.684647
2024-04-01 14:00:00.000,44.74886
2024-04-01 16:00:00.000,44.38141
2024-04-01 18:00:00.000,52.463737
2024-04-01 20:00:00.000,60.970222
2024-04-01 22:00:00.000,41.87774
2024-04-02 00:00:00.000,22.364767
2024-04-02 02:00:00.000,17.734669
2024-04-02 04:00:00.000,23.607994
2024-04-02 06:00:00.000,37.120518
2024-04-02 08:00:00.000,42.323925
2024-04-02 10:00:00.000,42.91494
2024-04-02 12:00:00.000,45.25537
2024-04-02 14:00:00.000,44.894234
2024-04-02 16:00:00.000,44.52301
2024-04-02 18:00:00.000,52.614876
2024-04-02 20:00:00.000,60.51706
2024-04-02 22:00:00.000,40.903824
2024-04-03 00:00:00.000,21.678244
2024-04-03 02:00:00.000,17.528011
2024-04-03 04:00:00.000,23.560453
2024-04-03 06:00:00.000,36.606094
2024-04-03 08:00:00.000,40.688038
2024-04-03 10:00:00.000,41.921757
2024-04-03 12:00:00.000,45.217106
2024-04-03 14:00:00.000,45.574673
2024-04-03 16:00:00.000,46.400677
2024-04-03 18:00:00.000,53.330032
2024-04-03 20:00:00.000,59.81739
2024-04-03 22:00:00.000,40.39014
2024-04-04 00:00:00.000,21.471916
2024-04-04 02:00:00.000,17.365582
2024-04-04 04:00:00.000,23.450184
2024-04-04 06:00:00.000,36.851116
2024-04-04 08:00:00.000,41.46233
2024-04-04 10:00:00.000,42.71532
2024-04-04 12:00:00.000,45.730988
2024-04-04 14:00:00.000,45.378918
2024-04-04 16:00:00.000,45.40124
2024-04-04 18:00:00.000,53.041927
2024-04-04 20:00:00.000,59.79869
2024-04-04 22:00:00.000,40.296818
2024-04-05 00:00:00.000,21.225363
2024-04-05 02:00:00.000,17.182713
2024-04-05 04:00:00.000,23.06264
2024-04-05 06:00:00.000,36.08224
2024-04-05 08:00:00.000,41.170387
2024-04-05 10:00:00.000,42.737766
2024-04-05 12:00:00.000,45.6983
2024-04-05 14:00:00.000,45.010483
2024-04-05 16:00:00.000,44.868877
2024-04-05 18:00:00.000,52.570267
2024-04-05 20:00:00.000,61.36438
2024-04-05 22:00:00.000,43.793167
2024-04-06 00:00:00.000,23.783184
2024-04-06 02:00:00.000,17.795595
2024-04-06 04:00:00.000,22.62421
2024-04-06 06:00:00.000,39.01938
2024-04-06 08:00:00.000,48.914463
2024-04-06 10:00:00.000,49.641396
2024-04-06 12:00:00.000,49.781387
2024-04-06 14:00:00.000,45.98293
2024-04-06 16:00:00.000,43.858612
2024-04-06 18:00:00.000,49.65968
2024-04-06 20:00:00.000,58.89725
2024-04-06 22:00:00.000,45.73851
2024-04-07 00:00:00.000,25.73333
2024-04-07 02:00:00.000,18.445011
2024-04-07 04:00:00.000,21.434486
2024-04-07 06:00:00.000,36.340527
2024-04-07 08:00:00.000,48.49042
2024-04-07 10:00:00.000,50.42392
2024-04-07 12:00:00.000,51.188835
2024-04-07 14:00:00.000,47.4387
2024-04-07 16:00:00.000,44.66204
2024-04-07 18:00:00.000,49.96502
2024-04-07 20:00:00.000,57.284145
2024-04-07 22:00:00.000,41.73657
2024-04-08 00:00:00.000,23.779554
2024-04-08 02:00:00.000,18.209364
2024-04-08 04:00:00.000,22.903303
2024-04-08 06:00:00.000,35.85479
2024-04-08 08:00:00.000,41.95482
2024-04-08 10:00:00.000,43.345303
2024-04-08 12:00:00.000,45.576157
2024-04-08 14:00:00.000,45.40945
2024-04-08 16:00:00.000,44.403385
2024-04-08 18:00:00.000,50.80965
2024-04-08 20:00:00.000,57.942486
2024-04-08 22:00:00.000,40.96982
2024-04-09 00:00:00.000,22.297441
2024-04-09 02:00:00.000,17.470085
2024-04-09 04:00:00.000,22.723766
2024-04-09 06:00:00.000,35.931908
2024-04-09 08:00:00.000,41.36595
2024-04-09 10:00:00.000,43.111126
2024-04-09 12:00:00.000,45.38051
2024-04-09 14:00:00.000,44.97866
2024-04-09 16:00:00.000,44.124695
2024-04-09 18:00:00.000,52.780277
2024-04-09 20:00:00.000,61.149025
2024-04-09 22:00:00.000,43.1292
2024-04-10 00:00:00.000,22.805552
2024-04-10 02:00:00.000,16.964504
2024-04-10 04:00:00.000,24.13637
2024-04-10 06:00:00.000,37.2459
2024-04-10 08:00:00.000,42.899067
2024-04-10 10:00:00.000,44.16238
2024-04-10 12:00:00.000,45.591892
2024-04-10 14:00:00.000,44.704674
2024-04-10 16:00:00.000,44.22241
2024-04-10 18:00:00.000,52.266613
2024-04-10 20:00:00.000,60.196133
2024-04-10 22:00:00.000,41.58763
2024-04-11 00:00:00.000,22.15953
2024-04-11 02:00:00.000,16.606913
2024-04-11 04:00:00.000,23.236181
2024-04-11 06:00:00.000,35.42845
2024-04-11 08:00:00.000,40.79874
2024-04-11 10:00:00.000,43.48478
2024-04-11 12:00:00.000,45.802177
2024-04-11 14:00:00.000,44.50142
2024-04-11 16:00:00.000,44.86028
2024-04-11 18:00:00.000,53.654366
2024-04-11 20:00:00.000,61.45907
2024-04-11 22:00:00.000,42.17772
2024-04-12 00:00:00.000,22.255056
2024-04-12 02:00:00.000,16.867136
2024-04-12 04:00:00.000,23.730524
2024-04-12 06:00:00.000,37.25446
2024-04-12 08:00:00.000,43.199158
2024-04-12 10:00:00.000,44.761456
2024-04-12 12:00:00.000,46.429302
2024-04-12 14:00:00.000,44.175774
2024-04-12 16:00:00.000,43.511497
2024-04-12 18:00:00.000,52.70746
2024-04-12 20:00:00.000,61.69738
2024-04-12 22:00:00.000,44.11454
2024-04-13 00:00:00.000,24.111332
2024-04-13 02:00:00.000,17.292122
2024-04-13 04:00:00.000,23.104485
2024-04-13 06:00:00.000,38.80741
2024-04-13 08:00:00.000,47.557438
2024-04-13 10:00:00.000,48.102364
2024-04-13 12:00:00.000,48.307346
2024-04-13 14:00:00.000,43.979305
2024-04-13 16:00:00.000,42.2321
2024-04-13 18:00:00.000,49.33524
2024-04-13 20:00:00.000,58.76221
2024-04-13 22:00:00.000,45.26938
2024-04-14 00:00:00.000,25.884253
2024-04-14 02:00:00.000,17.533314
2024-04-14 04:00:00.000,21.648104
2024-04-14 06:00:00.000,36.569405
2024-04-14 08:00:00.000,47.67737
2024-04-14 10:00:00.000,49.388237
2024-04-14 12:00:00.000,49.69803
2024-04-14 14:00:00.000,46.08976
2024-04-14 16:00:00.000,44.811314
2024-04-14 18:00:00.000,51.40064
2024-04-14 20:00:00.000,57.36376
2024-04-14 22:00:00.000,42.192177
2024-04-15 00:00:00.000,23.548512
2024-04-15 02:00:00.000,17.487413
2024-04-15 04:00:00.000,23.814672
2024-04-15 06:00:00.000,36.97887
2024-04-15 08:00:00.000,41.885326
2024-04-15 10:00:00.000,43.175507
2024-04-15 12:00:00.000,45.807087
2024-04-15 14:00:00.000,45.771675
2024-04-15 16:00:00.000,46.311913
2024-04-15 18:00:00.000,53.555725
2024-04-15 20:00:00.000,59.841988
2024-04-15 22:00:00.000,41.283546
2024-04-16 00:00:00.000,22.189001
2024-04-16 02:00:00.000,16.961525
2024-04-16 04:00:00.000,24.038776
2024-04-16 06:00:00.000,37.232594
2024-04-16 08:00:00.000,41.251694
2024-04-16 10:00:00.000,42.89656
2024-04-16 12:00:00.000,45.777515
2024-04-16 14:00:00.000,45.471123
2024-04-16 16:00:00.000,45.51985
2024-04-16 18:00:00.000,52.76969
2024-04-16 20:00:00.000,60.13154
2024-04-16 22:00:00.000,41.567135
2024-04-17 00:00:00.000,22.662222
2024-04-17 02:00:00.000,16.817606
2024-04-17 04:00:00.000,23.067305
2024-04-17 06:00:00.000,35.766815
2024-04-17 08:00:00.000,39.72831
2024-04-17 10:00:00.000,41.958652
2024-04-17 12:00:00.000,44.990498
2024-04-17 14:00:00.000,45.339874
2024-04-17 16:00:00.000,45.31363
2024-04-17 18:00:00.000,52.680202
2024-04-17 20:00:00.000,60.276672
2024-04-17 22:00:00.000,41.654266
2024-04-18 00:00:00.000,22.622618
2024-04-18 02:00:00.000,17.168352
2024-04-18 04:00:00.000,24.24493
2024-04-18 06:00:00.000,37.512466
2024-04-18 08:00:00.000,41.502384
2024-04-18 10:00:00.000,42.915512
2024-04-18 12:00:00.000,45.830933
2024-04-18 14:00:00.000,45.414555
2024-04-18 16:00:00.000,45.473576
2024-04-18 18:00:00.000,52.90289
2024-04-18 20:00:00.000,60.128036
2024-04-18 22:00:00.000,41.612747
2024-04-19 00:00:00.000,22.314999
2024-04-19 02:00:00.000,17.31118
2024-04-19 04:00:00.000,24.25178
2024-04-19 06:00:00.000,36.70744
2024-04-19 08:00:00.000,41.046753
2024-04-19 10:00:00.000,42.80632
2024-04-19 12:00:00.000,45.60854
2024-04-19 14:00:00.000,44.356117
2024-04-19 16:00:00.000,44.492325
2024-04-19 18:00:00.000,52.9523
2024-04-19 20:00:00.000,61.635815
2024-04-19 22:00:00.000,44.884243
2024-04-20 00:00:00.000,24.641582
2024-04-20 02:00:00.000,17.877115
2024-04-20 04:00:00.000,24.154875
2024-04-20 06:00:00.000,39.240425
2024-04-20 08:00:00.000,46.63164
2024-04-20 10:00:00.000,46.59314
2024-04-20 12:00:00.000,46.288696
2024-04-20 14:00:00.000,42.54656
2024-04-20 16:00:00.000,41.078594
2024-04-20 18:00:00.000,47.71792
2024-04-20 20:00:00.000,57.634632
2024-04-20 22:00:00.000,45.514915
2024-04-21 00:00:00.000,26.156906
2024-04-21 02:00:00.000,17.870184
2024-04-21 04:00:00.000,22.074963
2024-04-21 06:00:00.000,36.505848
2024-04-21 08:00:00.000,47.201294
2024-04-21 10:00:00.000,48.566235
2024-04-21 12:00:00.000,49.010258
2024-04-21 14:00:00.000,45.708454
2024-04-21 16:00:00.000,43.801693
2024-04-21 18:00:00.000,49.601532
2024-04-21 20:00:00.000,56.722748
2024-04-21 22:00:00.000,42.506996
2024-04-22 00:00:00.000,23.799496
2024-04-22 02:00:00.000,17.91989
2024-04-22 04:00:00.000,24.448265
2024-04-22 06:00:00.000,37.25148
2024-04-22 08:00:00.000,41.36993
2024-04-22 10:00:00.000,42.664417
2024-04-22 12:00:00.000,45.007015
2024-04-22 14:00:00.000,44.583717
2024-04-22 16:00:00.000,44.834595
2024-04-22 18:00:00.000,52.69682
2024-04-22 20:00:00.000,60.17579
2024-04-22 22:00:00.000,41.00616
2024-04-23 00:00:00.000,21.762829
2024-04-23 02:00:00.000,16.86247
2024-04-23 04:00:00.000,24.661125
2024-04-23 06:00:00.000,37.8943
2024-04-23 08:00:00.000,41.644554
2024-04-23 10:00:00.000,42.556465
2024-04-23 12:00:00.000,45.037975
2024-04-23 14:00:00.000,44.893726
2024-04-23 16:00:00.000,45.510586
2024-04-23 18:00:00.000,53.453156
2024-04-23 20:00:00.000,60.69395
2024-04-23 22:00:00.000,41.21182
2024-04-24 00:00:00.000,22.270397
2024-04-24 02:00:00.000,17.341547
2024-04-24 04:00:00.000,24.780296
2024-04-24 06:00:00.000,37.714565
2024-04-24 08:00:00.000,41.405956
2024-04-24 10:00:00.000,42.51022
2024-04-24 12:00:00.000,44.967125
2024-04-24 14:00:00.000,45.053413
2024-04-24 16:00:00.000,45.142723
2024-04-24 18:00:00.000,52.42115
2024-04-24 20:00:00.000,59.863956
2024-04-24 22:00:00.000,40.96791
2024-04-25 00:00:00.000,21.92127
2024-04-25 02:00:00.000,17.170488
2024-04-25 04:00:00.000,24.599998
2024-04-25 06:00:00.000,37.88186
2024-04-25 08:00:00.000,40.988647
2024-04-25 10:00:00.000,42.541153
2024-04-25 12:00:00.000,44.70403
2024-04-25 14:00:00.000,44.6778
2024-04-25 16:00:00.000,44.511627
2024-04-25 18:00:00.000,51.81637
2024-04-25 20:00:00.000,59.379105
2024-04-25 22:00:00.000,41.039845
2024-04-26 00:00:00.000,21.736671
2024-04-26 02:00:00.000,16.7708
2024-04-26 04:00:00.000,23.928003
2024-04-26 06:00:00.000,36.256897
2024-04-26 08:00:00.000,39.792515
2024-04-26 10:00:00.000,41.384636
2024-04-26 12:00:00.000,44.356342
2024-04-26 14:00:00.000,43.64253
2024-04-26 16:00:00.000,43.28257
2024-04-26 18:00:00.000,51.40943
2024-04-26 20:00:00.000,58.779934
2024-04-26 22:00:00.000,40.792522
2024-04-27 00:00:00.000,22.116714
2024-04-27 02:00:00.000,16.896627
2024-04-27 04:00:00.000,23.157843
2024-04-27 06:00:00.000,36.130962
2024-04-27 08:00:00.000,41.194187
2024-04-27 10:00:00.000,44.14562
2024-04-27 12:00:00.000,46.962753
2024-04-27 14:00:00.000,43.986595
2024-04-27 16:00:00.000,41.539646
2024-04-27 18:00:00.000,47.71381
2024-04-27 20:00:00.000,57.445515
2024-04-27 22:00:00.000,44.167892
2024-04-28 00:00:00.000,24.966745
2024-04-28 02:00:00.000,17.645285
2024-04-28 04:00:00.000,22.466108
2024-04-28 06:00:00.000,36.88761
2024-04-28 08:00:00.000,46.234264
2024-04-28 10:00:00.000,46.751034
2024-04-28 12:00:00.000,46.321667
2024-04-28 14:00:00.000,43.26784
2024-04-28 16:00:00.000,41.070587
2024-04-28 18:00:00.000,47.61991
2024-04-28 20:00:00.000,57.98298
2024-04-28 22:00:00.000,45.31595
2024-04-29 00:00:00.000,25.280558
2024-04-29 02:00:00.000,17.655457
2024-04-29 04:00:00.000,23.255186
2024-04-29 06:00:00.000,39.061283
2024-04-29 08:00:00.000,50.642475
2024-04-29 10:00:00.000,50.14165
2024-04-29 12:00:00.000,47.998966
2024-04-29 14:00:00.000,44.499214
2024-04-29 16:00:00.000,42.19754
2024-04-29 18:00:00.000,49.463505
2024-04-29 20:00:00.000,61.187656
2024-04-29 22:00:00.000,45.970592
2024-04-30 00:00:00.000,24.95975
2024-05-01 02:00:00.000,17.536053
2024-05-01 04:00:00.000,22.202291
2024-05-01 06:00:00.000,37.098515
2024-05-01 08:00:00.000,47.86292
2024-05-01 10:00:00.000,48.664845
2024-05-01 12:00:00.000,48.030956
2024-05-01 14:00:00.000,45.813248
2024-05-01 16:00:00.000,44.394806
2024-05-01 18:00:00.000,50.65042
2024-05-01 20:00:00.000,59.379955
2024-05-01 22:00:00.000,43.54568
2024-05-02 00:00:00.000,24.345875
2024-05-02 02:00:00.000,17.750536
2024-05-02 04:00:00.000,24.019627
2024-05-02 06:00:00.000,36.305813
2024-05-02 08:00:00.000,40.927605
2024-05-02 10:00:00.000,42.556355
2024-05-02 12:00:00.000,45.637115
2024-05-02 14:00:00.000,46.15633
2024-05-02 16:00:00.000,45.624985
2024-05-02 18:00:00.000,52.786182
2024-05-02 20:00:00.000,61.141014
2024-05-02 22:00:00.000,42.387833
2024-05-03 00:00:00.000,22.450418
2024-05-03 02:00:00.000,16.820198
2024-05-03 04:00:00.000,23.444233
2024-05-03 06:00:00.000,35.779675
2024-05-03 08:00:00.000,40.686935
2024-05-03 10:00:00.000,42.556755
2024-05-03 12:00:00.000,45.594822
2024-05-03 14:00:00.000,45.339333
2024-05-03 16:00:00.000,45.292854
2024-05-03 18:00:00.000,52.865032
2024-05-03 20:00:00.000,62.524975
2024-05-03 22:00:00.000,45.24612
2024-05-04 00:00:00.000,24.36933
2024-05-04 02:00:00.000,17.25061
2024-05-04 04:00:00.000,22.888758
2024-05-04 06:00:00.000,37.80724
2024-05-04 08:00:00.000,47.731056
2024-05-04 10:00:00.000,48.6241
2024-05-04 12:00:00.000,48.919697
2024-05-04 14:00:00.000,45.606586
2024-05-04 16:00:00.000,43.679596
2024-05-04 18:00:00.000,49.38853
2024-05-04 20:00:00.000,60.00471
2024-05-04 22:00:00.000,47.473015
2024-05-05 00:00:00.000,27.214457
2024-05-05 02:00:00.000,18.096497
2024-05-05 04:00:00.000,21.841862
2024-05-05 06:00:00.000,35.536762
2024-05-05 08:00:00.000,47.575676
2024-05-05 10:00:00.000,50.3474
2024-05-05 12:00:00.000,50.546707
2024-05-05 14:00:00.000,48.022995
2024-05-05 16:00:00.000,46.027126
2024-05-05 18:00:00.000,50.65795
2024-05-05 20:00:00.000,58.15607
2024-05-05 22:00:00.000,44.043583
2024-05-06 00:00:00.000,24.34835
2024-05-06 02:00:00.000,17.235367
2024-05-06 04:00:00.000,23.418837
2024-05-06 06:00:00.000,35.767025
2024-05-06 08:00:00.000,40.569454
2024-05-06 10:00:00.000,42.515285
2024-05-06 12:00:00.000,45.28877
2024-05-06 14:00:00.000,46.19927
2024-05-06 16:00:00.000,46.691605
2024-05-06 18:00:00.000,53.702843
2024-05-06 20:00:00.000,60.895927
2024-05-06 22:00:00.000,42.491287
2024-05-07 00:00:00.000,22.614092
2024-05-07 02:00:00.000,17.28337
2024-05-07 04:00:00.000,23.944801
2024-05-07 06:00:00.000,36.467976
2024-05-07 08:00:00.000,41.410503
2024-05-07 10:00:00.000,43.602947
2024-05-07 12:00:00.000,46.69617
2024-05-07 14:00:00.000,47.549458
2024-05-07 16:00:00.000,47.95591
2024-05-07 18:00:00.000,55.097557
2024-05-07 20:00:00.000,62.90989
2024-05-07 22:00:00.000,43.870564
2024-05-08 00:00:00.000,23.478796
2024-05-08 02:00:00.000,17.897238
2024-05-08 04:00:00.000,25.02201
2024-05-08 06:00:00.000,37.85104
2024-05-08 08:00:00.000,42.499405
2024-05-08 10:00:00.000,44.917496
2024-05-08 12:00:00.000,47.63079
2024-05-08 14:00:00.000,46.936512
2024-05-08 16:00:00.000,47.109097
2024-05-08 18:00:00.000,53.40385
2024-05-08 20:00:00.000,63.50635
2024-05-08 22:00:00.000,47.135204
2024-05-09 00:00:00.000,25.630775
2024-05-09 02:00:00.000,18.153269
2024-05-09 04:00:00.000,23.750723
2024-05-09 06:00:00.000,40.36121
2024-05-09 08:00:00.000,51.307766
2024-05-09 10:00:00.000,52.037083
2024-05-09 12:00:00.000,49.135532
2024-05-09 14:00:00.000,45.93114
2024-05-09 16:00:00.000,45.175842
2024-05-09 18:00:00.000,51.56184
2024-05-09 20:00:00.000,61.261417
2024-05-09 22:00:00.000,47.371502
2024-05-10 00:00:00.000,26.159023
2024-05-10 02:00:00.000,17.917171
2024-05-10 04:00:00.000,23.04
2024-05-10 06:00:00.000,38.112686
2024-05-10 08:00:00.000,50.39792
2024-05-10 10:00:00.000,50.6839
2024-05-10 12:00:00.000,48.648075
2024-05-10 14:00:00.000,45.240406
2024-05-10 16:00:00.000,44.709293
2024-05-10 18:00:00.000,51.659542
2024-05-10 20:00:00.000,61.409813
2024-05-10 22:00:00.000,47.037205
2024-05-11 00:00:00.000,26.298542
2024-05-11 02:00:00.000,17.620707
2024-05-11 04:00:00.000,21.659264
2024-05-11 06:00:00.000,35.523758
2024-05-11 08:00:00.000,46.769905
2024-05-11 10:00:00.000,48.806465
2024-05-11 12:00:00.000,48.575195
2024-05-11 14:00:00.000,45.076694
2024-05-11 16:00:00.000,43.765697
2024-05-11 18:00:00.000,50.264008
2024-05-11 20:00:00.000,61.480263
2024-05-11 22:00:00.000,49.52007
2024-05-12 00:00:00.000,28.39738
2024-05-12 02:00:00.000,18.08352
2024-05-12 04:00:00.000,21.319132
2024-05-12 06:00:00.000,34.754456
2024-05-12 08:00:00.000,46.643303
2024-05-12 10:00:00.000,49.893764
2024-05-12 12:00:00.000,50.3975
2024-05-12 14:00:00.000,47.3123
2024-05-12 16:00:00.000,46.248726
2024-05-12 18:00:00.000,51.622524
2024-05-12 20:00:00.000,59.565804
2024-05-12 22:00:00.000,45.604637
2024-05-13 00:00:00.000,25.710543
2024-05-13 02:00:00.000,18.147638
2024-05-13 04:00:00.000,23.515753
2024-05-13 06:00:00.000,35.333523
2024-05-13 08:00:00.000,40.066105
2024-05-13 10:00:00.000,42.62749
2024-05-13 12:00:00.000,45.05373
2024-05-13 14:00:00.000,45.521015
2024-05-13 16:00:00.000,45.785248
2024-05-13 18:00:00.000,52.894512
2024-05-13 20:00:00.000,62.35506
2024-05-13 22:00:00.000,44.213707
2024-05-14 00:00:00.000,23.499971
2024-05-14 02:00:00.000,17.833586
2024-05-14 04:00:00.000,24.026127
2024-05-14 06:00:00.000,36.37412
2024-05-14 08:00:00.000,41.199112
2024-05-14 10:00:00.000,42.99076
2024-05-14 12:00:00.000,44.99777
2024-05-14 14:00:00.000,45.16537
2024-05-14 16:00:00.000,45.48525
2024-05-14 18:00:00.000,52.29519
2024-05-14 20:00:00.000,61.49643
2024-05-14 22:00:00.000,43.838634
2024-05-15 00:00:00.000,23.096155
2024-05-15 02:00:00.000,17.169317
2024-05-15 04:00:00.000,24.39005
2024-05-15 06:00:00.000,36.58391
2024-05-15 08:00:00.000,41.171295
2024-05-15 10:00:00.000,42.763573
2024-05-15 12:00:00.000,44.060314
2024-05-15 14:00:00.000,43.94809
2024-05-15 16:00:00.000,43.879524
2024-05-15 18:00:00.000,50.75459
2024-05-15 20:00:00.000,60.21646
2024-05-15 22:00:00.000,43.257767
2024-05-16 00:00:00.000,22.66053
2024-05-16 02:00:00.000,16.825674
2024-05-16 04:00:00.000,23.365784
2024-05-16 06:00:00.000,35.319706
2024-05-16 08:00:00.000,38.756325
2024-05-16 10:00:00.000,40.890667
2024-05-16 12:00:00.000,43.521873
2024-05-16 14:00:00.000,43.710022
2024-05-16 16:00:00.000,43.864887
2024-05-16 18:00:00.000,51.10882
2024-05-16 20:00:00.000,61.0567
2024-05-16 22:00:00.000,42.813297
2024-05-17 00:00:00.000,22.526913
2024-05-17 02:00:00.000,16.890484
2024-05-17 04:00:00.000,23.619398
2024-05-17 06:00:00.000,35.710934
2024-05-17 08:00:00.000,40.03063
2024-05-17 10:00:00.000,41.915276
2024-05-17 12:00:00.000,44.23326
2024-05-17 14:00:00.000,43.3015
2024-05-17 16:00:00.000,43.13513
2024-05-17 18:00:00.000,50.06307
2024-05-17 20:00:00.000,60.873074
2024-05-17 22:00:00.000,44.553413
2024-05-18 00:00:00.000,23.891249
2024-05-18 02:00:00.000,16.937834
2024-05-18 04:00:00.000,22.390245
2024-05-18 06:00:00.000,36.655636
2024-05-18 08:00:00.000,44.72683
2024-05-18 10:00:00.000,44.893806
2024-05-18 12:00:00.000,43.819977
2024-05-18 14:00:00.000,40.585793
2024-05-18 16:00:00.000,39.995964
2024-05-18 18:00:00.000,46.0066
2024-05-18 20:00:00.000,57.60687
2024-05-18 22:00:00.000,45.89705
2024-05-19 00:00:00.000,25.783682
2024-05-19 02:00:00.000,16.96903
2024-05-19 04:00:00.000,20.88081
2024-05-19 06:00:00.000,34.49338
2024-05-19 08:00:00.000,44.791477
2024-05-19 10:00:00.000,45.80722
2024-05-19 12:00:00.000,45.378826
2024-05-19 14:00:00.000,42.827847
2024-05-19 16:00:00.000,41.46506
2024-05-19 18:00:00.000,47.36868
2024-05-19 20:00:00.000,57.62981
2024-05-19 22:00:00.000,42.914772
2024-05-20 00:00:00.000,23.060913
2024-05-20 02:00:00.000,16.734468
2024-05-20 04:00:00.000,23.040817
2024-05-20 06:00:00.000,35.29526
2024-05-20 08:00:00.000,39.29893
2024-05-20 10:00:00.000,41.2325
2024-05-20 12:00:00.000,43.437763
2024-05-20 14:00:00.000,43.156815
2024-05-20 16:00:00.000,42.735313
2024-05-20 18:00:00.000,50.2969
2024-05-20 20:00:00.000,61.460022
2024-05-20 22:00:00.000,42.750576
2024-05-21 00:00:00.000,22.060776
2024-05-21 02:00:00.000,16.99405
2024-05-21 04:00:00.000,23.964659
2024-05-21 06:00:00.000,36.686443
2024-05-21 08:00:00.000,41.323845
2024-05-21 10:00:00.000,43.42368
2024-05-21 12:00:00.000,44.667107
2024-05-21 14:00:00.000,43.66513
2024-05-21 16:00:00.000,43.559204
2024-05-21 18:00:00.000,50.709316
2024-05-21 20:00:00.000,61.52904
2024-05-21 22:00:00.000,43.416058
2024-05-22 00:00:00.000,22.905045
2024-05-22 02:00:00.000,17.040218
2024-05-22 04:00:00.000,23.451977
2024-05-22 06:00:00.000,36.259907
2024-05-22 08:00:00.000,41.6309
2024-05-22 10:00:00.000,43.837658
2024-05-22 12:00:00.000,44.866623
2024-05-22 14:00:00.000,43.81724
2024-05-22 16:00:00.000,43.515152
2024-05-22 18:00:00.000,50.45155
2024-05-22 20:00:00.000,60.40989
2024-05-22 22:00:00.000,42.883476
2024-05-23 00:00:00.000,22.203619
2024-05-23 02:00:00.000,16.54028
2024-05-23 04:00:00.000,23.495813
2024-05-23 06:00:00.000,36.552826
2024-05-23 08:00:00.000,42.004063
2024-05-23 10:00:00.000,44.523846
2024-05-23 12:00:00.000,45.06106
2024-05-23 14:00:00.000,43.65371
2024-05-23 16:00:00.000,42.84633
2024-05-23 18:00:00.000,49.500423
2024-05-23 20:00:00.000,60.425976
2024-05-23 22:00:00.000,42.626488
2024-05-24 00:00:00.000,22.22097
2024-05-24 02:00:00.000,16.958595
2024-05-24 04:00:00.000,23.852839
2024-05-24 06:00:00.000,36.983643
2024-05-24 08:00:00.000,42.977226
2024-05-24 10:00:00.000,45.153553
2024-05-24 12:00:00.000,44.66158
2024-05-24 14:00:00.000,42.01651
2024-05-24 16:00:00.000,41.347507
2024-05-24 18:00:00.000,47.794792
2024-05-24 20:00:00.000,58.99357
2024-05-24 22:00:00.000,43.678467
2024-05-25 00:00:00.000,23.47513
2024-05-25 02:00:00.000,16.554342
2024-05-25 04:00:00.000,21.843819
2024-05-25 06:00:00.000,35.96842
2024-05-25 08:00:00.000,44.196808
2024-05-25 10:00:00.000,45.38801
2024-05-25 12:00:00.000,44.542686
2024-05-25 14:00:00.000,41.47291
2024-05-25 16:00:00.000,39.845318
2024-05-25 18:00:00.000,45.045055
2024-05-25 20:00:00.000,57.72472
2024-05-25 22:00:00.000,45.931297
2024-05-26 00:00:00.000,25.558525
2024-05-26 02:00:00.000,17.130854
2024-05-26 04:00:00.000,21.11811
2024-05-26 06:00:00.000,35.212715
2024-05-26 08:00:00.000,46.53049
2024-05-26 10:00:00.000,48.033012
2024-05-26 12:00:00.000,47.482716
2024-05-26 14:00:00.000,45.069138
2024-05-26 16:00:00.000,44.109184
2024-05-26 18:00:00.000,48.876553
2024-05-26 20:00:00.000,59.613297
2024-05-26 22:00:00.000,45.726643
2024-05-27 00:00:00.000,24.959515
2024-05-27 02:00:00.000,18.108614
2024-05-27 04:00:00.000,24.28415
2024-05-27 06:00:00.000,38.381073
2024-05-27 08:00:00.000,47.417126
2024-05-27 10:00:00.000,48.699463
2024-05-27 12:00:00.000,47.537197
2024-05-27 14:00:00.000,44.512676
2024-05-27 16:00:00.000,42.7576
2024-05-27 18:00:00.000,48.786922
2024-05-27 20:00:00.000,60.967823
2024-05-27 22:00:00.000,45.173252
2024-05-28 00:00:00.000,23.529976
2024-05-28 02:00:00.000,17.329195
2024-05-28 04:00:00.000,24.016132
2024-05-28 06:00:00.000,37.662113
2024-05-28 08:00:00.000,45.787254
2024-05-28 10:00:00.000,47.19008
2024-05-28 12:00:00.000,46.135036
2024-05-28 14:00:00.000,44.3003
2024-05-28 16:00:00.000,42.609962
2024-05-28 18:00:00.000,48.426754
2024-05-28 20:00:00.000,61.164543
2024-05-28 22:00:00.000,45.48084
2024-05-29 00:00:00.000,23.642967
2024-05-29 02:00:00.000,17.097822
2024-05-29 04:00:00.000,23.467901
2024-05-29 06:00:00.000,37.6279
2024-05-29 08:00:00.000,45.867092
2024-05-29 10:00:00.000,47.72461
2024-05-29 12:00:00.000,46.549877
2024-05-29 14:00:00.000,44.454113
2024-05-29 16:00:00.000,42.764797
2024-05-29 18:00:00.000,48.420338
2024-05-29 20:00:00.000,61.23727
2024-05-29 22:00:00.000,45.599125
2024-05-30 00:00:00.000,23.651834
2024-05-30 02:00:00.000,16.943035
2024-05-30 04:00:00.000,23.116972
2024-05-30 06:00:00.000,36.680683
2024-05-30 08:00:00.000,45.052284
2024-05-30 10:00:00.000,46.993237
2024-05-30 12:00:00.000,45.80355
2024-05-30 14:00:00.000,42.955677
2024-05-30 16:00:00.000,41.46849
2024-05-30 18:00:00.000,47.336155
2024-05-30 20:00:00.000,61.004166
2024-05-30 22:00:00.000,46.038586
2024-05-31 00:00:00.000,24.390432
2024-06-01 02:00:00.000,16.78858
2024-06-01 04:00:00.000,21.006836
2024-06-01 06:00:00.000,34.037296
2024-06-01 08:00:00.000,42.653767
2024-06-01 10:00:00.000,44.032856
2024-06-01 12:00:00.000,43.96451
2024-06-01 14:00:00.000,40.94603
2024-06-01 16:00:00.000,39.095024
2024-06-01 18:00:00.000,44.32182
2024-06-01 20:00:00.000,57.68529
2024-06-01 22:00:00.000,47.891037
2024-06-02 00:00:00.000,26.960308
2024-06-02 02:00:00.000,17.128428
2024-06-02 04:00:00.000,20.420626
2024-06-02 06:00:00.000,33.215374
2024-06-02 08:00:00.000,43.86365
2024-06-02 10:00:00.000,45.737843
2024-06-02 12:00:00.000,46.165043
2024-06-02 14:00:00.000,43.7369
2024-06-02 16:00:00.000,41.532486
2024-06-02 18:00:00.000,46.381237
2024-06-02 20:00:00.000,59.41044
2024-06-02 22:00:00.000,47.429676
2024-06-03 00:00:00.000,26.000816
2024-06-03 02:00:00.000,17.697086
2024-06-03 04:00:00.000,22.57202
2024-06-03 06:00:00.000,35.206997
2024-06-03 08:00:00.000,43.677067
2024-06-03 10:00:00.000,46.238632
2024-06-03 12:00:00.000,46.079403
2024-06-03 14:00:00.000,44.061806
2024-06-03 16:00:00.000,42.655045
2024-06-03 18:00:00.000,48.41457
2024-06-03 20:00:00.000,61.4008
2024-06-03 22:00:00.000,46.387566
2024-06-04 00:00:00.000,24.676239
2024-06-04 02:00:00.000,17.294046
2024-06-04 04:00:00.000,21.42894
2024-06-04 06:00:00.000,32.13776
2024-06-04 08:00:00.000,39.993908
2024-06-04 10:00:00.000,42.843353
2024-06-04 12:00:00.000,42.94117
2024-06-04 14:00:00.000,41.85482
2024-06-04 16:00:00.000,41.202126
2024-06-04 18:00:00.000,47.51914
2024-06-04 20:00:00.000,61.52281
2024-06-04 22:00:00.000,47.356236
2024-06-05 00:00:00.000,25.371483
2024-06-05 02:00:00.000,17.570948
2024-06-05 04:00:00.000,22.959517
2024-06-05 06:00:00.000,35.507275
2024-06-05 08:00:00.000,43.356636
2024-06-05 10:00:00.000,45.66426
2024-06-05 12:00:00.000,45.14802
2024-06-05 14:00:00.000,42.81412
2024-06-05 16:00:00.000,41.855785
2024-06-05 18:00:00.000,47.702198
2024-06-05 20:00:00.000,60.857933
2024-06-05 22:00:00.000,46.23281
2024-06-06 00:00:00.000,24.658096
2024-06-06 02:00:00.000,17.271748
2024-06-06 04:00:00.000,23.012701
2024-06-06 06:00:00.000,35.95981
2024-06-06 08:00:00.000,43.87977
2024-06-06 10:00:00.000,46.538265
2024-06-06 12:00:00.000,45.74009
2024-06-06 14:00:00.000,43.40779
2024-06-06 16:00:00.000,42.242893
2024-06-06 18:00:00.000,47.949306
2024-06-06 20:00:00.000,60.6425
2024-06-06 22:00:00.000,45.791275
2024-06-07 00:00:00.000,24.452904
2024-06-07 02:00:00.000,17.103762
2024-06-07 04:00:00.000,22.578363
2024-06-07 06:00:00.000,35.244423
2024-06-07 08:00:00.000,43.85921
2024-06-07 10:00:00.000,45.801277
2024-06-07 12:00:00.000,44.934566
2024-06-07 14:00:00.000,42.232704
2024-06-07 16:00:00.000,40.6794
2024-06-07 18:00:00.000,45.95225
2024-06-07 20:00:00.000,58.917988
2024-06-07 22:00:00.000,46.67826
2024-06-08 00:00:00.000,25.668978
2024-06-08 02:00:00.000,16.948868
2024-06-08 04:00:00.000,20.975452
2024-06-08 06:00:00.000,33.921078
2024-06-08 08:00:00.000,43.205387
2024-06-08 10:00:00.000,44.956528
2024-06-08 12:00:00.000,44.483967
2024-06-08 14:00:00.000,41.41278
2024-06-08 16:00:00.000,39.11247
2024-06-08 18:00:00.000,43.43648
2024-06-08 20:00:00.000,58.343697
2024-06-08 22:00:00.000,47.203724
2024-06-09 00:00:00.000,26.344198
2024-06-09 02:00:00.000,16.626677
2024-06-09 04:00:00.000,19.735302
2024-06-09 06:00:00.000,32.358513
2024-06-09 08:00:00.000,43.05951
2024-06-09 10:00:00.000,45.330338
2024-06-09 12:00:00.000,45.207336
2024-06-09 14:00:00.000,42.605885
2024-06-09 16:00:00.000,40.843147
2024-06-09 18:00:00.000,46.94805
2024-06-09 20:00:00.000,59.691685
2024-06-09 22:00:00.000,46.673325
2024-06-10 00:00:00.000,25.643595
2024-06-10 02:00:00.000,17.424332
2024-06-10 04:00:00.000,22.50869
2024-06-10 06:00:00.000,35.477745
2024-06-10 08:00:00.000,43.868923
2024-06-10 10:00:00.000,46.268402
2024-06-10 12:00:00.000,45.66921
2024-06-10 14:00:00.000,43.145306
2024-06-10 16:00:00.000,41.780407
2024-06-10 18:00:00.000,47.918686
2024-06-10 20:00:00.000,61.332745
2024-06-10 22:00:00.000,46.21738
2024-06-11 00:00:00.000,24.542355
2024-06-11 02:00:00.000,17.273148
2024-06-11 04:00:00.000,22.73503
2024-06-11 06:00:00.000,35.868744
2024-06-11 08:00:00.000,44.563053
2024-06-11 10:00:00.000,46.649876
2024-06-11 12:00:00.000,45.768772
2024-06-11 14:00:00.000,43.10818
2024-06-11 16:00:00.000,42.256325
2024-06-11 18:00:00.000,47.7324
2024-06-11 20:00:00.000,61.818523
2024-06-11 22:00:00.000,48.683693
2024-06-12 00:00:00.000,25.98841
2024-06-12 02:00:00.000,17.345755
2024-06-12 04:00:00.000,21.884941
2024-06-12 06:00:00.000,36.106094
2024-06-12 08:00:00.000,47.243416
2024-06-12 10:00:00.000,48.933662
2024-06-12 12:00:00.000,46.81192
2024-06-12 14:00:00.000,43.295364
2024-06-12 16:00:00.000,41.918583
2024-06-12 18:00:00.000,47.72162
2024-06-12 20:00:00.000,61.205105
2024-06-12 22:00:00.000,47.605793
2024-06-13 00:00:00.000,25.597212
2024-06-13 02:00:00.000,17.082474
2024-06-13 04:00:00.000,21.869568
2024-06-13 06:00:00.000,34.95345
2024-06-13 08:00:00.000,43.90217
2024-06-13 10:00:00.000,46.508167
2024-06-13 12:00:00.000,45.425808
2024-06-13 14:00:00.000,42.67355
2024-06-13 16:00:00.000,41.412766
2024-06-13 18:00:00.000,48.177128
2024-06-13 20:00:00.000,60.7842
2024-06-13 22:00:00.000,45.523438
2024-06-14 00:00:00.000,24.12016
2024-06-14 02:00:00.000,16.627659
2024-06-14 04:00:00.000,21.733934
2024-06-14 06:00:00.000,34.633533
2024-06-14 08:00:00.000,43.351032
2024-06-14 10:00:00.000,45.089447
2024-06-14 12:00:00.000,43.860195
2024-06-14 14:00:00.000,40.762367
2024-06-14 16:00:00.000,38.64607
2024-06-14 18:00:00.000,43.842735
2024-06-14 20:00:00.000,58.294956
2024-06-14 22:00:00.000,46.425507
2024-06-15 00:00:00.000,25.069025
2024-06-15 02:00:00.000,16.140598
2024-06-15 04:00:00.000,19.825415
2024-06-15 06:00:00.000,32.5435
2024-06-15 08:00:00.000,42.211422
2024-06-15 10:00:00.000,43.979347
2024-06-15 12:00:00.000,43.305023
2024-06-15 14:00:00.000,40.160152
2024-06-15 16:00:00.000,37.687824
2024-06-15 18:00:00.000,41.56793
2024-06-15 20:00:00.000,55.9212
2024-06-15 22:00:00.000,47.125813
2024-06-16 00:00:00.000,26.116362
2024-06-16 02:00:00.000,16.375988
2024-06-16 04:00:00.000,19.142757
2024-06-16 06:00:00.000,30.906221
2024-06-16 08:00:00.000,42.1473
2024-06-16 10:00:00.000,45.063522
2024-06-16 12:00:00.000,45.44372
2024-06-16 14:00:00.000,42.825783
2024-06-16 16:00:00.000,40.465717
2024-06-16 18:00:00.000,44.90362
2024-06-16 20:00:00.000,58.122852
2024-06-16 22:00:00.000,46.84161
2024-06-17 00:00:00.000,25.586847
2024-06-17 02:00:00.000,16.991785
2024-06-17 04:00:00.000,20.936365
2024-06-17 06:00:00.000,32.642036
2024-06-17 08:00:00.000,41.748455
2024-06-17 10:00:00.000,45.285
2024-06-17 12:00:00.000,45.37094
2024-06-17 14:00:00.000,43.046005
2024-06-17 16:00:00.000,41.885933
2024-06-17 18:00:00.000,48.118122
2024-06-17 20:00:00.000,61.765774
2024-06-17 22:00:00.000,46.25499
2024-06-18 00:00:00.000,24.27084
2024-06-18 02:00:00.000,16.402481
2024-06-18 04:00:00.000,21.213116
2024-06-18 06:00:00.000,34.20456
2024-06-18 08:00:00.000,43.04757
2024-06-18 10:00:00.000,46.064983
2024-06-18 12:00:00.000,45.04468
2024-06-18 14:00:00.000,42.484158
2024-06-18 16:00:00.000,41.282818
2024-06-18 18:00:00.000,47.27592
2024-06-18 20:00:00.000,60.578983
2024-06-18 22:00:00.000,46.24657
2024-06-19 00:00:00.000,24.311058
2024-06-19 02:00:00.000,16.776508
2024-06-19 04:00:00.000,21.928896
2024-06-19 06:00:00.000,34.91486
2024-06-19 08:00:00.000,43.19639
2024-06-19 10:00:00.000,45.128395
2024-06-19 12:00:00.000,44.149643
2024-06-19 14:00:00.000,41.670002
2024-06-19 16:00:00.000,40.878952
2024-06-19 18:00:00.000,46.866734
2024-06-19 20:00:00.000,60.66544
2024-06-19 22:00:00.000,46.96526
2024-06-20 00:00:00.000,24.872036
2024-06-20 02:00:00.000,17.125916
2024-06-20 04:00:00.000,22.220596
2024-06-20 06:00:00.000,35.78591
2024-06-20 08:00:00.000,44.618484
2024-06-20 10:00:00.000,46.97934
2024-06-20 12:00:00.000,46.11867
2024-06-20 14:00:00.000,42.87158
2024-06-20 16:00:00.000,42.154552
2024-06-20 18:00:00.000,47.798954
2024-06-20 20:00:00.000,60.399235
2024-06-20 22:00:00.000,45.957077
2024-06-21 00:00:00.000,24.270163
2024-06-21 02:00:00.000,16.751348
2024-06-21 04:00:00.000,22.11512
2024-06-21 06:00:00.000,35.453693
2024-06-21 08:00:00.000,43.870987
2024-06-21 10:00:00.000,45.71747
2024-06-21 12:00:00.000,44.559593
2024-06-21 14:00:00.000,41.24807
2024-06-21 16:00:00.000,39.401585
2024-06-21 18:00:00.000,44.98585
2024-06-21 20:00:00.000,58.762966
2024-06-21 22:00:00.000,47.19711
2024-06-22 00:00:00.000,26.304323
2024-06-22 02:00:00.000,16.957989
2024-06-22 04:00:00.000,20.50402
2024-06-22 06:00:00.000,32.960346
2024-06-22 08:00:00.000,42.784485
2024-06-22 10:00:00.000,45.02977
2024-06-22 12:00:00.000,44.29942
2024-06-22 14:00:00.000,40.908344
2024-06-22 16:00:00.000,39.233738
2024-06-22 18:00:00.000,43.267418
2024-06-22 20:00:00.000,56.762398
2024-06-22 22:00:00.000,47.753754
2024-06-23 00:00:00.000,27.097984
2024-06-23 02:00:00.000,16.862581
2024-06-23 04:00:00.000,19.516111
2024-06-23 06:00:00.000,31.786152
2024-06-23 08:00:00.000,43.34263
2024-06-23 10:00:00.000,46.408752
2024-06-23 12:00:00.000,46.630035
2024-06-23 14:00:00.000,43.725548
2024-06-23 16:00:00.000,41.740368
2024-06-23 18:00:00.000,46.342392
2024-06-23 20:00:00.000,59.353664
2024-06-23 22:00:00.000,47.526447
2024-06-24 00:00:00.000,26.10478
2024-06-24 02:00:00.000,17.413527
2024-06-24 04:00:00.000,22.22396
2024-06-24 06:00:00.000,35.976604
2024-06-24 08:00:00.000,45.699986
2024-06-24 10:00:00.000,48.075863
2024-06-24 12:00:00.000,46.407566
2024-06-24 14:00:00.000,43.376984
2024-06-24 16:00:00.000,42.80202
2024-06-24 18:00:00.000,49.15788
2024-06-24 20:00:00.000,61.553715
2024-06-24 22:00:00.000,46.9421
2024-06-25 00:00:00.000,25.107466
2024-06-25 02:00:00.000,17.13039
2024-06-25 04:00:00.000,22.393787
2024-06-25 06:00:00.000,36.415012
2024-06-25 08:00:00.000,45.66086
2024-06-25 10:00:00.000,48.1725
2024-06-25 12:00:00.000,45.55437
2024-06-25 14:00:00.000,42.319004
2024-06-25 16:00:00.000,41.269257
2024-06-25 18:00:00.000,47.45757
2024-06-25 20:00:00.000,60.373337
2024-06-25 22:00:00.000,46.14198
2024-06-26 00:00:00.000,24.67602
2024-06-26 02:00:00.000,16.780096
2024-06-26 04:00:00.000,21.934082
2024-06-26 06:00:00.000,35.502018
2024-06-26 08:00:00.000,44.570847
2024-06-26 10:00:00.000,46.686974
2024-06-26 12:00:00.000,45.196922
2024-06-26 14:00:00.000,41.953552
2024-06-26 16:00:00.000,41.287926
2024-06-26 18:00:00.000,47.511055
2024-06-26 20:00:00.000,60.381313
2024-06-26 22:00:00.000,46.652073
2024-06-27 00:00:00.000,24.727146
2024-06-27 02:00:00.000,16.59243
2024-06-27 04:00:00.000,21.62128
2024-06-27 06:00:00.000,35.43832
2024-06-27 08:00:00.000,44.671936
2024-06-27 10:00:00.000,46.72392
2024-06-27 12:00:00.000,44.767048
2024-06-27 14:00:00.000,41.014717
2024-06-27 16:00:00.000,39.989372
2024-06-27 18:00:00.000,46.929955
2024-06-27 20:00:00.000,60.834034
2024-06-27 22:00:00.000,46.65552
2024-06-28 00:00:00.000,24.837402
2024-06-28 02:00:00.000,16.343372
2024-06-28 04:00:00.000,21.315859
2024-06-28 06:00:00.000,35.16944
2024-06-28 08:00:00.000,44.632607
2024-06-28 10:00:00.000,45.998898
2024-06-28 12:00:00.000,44.18851
2024-06-28 14:00:00.000,40.4956
2024-06-28 16:00:00.000,38.565083
2024-06-28 18:00:00.000,43.911114
2024-06-28 20:00:00.000,58.034958
2024-06-28 22:00:00.000,47.58287
2024-06-29 00:00:00.000,26.200386
2024-06-29 02:00:00.000,16.401894
2024-06-29 04:00:00.000,19.972887
2024-06-29 06:00:00.000,33.189274
2024-06-29 08:00:00.000,43.164627
2024-06-29 10:00:00.000,45.778156
2024-06-29 12:00:00.000,44.81317
2024-06-29 14:00:00.000,40.694252
2024-06-29 16:00:00.000,38.965492
2024-06-29 18:00:00.000,43.520947
2024-06-29 20:00:00.000,56.55259
2024-06-29 22:00:00.000,48.23724
2024-06-30 00:00:00.000,27.319365
2024-07-01 02:00:00.000,17.284586
2024-07-01 04:00:00.000,21.913904
2024-07-01 06:00:00.000,35.840336
2024-07-01 08:00:00.000,45.854286
2024-07-01 10:00:00.000,47.780216
2024-07-01 12:00:00.000,46.158585
2024-07-01 14:00:00.000,42.28701
2024-07-01 16:00:00.000,40.239445
2024-07-01 18:00:00.000,45.510517
2024-07-01 20:00:00.000,60.11995
2024-07-01 22:00:00.000,47.6235
2024-07-02 00:00:00.000,25.404963
2024-07-02 02:00:00.000,16.82025
2024-07-02 04:00:00.000,22.136883
2024-07-02 06:00:00.000,36.490128
2024-07-02 08:00:00.000,46.47452
2024-07-02 10:00:00.000,47.749214
2024-07-02 12:00:00.000,45.31072
2024-07-02 14:00:00.000,41.492138
2024-07-02 16:00:00.000,40.137
2024-07-02 18:00:00.000,45.636917
2024-07-02 20:00:00.000,60.82634
2024-07-02 22:00:00.000,48.66962
2024-07-03 00:00:00.000,25.993286
2024-07-03 02:00:00.000,17.242052
2024-07-03 04:00:00.000,22.023903
2024-07-03 06:00:00.000,36.223328
2024-07-03 08:00:00.000,46.214634
2024-07-03 10:00:00.000,47.492935
2024-07-03 12:00:00.000,45.257664
2024-07-03 14:00:00.000,41.19093
2024-07-03 16:00:00.000,39.448246
2024-07-03 18:00:00.000,44.849636
2024-07-03 20:00:00.000,60.31173
2024-07-03 22:00:00.000,48.48067
2024-07-04 00:00:00.000,26.027466
2024-07-04 02:00:00.000,17.361292
2024-07-04 04:00:00.000,21.994322
2024-07-04 06:00:00.000,35.776375
2024-07-04 08:00:00.000,45.713036
2024-07-04 10:00:00.000,46.641296
2024-07-04 12:00:00.000,44.870636
2024-07-04 14:00:00.000,41.070263
2024-07-04 16:00:00.000,39.184536
2024-07-04 18:00:00.000,44.54869
2024-07-04 20:00:00.000,60.038166
2024-07-04 22:00:00.000,48.520325
2024-07-05 00:00:00.000,26.15067
2024-07-05 02:00:00.000,17.49757
2024-07-05 04:00:00.000,22.206345
2024-07-05 06:00:00.000,36.276
2024-07-05 08:00:00.000,46.5546
2024-07-05 10:00:00.000,47.32429
2024-07-05 12:00:00.000,45.27411
2024-07-05 14:00:00.000,41.10603
2024-07-05 16:00:00.000,38.519894
2024-07-05 18:00:00.000,43.89171
2024-07-05 20:00:00.000,58.676693
2024-07-05 22:00:00.000,46.651527
2024-07-06 00:00:00.000,25.341312
2024-07-06 02:00:00.000,16.199331
2024-07-06 04:00:00.000,19.742294
2024-07-06 06:00:00.000,32.998142
2024-07-06 08:00:00.000,43.247868
2024-07-06 10:00:00.000,44.21235
2024-07-06 12:00:00.000,44.019512
2024-07-06 14:00:00.000,39.929302
2024-07-06 16:00:00.000,37.231556
2024-07-06 18:00:00.000,41.647713
2024-07-06 20:00:00.000,56.83275
2024-07-06 22:00:00.000,47.898106
2024-07-07 00:00:00.000,26.946136
2024-07-07 02:00:00.000,16.799341
2024-07-07 04:00:00.000,19.191229
2024-07-07 06:00:00.000,31.526068
2024-07-07 08:00:00.000,43.18657
2024-07-07 10:00:00.000,45.94863
2024-07-07 12:00:00.000,46.19569
2024-07-07 14:00:00.000,42.692413
2024-07-07 16:00:00.000,40.24993
2024-07-07 18:00:00.000,44.781265
2024-07-07 20:00:00.000,58.802322
2024-07-07 22:00:00.000,47.6352
2024-07-08 00:00:00.000,26.231674
2024-07-08 02:00:00.000,17.167143
2024-07-08 04:00:00.000,22.062525
2024-07-08 06:00:00.000,36.165745
2024-07-08 08:00:00.000,46.750904
2024-07-08 10:00:00.000,47.662434
2024-07-08 12:00:00.000,45.71598
2024-07-08 14:00:00.000,41.99936
2024-07-08 16:00:00.000,40.236645
2024-07-08 18:00:00.000,45.040268
2024-07-08 20:00:00.000,59.870914
2024-07-08 22:00:00.000,47.598263
2024-07-09 00:00:00.000,25.669594
2024-07-09 02:00:00.000,17.437782
2024-07-09 04:00:00.000,22.140635
2024-07-09 06:00:00.000,36.518578
2024-07-09 08:00:00.000,46.665215
2024-07-09 10:00:00.000,47.846577
2024-07-09 12:00:00.000,45.648716
2024-07-09 14:00:00.000,41.654633
2024-07-09 16:00:00.000,39.816242
2024-07-09 18:00:00.000,45.400284
2024-07-09 20:00:00.000,60.533348
2024-07-09 22:00:00.000,48.159878
2024-07-10 00:00:00.000,25.872135
2024-07-10 02:00:00.000,17.240784
2024-07-10 04:00:00.000,22.075825
2024-07-10 06:00:00.000,36.814777
2024-07-10 08:00:00.000,47.276543
2024-07-10 10:00:00.000,48.377502
2024-07-10 12:00:00.000,46.470554
2024-07-10 14:00:00.000,42.355087
2024-07-10 16:00:00.000,40.678864
2024-07-10 18:00:00.000,46.272152
2024-07-10 20:00:00.000,61.753616
2024-07-10 22:00:00.000,48.827835
2024-07-11 00:00:00.000,26.34848
2024-07-11 02:00:00.000,17.582357
2024-07-11 04:00:00.000,22.466295
2024-07-11 06:00:00.000,37.08757
2024-07-11 08:00:00.000,47.464733
2024-07-11 10:00:00.000,48.379936
2024-07-11 12:00:00.000,46.430412
2024-07-11 14:00:00.000,42.193306
2024-07-11 16:00:00.000,40.286804
2024-07-11 18:00:00.000,45.526127
2024-07-11 20:00:00.000,60.11328
2024-07-11 22:00:00.000,47.306164
2024-07-12 00:00:00.000,25.34667
2024-07-12 02:00:00.000,17.074873
2024-07-12 04:00:00.000,21.961489
2024-07-12 06:00:00.000,36.324013
2024-07-12 08:00:00.000,46.632
2024-07-12 10:00:00.000,47.484127
2024-07-12 12:00:00.000,45.649895
2024-07-12 14:00:00.000,41.01125
2024-07-12 16:00:00.000,38.944523
2024-07-12 18:00:00.000,43.759766
2024-07-12 20:00:00.000,58.476074
2024-07-12 22:00:00.000,48.23233
2024-07-13 00:00:00.000,26.420042
2024-07-13 02:00:00.000,17.011911
2024-07-13 04:00:00.000,19.94345
2024-07-13 06:00:00.000,33.16908
2024-07-13 08:00:00.000,43.603638
2024-07-13 10:00:00.000,45.219967
2024-07-13 12:00:00.000,44.957573
2024-07-13 14:00:00.000,41.016197
2024-07-13 16:00:00.000,37.988415
2024-07-13 18:00:00.000,41.956417
2024-07-13 20:00:00.000,56.860226
2024-07-13 22:00:00.000,48.948086
2024-07-14 00:00:00.000,27.319237
2024-07-14 02:00:00.000,16.872665
2024-07-14 04:00:00.000,18.88607
2024-07-14 06:00:00.000,31.009418
2024-07-14 08:00:00.000,43.23121
2024-07-14 10:00:00.000,46.477848
2024-07-14 12:00:00.000,46.415497
2024-07-14 14:00:00.000,43.011665
2024-07-14 16:00:00.000,40.70457
2024-07-14 18:00:00.000,45.28856
2024-07-14 20:00:00.000,58.88895
2024-07-14 22:00:00.000,47.547405
2024-07-15 00:00:00.000,26.373207
2024-07-15 02:00:00.000,17.417274
2024-07-15 04:00:00.000,21.918533
2024-07-15 06:00:00.000,35.443146
2024-07-15 08:00:00.000,46.42252
2024-07-15 10:00:00.000,47.854065
2024-07-15 12:00:00.000,46.141785
2024-07-15 14:00:00.000,42.37138
2024-07-15 16:00:00.000,40.69611
2024-07-15 18:00:00.000,45.63496
2024-07-15 20:00:00.000,59.949192
2024-07-15 22:00:00.000,47.676186
2024-07-16 00:00:00.000,25.916496
2024-07-16 02:00:00.000,17.61281
2024-07-16 04:00:00.000,22.294228
2024-07-16 06:00:00.000,36.24266
2024-07-16 08:00:00.000,46.553032
2024-07-16 10:00:00.000,47.24841
2024-07-16 12:00:00.000,45.289078
2024-07-16 14:00:00.000,41.796474
2024-07-16 16:00:00.000,39.683846
2024-07-16 18:00:00.000,44.41002
2024-07-16 20:00:00.000,59.15818
2024-07-16 22:00:00.000,47.993927
2024-07-17 00:00:00.000,26.1112
2024-07-17 02:00:00.000,17.656939
2024-07-17 04:00:00.000,21.750778
2024-07-17 06:00:00.000,34.44191
2024-07-17 08:00:00.000,44.212784
2024-07-17 10:00:00.000,46.60905
2024-07-17 12:00:00.000,45.48474
2024-07-17 14:00:00.000,42.161118
2024-07-17 16:00:00.000,40.247025
2024-07-17 18:00:00.000,45.593056
2024-07-17 20:00:00.000,60.74735
2024-07-17 22:00:00.000,48.057404
2024-07-18 00:00:00.000,26.14673
2024-07-18 02:00:00.000,18.026882
2024-07-18 04:00:00.000,22.687035
2024-07-18 06:00:00.000,36.908207
2024-07-18 08:00:00.000,47.51281
2024-07-18 10:00:00.000,48.607216
2024-07-18 12:00:00.000,46.394974
2024-07-18 14:00:00.000,42.441196
2024-07-18 16:00:00.000,41.152912
2024-07-18 18:00:00.000,46.771084
2024-07-18 20:00:00.000,61.17629
2024-07-18 22:00:00.000,48.175854
2024-07-19 00:00:00.000,26.167566
2024-07-19 02:00:00.000,17.736023
2024-07-19 04:00:00.000,22.485714
2024-07-19 06:00:00.000,37.04771
2024-07-19 08:00:00.000,48.23766
2024-07-19 10:00:00.000,49.175213
2024-07-19 12:00:00.000,46.66081
2024-07-19 14:00:00.000,42.016396
2024-07-19 16:00:00.000,39.77555
2024-07-19 18:00:00.000,45.11611
2024-07-19 20:00:00.000,59.658897
2024-07-19 22:00:00.000,48.51271
2024-07-20 00:00:00.000,27.008074
2024-07-20 02:00:00.000,17.261671
2024-07-20 04:00:00.000,20.704767
2024-07-20 06:00:00.000,34.080967
2024-07-20 08:00:00.000,44.98452
2024-07-20 10:00:00.000,46.719353
2024-07-20 12:00:00.000,45.905624
2024-07-20 14:00:00.000,41.86701
2024-07-20 16:00:00.000,39.416843
2024-07-20 18:00:00.000,44.19977
2024-07-20 20:00:00.000,58.51021
2024-07-20 22:00:00.000,48.926514
2024-07-21 00:00:00.000,27.945549
2024-07-21 02:00:00.000,17.410316
2024-07-21 04:00:00.000,19.631
2024-07-21 06:00:00.000,32.016685
2024-07-21 08:00:00.000,44.576763
2024-07-21 10:00:00.000,48.344673
2024-07-21 12:00:00.000,48.441666
2024-07-21 14:00:00.000,45.013454
2024-07-21 16:00:00.000,42.916065
2024-07-21 18:00:00.000,47.679142
2024-07-21 20:00:00.000,60.914993
2024-07-21 22:00:00.000,48.881653
2024-07-22 00:00:00.000,27.287275
2024-07-22 02:00:00.000,18.277079
2024-07-22 04:00:00.000,23.032202
2024-07-22 06:00:00.000,37.721264
2024-07-22 08:00:00.000,48.822094
2024-07-22 10:00:00.000,49.987236
2024-07-22 12:00:00.000,47.840187
2024-07-22 14:00:00.000,44.177032
2024-07-22 16:00:00.000,42.785206
2024-07-22 18:00:00.000,48.367832
2024-07-22 20:00:00.000,61.58849
2024-07-22 22:00:00.000,47.18373
2024-07-23 00:00:00.000,25.557014
2024-07-23 02:00:00.000,17.50851
2024-07-23 04:00:00.000,22.645046
2024-07-23 06:00:00.000,37.204147
2024-07-23 08:00:00.000,47.62702
2024-07-23 10:00:00.000,48.3781
2024-07-23 12:00:00.000,46.122677
2024-07-23 14:00:00.000,42.776917
2024-07-23 16:00:00.000,41.49445
2024-07-23 18:00:00.000,48.058327
2024-07-23 20:00:00.000,61.80906
2024-07-23 22:00:00.000,47.740864
2024-07-24 00:00:00.000,25.823444
2024-07-24 02:00:00.000,17.553812
2024-07-24 04:00:00.000,22.55267
2024-07-24 06:00:00.000,37.131004
2024-07-24 08:00:00.000,47.414413
2024-07-24 10:00:00.000,47.868435
2024-07-24 12:00:00.000,45.6957
2024-07-24 14:00:00.000,41.20701
2024-07-24 16:00:00.000,40.410454
2024-07-24 18:00:00.000,46.646103
2024-07-24 20:00:00.000,60.178074
2024-07-24 22:00:00.000,46.75522
2024-07-25 00:00:00.000,25.343697
2024-07-25 02:00:00.000,16.983267
2024-07-25 04:00:00.000,21.858318
2024-07-25 06:00:00.000,36.034027
2024-07-25 08:00:00.000,46.102787
2024-07-25 10:00:00.000,46.488693
2024-07-25 12:00:00.000,44.439884
2024-07-25 14:00:00.000,41.118725
2024-07-25 16:00:00.000,39.735332
2024-07-25 18:00:00.000,45.616615
2024-07-25 20:00:00.000,59.28563
2024-07-25 22:00:00.000,46.141365
2024-07-26 00:00:00.000,24.926275
2024-07-26 02:00:00.000,17.05278
2024-07-26 04:00:00.000,21.893341
2024-07-26 06:00:00.000,35.965298
2024-07-26 08:00:00.000,46.236053
2024-07-26 10:00:00.000,46.414433
2024-07-26 12:00:00.000,44.745495
2024-07-26 14:00:00.000,41.194008
2024-07-26 16:00:00.000,39.585907
2024-07-26 18:00:00.000,45.00824
2024-07-26 20:00:00.000,58.78168
2024-07-26 22:00:00.000,46.923283
2024-07-27 00:00:00.000,25.883951
2024-07-27 02:00:00.000,16.75702
2024-07-27 04:00:00.000,20.158985
2024-07-27 06:00:00.000,33.59222
2024-07-27 08:00:00.000,44.422245
2024-07-27 10:00:00.000,45.65204
2024-07-27 12:00:00.000,44.924698
2024-07-27 14:00:00.000,41.052734
2024-07-27 16:00:00.000,38.67453
2024-07-27 18:00:00.000,43.55577
2024-07-27 20:00:00.000,57.654976
2024-07-27 22:00:00.000,47.845577
2024-07-28 00:00:00.000,27.240463
2024-07-28 02:00:00.000,17.022999
2024-07-28 04:00:00.000,19.224773
2024-07-28 06:00:00.000,31.85872
2024-07-28 08:00:00.000,43.905304
2024-07-28 10:00:00.000,46.502907
2024-07-28 12:00:00.000,46.98268
2024-07-28 14:00:00.000,43.403965
2024-07-28 16:00:00.000,41.362633
2024-07-28 18:00:00.000,46.012447
2024-07-28 20:00:00.000,59.38649
2024-07-28 22:00:00.000,46.963406
2024-07-29 00:00:00.000,26.165241
2024-07-29 02:00:00.000,17.492714
2024-07-29 04:00:00.000,21.929697
2024-07-29 06:00:00.000,35.95409
2024-07-29 08:00:00.000,47.308357
2024-07-29 10:00:00.000,48.10965
2024-07-29 12:00:00.000,46.04927
2024-07-29 14:00:00.000,42.34069
2024-07-29 16:00:00.000,41.069473
2024-07-29 18:00:00.000,47.070866
2024-07-29 20:00:00.000,60.40651
2024-07-29 22:00:00.000,46.129906
2024-07-30 00:00:00.000,24.956879
2024-07-30 02:00:00.000,17.055342
2024-07-30 04:00:00.000,21.881084
2024-07-30 06:00:00.000,35.998405
2024-07-30 08:00:00.000,46.164474
2024-07-30 10:00:00.000,46.948997
2024-07-30 12:00:00.000,45.09138
2024-07-30 14:00:00.000,41.378925
2024-07-30 16:00:00.000,39.887363
2024-07-30 18:00:00.000,45.839916
2024-07-30 20:00:00.000,58.448166
2024-07-30 22:00:00.000,44.94996
2024-07-31 00:00:00.000,24.281776
2024-08-01 02:00:00.000,16.43732
2024-08-01 04:00:00.000,21.134558
2024-08-01 06:00:00.000,35.004612
2024-08-01 08:00:00.000,44.93152
2024-08-01 10:00:00.000,44.83905
2024-08-01 12:00:00.000,42.563816
2024-08-01 14:00:00.000,38.997017
2024-08-01 16:00:00.000,38.368935
2024-08-01 18:00:00.000,44.144226
2024-08-01 20:00:00.000,56.31691
2024-08-01 22:00:00.000,42.89028
2024-08-02 00:00:00.000,23.194796
2024-08-02 02:00:00.000,16.39485
2024-08-02 04:00:00.000,21.027643
2024-08-02 06:00:00.000,34.12693
2024-08-02 08:00:00.000,43.57203
2024-08-02 10:00:00.000,43.30687
2024-08-02 12:00:00.000,41.137398
2024-08-02 14:00:00.000,37.365032
2024-08-02 16:00:00.000,36.04711
2024-08-02 18:00:00.000,41.90947
2024-08-02 20:00:00.000,54.286705
2024-08-02 22:00:00.000,42.63288
2024-08-03 00:00:00.000,23.547398
2024-08-03 02:00:00.000,15.448192
2024-08-03 04:00:00.000,18.764572
2024-08-03 06:00:00.000,31.13911
2024-08-03 08:00:00.000,40.88277
2024-08-03 10:00:00.000,41.718292
2024-08-03 12:00:00.000,40.929794
2024-08-03 14:00:00.000,36.80713
2024-08-03 16:00:00.000,34.377453
2024-08-03 18:00:00.000,39.067417
2024-08-03 20:00:00.000,51.952316
2024-08-03 22:00:00.000,42.338097
2024-08-04 00:00:00.000,23.850618
2024-08-04 02:00:00.000,15.056783
2024-08-04 04:00:00.000,17.354767
2024-08-04 06:00:00.000,28.897398
2024-08-04 08:00:00.000,39.969074
2024-08-04 10:00:00.000,42.227936
2024-08-04 12:00:00.000,42.229
2024-08-04 14:00:00.000,38.877472
2024-08-04 16:00:00.000,36.770157
2024-08-04 18:00:00.000,41.92074
2024-08-04 20:00:00.000,53.154118
2024-08-04 22:00:00.000,41.40288
2024-08-05 00:00:00.000,23.444674
2024-08-05 02:00:00.000,16.209707
2024-08-05 04:00:00.000,20.773882
2024-08-05 06:00:00.000,34.64974
2024-08-05 08:00:00.000,44.524532
2024-08-05 10:00:00.000,42.741287
2024-08-05 12:00:00.000,40.861126
2024-08-05 14:00:00.000,37.594368
2024-08-05 16:00:00.000,36.158997
2024-08-05 18:00:00.000,41.813683
2024-08-05 20:00:00.000,53.72948
2024-08-05 22:00:00.000,40.15461
2024-08-06 00:00:00.000,21.918056
2024-08-06 02:00:00.000,15.320716
2024-08-06 04:00:00.000,20.1985
2024-08-06 06:00:00.000,33.865997
2024-08-06 08:00:00.000,42.72469
2024-08-06 10:00:00.000,42.38442
2024-08-06 12:00:00.000,40.49132
2024-08-06 14:00:00.000,36.576046
2024-08-06 16:00:00.000,35.451862
2024-08-06 18:00:00.000,41.671474
2024-08-06 20:00:00.000,53.527733
2024-08-06 22:00:00.000,39.81129
2024-08-07 00:00:00.000,22.279507
2024-08-07 02:00:00.000,15.628072
2024-08-07 04:00:00.000,20.402157
2024-08-07 06:00:00.000,33.39362
2024-08-07 08:00:00.000,41.93647
2024-08-07 10:00:00.000,41.496357
2024-08-07 12:00:00.000,39.875275
2024-08-07 14:00:00.000,36.730797
2024-08-07 16:00:00.000,35.654873
2024-08-07 18:00:00.000,41.79177
2024-08-07 20:00:00.000,53.292847
2024-08-07 22:00:00.000,39.822456
2024-08-08 00:00:00.000,21.73371
2024-08-08 02:00:00.000,15.310982
2024-08-08 04:00:00.000,20.400673
2024-08-08 06:00:00.000,33.82732
2024-08-08 08:00:00.000,34.185966
2024-08-08 10:00:00.000,32.365524
2024-08-08 12:00:00.000,33.074394
2024-08-08 14:00:00.000,29.872637
2024-08-08 16:00:00.000,28.469118
2024-08-08 18:00:00.000,33.347385
2024-08-08 20:00:00.000,42.200615
2024-08-08 22:00:00.000,32.38037
2024-08-09 00:00:00.000,18.03388
2024-08-09 02:00:00.000,12.72456
2024-08-09 04:00:00.000,16.63318
2024-08-09 06:00:00.000,26.789045
2024-08-09 08:00:00.000,33.17967
2024-08-09 10:00:00.000,32.556816
2024-08-09 12:00:00.000,31.290684
2024-08-09 14:00:00.000,28.40479
2024-08-09 16:00:00.000,27.38663
2024-08-09 18:00:00.000,31.99321
2024-08-09 20:00:00.000,41.191864
2024-08-09 22:00:00.000,32.509396
2024-08-10 00:00:00.000,18.675291
2024-08-10 02:00:00.000,12.430877
2024-08-10 04:00:00.000,15.138988
2024-08-10 06:00:00.000,24.712008
2024-08-10 08:00:00.000,30.90567
2024-08-10 10:00:00.000,31.390818
2024-08-10 12:00:00.000,31.098633
2024-08-10 14:00:00.000,28.323208
2024-08-10 16:00:00.000,26.37385
2024-08-10 18:00:00.000,30.14406
2024-08-10 20:00:00.000,39.741085
2024-08-10 22:00:00.000,32.559643
2024-08-11 00:00:00.000,18.863667
2024-08-11 02:00:00.000,12.013913
2024-08-11 04:00:00.000,13.778481
2024-08-11 06:00:00.000,22.944172
2024-08-11 08:00:00.000,30.65604
2024-08-11 10:00:00.000,32.214405
2024-08-11 12:00:00.000,32.28197
2024-08-11 14:00:00.000,29.550245
2024-08-11 16:00:00.000,28.236006
2024-08-11 18:00:00.000,32.54763
2024-08-11 20:00:00.000,40.814587
2024-08-11 22:00:00.000,32.009697
2024-08-12 00:00:00.000,18.154305
2024-08-12 02:00:00.000,12.5344515
2024-08-12 04:00:00.000,15.948979
2024-08-12 06:00:00.000,26.282658
2024-08-12 08:00:00.000,32.611046
2024-08-12 10:00:00.000,32.684143
2024-08-12 12:00:00.000,31.455355
2024-08-12 14:00:00.000,28.860823
2024-08-12 16:00:00.000,28.1921
2024-08-12 18:00:00.000,32.965282
2024-08-12 20:00:00.000,41.53923
2024-08-12 22:00:00.000,31.342052
2024-08-13 00:00:00.000,17.257145
2024-08-13 02:00:00.000,11.943105
2024-08-13 04:00:00.000,15.946442
2024-08-13 06:00:00.000,26.38803
2024-08-13 08:00:00.000,32.746597
2024-08-13 10:00:00.000,32.411034
2024-08-13 12:00:00.000,30.983196
2024-08-13 14:00:00.000,28.432693
2024-08-13 16:00:00.000,27.774826
2024-08-13 18:00:00.000,32.534473
2024-08-13 20:00:00.000,41.237545
2024-08-13 22:00:00.000,30.858181
2024-08-14 00:00:00.000,16.87513
2024-08-14 02:00:00.000,11.720839
2024-08-14 04:00:00.000,15.660501
2024-08-14 06:00:00.000,25.794334
2024-08-14 08:00:00.000,31.368603
2024-08-14 10:00:00.000,31.125456
2024-08-14 12:00:00.000,29.995283
2024-08-14 14:00:00.000,27.425312
2024-08-14 16:00:00.000,26.74874
2024-08-14 18:00:00.000,31.828598
2024-08-14 20:00:00.000,40.638195
2024-08-14 22:00:00.000,30.818775
2024-08-15 00:00:00.000,17.001295
2024-08-15 02:00:00.000,11.824826
2024-08-15 04:00:00.000,15.476828
2024-08-15 06:00:00.000,23.981104
2024-08-15 08:00:00.000,28.728563
2024-08-15 10:00:00.000,29.514698
2024-08-15 12:00:00.000,28.637878
2024-08-15 14:00:00.000,26.430313
2024-08-15 16:00:00.000,25.743952
2024-08-15 18:00:00.000,30.813725
2024-08-15 20:00:00.000,39.192722
2024-08-15 22:00:00.000,29.688913
2024-08-16 00:00:00.000,16.358627
2024-08-16 02:00:00.000,11.678373
2024-08-16 04:00:00.000,15.098111
2024-08-16 06:00:00.000,24.1127
2024-08-16 08:00:00.000,29.476496
2024-08-16 10:00:00.000,28.923002
2024-08-16 12:00:00.000,28.045809
2024-08-16 14:00:00.000,25.807688
2024-08-16 16:00:00.000,24.900785
2024-08-16 18:00:00.000,29.559711
2024-08-16 20:00:00.000,38.345467
2024-08-16 22:00:00.000,29.966124
2024-08-17 00:00:00.000,16.865126
2024-08-17 02:00:00.000,11.083771
2024-08-17 04:00:00.000,13.49457
2024-08-17 06:00:00.000,22.412397
2024-08-17 08:00:00.000,28.401848
2024-08-17 10:00:00.000,28.759502
2024-08-17 12:00:00.000,28.40258
2024-08-17 14:00:00.000,25.70009
2024-08-17 16:00:00.000,24.003246
2024-08-17 18:00:00.000,28.112646
2024-08-17 20:00:00.000,36.620617
2024-08-17 22:00:00.000,30.154692
2024-08-18 00:00:00.000,17.494444
2024-08-18 02:00:00.000,11.280595
2024-08-18 04:00:00.000,12.838422
2024-08-18 06:00:00.000,21.177212
2024-08-18 08:00:00.000,28.076338
2024-08-18 10:00:00.000,29.178625
2024-08-18 12:00:00.000,29.14095
2024-08-18 14:00:00.000,26.755556
2024-08-18 16:00:00.000,25.36184
2024-08-18 18:00:00.000,29.238426
2024-08-18 20:00:00.000,37.066162
2024-08-18 22:00:00.000,29.677494
2024-08-19 00:00:00.000,16.970518
2024-08-19 02:00:00.000,11.712984
2024-08-19 04:00:00.000,14.6714735
2024-08-19 06:00:00.000,23.362844
2024-08-19 08:00:00.000,29.074347
2024-08-19 10:00:00.000,30.363861
2024-08-19 12:00:00.000,28.93783
2024-08-19 14:00:00.000,26.52527
2024-08-19 16:00:00.000,25.825626
2024-08-19 18:00:00.000,31.084507
2024-08-19 20:00:00.000,39.436714
2024-08-19 22:00:00.000,29.809532
2024-08-20 00:00:00.000,16.623226
2024-08-20 02:00:00.000,11.919369
2024-08-20 04:00:00.000,15.18958
2024-08-20 06:00:00.000,24.530245
2024-08-20 08:00:00.000,30.412075
2024-08-20 10:00:00.000,30.05117
2024-08-20 12:00:00.000,28.58168
2024-08-20 14:00:00.000,26.009846
2024-08-20 16:00:00.000,25.369926
2024-08-20 18:00:00.000,30.514887
2024-08-20 20:00:00.000,38.97336
2024-08-20 22:00:00.000,29.609785
2024-08-21 00:00:00.000,16.628387
2024-08-21 02:00:00.000,11.869512
2024-08-21 04:00:00.000,15.392711
2024-08-21 06:00:00.000,24.759398
2024-08-21 08:00:00.000,30.020811
2024-08-21 10:00:00.000,29.399593
2024-08-21 12:00:00.000,27.985283
2024-08-21 14:00:00.000,25.29232
2024-08-21 16:00:00.000,24.536724
2024-08-21 18:00:00.000,28.907627
2024-08-21 20:00:00.000,36.63907
2024-08-21 22:00:00.000,27.997568
2024-08-22 00:00:00.000,15.936882
2024-08-22 02:00:00.000,11.444262
2024-08-22 04:00:00.000,14.935771
2024-08-22 06:00:00.000,24.469881
2024-08-22 08:00:00.000,29.589752
2024-08-22 10:00:00.000,28.859646
2024-08-22 12:00:00.000,27.495646
2024-08-22 14:00:00.000,25.148842
2024-08-22 16:00:00.000,24.69364
2024-08-22 18:00:00.000,29.92607
2024-08-22 20:00:00.000,37.929375
2024-08-22 22:00:00.000,28.763086
2024-08-23 00:00:00.000,15.992318
2024-08-23 02:00:00.000,11.493052
2024-08-23 04:00:00.000,14.806776
2024-08-23 06:00:00.000,24.211184
2024-08-23 08:00:00.000,29.634912
2024-08-23 10:00:00.000,28.721436
2024-08-23 12:00:00.000,27.161428
2024-08-23 14:00:00.000,24.78519
2024-08-23 16:00:00.000,23.92991
2024-08-23 18:00:00.000,29.200605
2024-08-23 20:00:00.000,36.94543
2024-08-23 22:00:00.000,28.792124
2024-08-24 00:00:00.000,16.509909
2024-08-24 02:00:00.000,11.006278
2024-08-24 04:00:00.000,13.516296
2024-08-24 06:00:00.000,22.176607
2024-08-24 08:00:00.000,27.503237
2024-08-24 10:00:00.000,27.561357
2024-08-24 12:00:00.000,27.070494
2024-08-24 14:00:00.000,24.373056
2024-08-24 16:00:00.000,22.869003
2024-08-24 18:00:00.000,27.405098
2024-08-24 20:00:00.000,35.12989
2024-08-24 22:00:00.000,28.763763
2024-08-25 00:00:00.000,17.089998
2024-08-25 02:00:00.000,11.125358
2024-08-25 04:00:00.000,12.736913
2024-08-25 06:00:00.000,20.903332
2024-08-25 08:00:00.000,27.03452
2024-08-25 10:00:00.000,28.10259
2024-08-25 12:00:00.000,27.799854
2024-08-25 14:00:00.000,25.504799
2024-08-25 16:00:00.000,24.344181
2024-08-25 18:00:00.000,28.726908
2024-08-25 20:00:00.000,36.316536
2024-08-25 22:00:00.000,29.118761
2024-08-26 00:00:00.000,17.025284
2024-08-26 02:00:00.000,11.873848
2024-08-26 04:00:00.000,14.823648
2024-08-26 06:00:00.000,23.326424
2024-08-26 08:00:00.000,28.613777
2024-08-26 10:00:00.000,28.95128
2024-08-26 12:00:00.000,27.865417
2024-08-26 14:00:00.000,25.665533
2024-08-26 16:00:00.000,25.484661
2024-08-26 18:00:00.000,30.759567
2024-08-26 20:00:00.000,38.17389
2024-08-26 22:00:00.000,29.207727
2024-08-27 00:00:00.000,16.483335
2024-08-27 02:00:00.000,11.90765
2024-08-27 04:00:00.000,15.503295
2024-08-27 06:00:00.000,24.987663
2024-08-27 08:00:00.000,29.846664
2024-08-27 10:00:00.000,28.962193
2024-08-27 12:00:00.000,27.24765
2024-08-27 14:00:00.000,24.96309
2024-08-27 16:00:00.000,24.518377
2024-08-27 18:00:00.000,30.46084
2024-08-27 20:00:00.000,38.83151
2024-08-27 22:00:00.000,29.018772
2024-08-28 00:00:00.000,16.51317
2024-08-28 02:00:00.000,11.732265
2024-08-28 04:00:00.000,15.56379
2024-08-28 06:00:00.000,25.009533
2024-08-28 08:00:00.000,29.30228
2024-08-28 10:00:00.000,28.488369
2024-08-28 12:00:00.000,26.736866
2024-08-28 14:00:00.000,24.588003
2024-08-28 16:00:00.000,24.199917
2024-08-28 18:00:00.000,30.1818
2024-08-28 20:00:00.000,37.853233
2024-08-28 22:00:00.000,28.301386
2024-08-29 00:00:00.000,15.839796
2024-08-29 02:00:00.000,11.550092
2024-08-29 04:00:00.000,15.322667
2024-08-29 06:00:00.000,25.02891
2024-08-29 08:00:00.000,29.505045
2024-08-29 10:00:00.000,28.123358
2024-08-29 12:00:00.000,26.350584
2024-08-29 14:00:00.000,24.04093
2024-08-29 16:00:00.000,24.01306
2024-08-29 18:00:00.000,29.831495
2024-08-29 20:00:00.000,37.70816
2024-08-29 22:00:00.000,28.13219
2024-08-30 00:00:00.000,15.85184
2024-08-30 02:00:00.000,11.59896
2024-08-30 04:00:00.000,15.298735
2024-08-30 06:00:00.000,24.68453
2024-08-30 08:00:00.000,29.25979
2024-08-30 10:00:00.000,27.810356
2024-08-30 12:00:00.000,26.13267
2024-08-30 14:00:00.000,23.784447
2024-08-30 16:00:00.000,23.13701
2024-08-30 18:00:00.000,28.518497
2024-08-30 20:00:00.000,36.571957
2024-08-30 22:00:00.000,28.407154
2024-08-31 00:00:00.000,16.368717
2024-09-01 02:00:00.000,19.083427
2024-09-01 04:00:00.000,12.963565
2024-09-01 06:00:00.000,21.390184
2024-09-01 08:00:00.000,27.162159
2024-09-01 10:00:00.000,28.14045
2024-09-01 12:00:00.000,27.88602
2024-09-01 14:00:00.000,25.594852
2024-09-01 16:00:00.000,24.117838
2024-09-01 18:00:00.000,28.596159
2024-09-01 20:00:00.000,35.320698
2024-09-01 22:00:00.000,27.013083
2024-09-02 00:00:00.000,15.564585
2024-09-02 02:00:00.000,11.472778
2024-09-02 04:00:00.000,15.805323
2024-09-02 06:00:00.000,24.376637
2024-09-02 08:00:00.000,26.18141
2024-09-02 10:00:00.000,27.113268
2024-09-02 12:00:00.000,27.521515
2024-09-02 14:00:00.000,25.312166
2024-09-02 16:00:00.000,24.082706
2024-09-02 18:00:00.000,29.153984
2024-09-02 20:00:00.000,34.86687
2024-09-02 22:00:00.000,24.79425
2024-09-03 00:00:00.000,14.00519
2024-09-03 02:00:00.000,10.860515
2024-09-03 04:00:00.000,15.5333
2024-09-03 06:00:00.000,24.019331
2024-09-03 08:00:00.000,25.623304
2024-09-03 10:00:00.000,25.540749
2024-09-03 12:00:00.000,26.066984
2024-09-03 14:00:00.000,25.280735
2024-09-03 16:00:00.000,24.833828
2024-09-03 18:00:00.000,30.11143
2024-09-03 20:00:00.000,36.255203
2024-09-03 22:00:00.000,25.251682
2024-09-04 00:00:00.000,14.012143
2024-09-04 02:00:00.000,10.918704
2024-09-04 04:00:00.000,15.635869
2024-09-04 06:00:00.000,24.24165
2024-09-04 08:00:00.000,25.720625
2024-09-04 10:00:00.000,25.709059
2024-09-04 12:00:00.000,26.223614
2024-09-04 14:00:00.000,25.377577
2024-09-04 16:00:00.000,25.288965
2024-09-04 18:00:00.000,30.739313
2024-09-04 20:00:00.000,36.145653
2024-09-04 22:00:00.000,24.731548
2024-09-05 00:00:00.000,13.678174
2024-09-05 02:00:00.000,10.648465
2024-09-05 04:00:00.000,15.47634
2024-09-05 06:00:00.000,24.177025
2024-09-05 08:00:00.000,25.252195
2024-09-05 10:00:00.000,25.536875
2024-09-05 12:00:00.000,26.334679
2024-09-05 14:00:00.000,25.564144
2024-09-05 16:00:00.000,25.974213
2024-09-05 18:00:00.000,32.842525
2024-09-05 20:00:00.000,36.78562
2024-09-05 22:00:00.000,24.986792
2024-09-06 00:00:00.000,13.941663
2024-09-06 02:00:00.000,10.7493105
2024-09-06 04:00:00.000,15.347901
2024-09-06 06:00:00.000,24.477991
2024-09-06 08:00:00.000,26.997124
2024-09-06 10:00:00.000,26.647945
2024-09-06 12:00:00.000,26.761345
2024-09-06 14:00:00.000,25.339327
2024-09-06 16:00:00.000,24.979849
2024-09-06 18:00:00.000,30.476372
2024-09-06 20:00:00.000,36.496426
2024-09-06 22:00:00.000,26.368292
2024-09-07 00:00:00.000,14.662624
2024-09-07 02:00:00.000,10.42215
2024-09-07 04:00:00.000,13.918865
2024-09-07 06:00:00.000,23.659136
2024-09-07 08:00:00.000,28.31497
2024-09-07 10:00:00.000,27.763891
2024-09-07 12:00:00.000,27.560595
2024-09-07 14:00:00.000,24.707611
2024-09-07 16:00:00.000,23.459612
2024-09-07 18:00:00.000,28.017982
2024-09-07 20:00:00.000,34.397766
2024-09-07 22:00:00.000,27.013542
2024-09-08 00:00:00.000,15.685063
2024-09-08 02:00:00.000,10.538529
2024-09-08 04:00:00.000,13.101605
2024-09-08 06:00:00.000,22.496971
2024-09-08 08:00:00.000,28.219143
2024-09-08 10:00:00.000,28.710817
2024-09-08 12:00:00.000,28.2607
2024-09-08 14:00:00.000,25.63396
2024-09-08 16:00:00.000,24.625303
2024-09-08 18:00:00.000,29.095318
2024-09-08 20:00:00.000,34.2369
2024-09-08 22:00:00.000,25.680792
2024-09-09 00:00:00.000,14.626317
2024-09-09 02:00:00.000,11.221563
2024-09-09 04:00:00.000,15.857261
2024-09-09 06:00:00.000,24.963964
2024-09-09 08:00:00.000,26.900562
2024-09-09 10:00:00.000,26.80414
2024-09-09 12:00:00.000,26.868263
2024-09-09 14:00:00.000,25.910559
2024-09-09 16:00:00.000,25.645384
2024-09-09 18:00:00.000,31.057598
2024-09-09 20:00:00.000,37.211845
2024-09-09 22:00:00.000,25.960308
2024-09-10 00:00:00.000,14.148015
2024-09-10 02:00:00.000,10.927722
2024-09-10 04:00:00.000,15.952888
2024-09-10 06:00:00.000,25.250746
2024-09-10 08:00:00.000,26.9613
2024-09-10 10:00:00.000,26.454485
2024-09-10 12:00:00.000,26.35222
2024-09-10 14:00:00.000,25.14574
2024-09-10 16:00:00.000,25.106833
2024-09-10 18:00:00.000,30.569363
2024-09-10 20:00:00.000,36.47463
2024-09-10 22:00:00.000,25.803173
2024-09-11 00:00:00.000,14.090517
2024-09-11 02:00:00.000,10.777551
2024-09-11 04:00:00.000,15.531173
2024-09-11 06:00:00.000,24.951923
2024-09-11 08:00:00.000,26.740839
2024-09-11 10:00:00.000,26.900856
2024-09-11 12:00:00.000,26.96776
2024-09-11 14:00:00.000,25.829723
2024-09-11 16:00:00.000,25.713047
2024-09-11 18:00:00.000,31.155348
2024-09-11 20:00:00.000,37.087368
2024-09-11 22:00:00.000,26.372406
2024-09-12 00:00:00.000,14.389634
2024-09-12 02:00:00.000,11.162464
2024-09-12 04:00:00.000,16.233505
2024-09-12 06:00:00.000,25.481379
2024-09-12 08:00:00.000,27.065666
2024-09-12 10:00:00.000,27.10383
2024-09-12 12:00:00.000,26.813536
2024-09-12 14:00:00.000,25.55875
2024-09-12 16:00:00.000,25.690228
2024-09-12 18:00:00.000,31.16416
2024-09-12 20:00:00.000,37.070484
2024-09-12 22:00:00.000,26.222532
2024-09-13 00:00:00.000,14.581839
2024-09-13 02:00:00.000,11.463757
2024-09-13 04:00:00.000,16.2599
2024-09-13 06:00:00.000,25.150887
2024-09-13 08:00:00.000,27.100445
2024-09-13 10:00:00.000,27.11952
2024-09-13 12:00:00.000,27.271418
2024-09-13 14:00:00.000,25.493914
2024-09-13 16:00:00.000,25.01717
2024-09-13 18:00:00.000,30.478027
2024-09-13 20:00:00.000,36.75752
2024-09-13 22:00:00.000,27.104666
2024-09-14 00:00:00.000,15.227096
2024-09-14 02:00:00.000,10.904988
2024-09-14 04:00:00.000,14.613524
2024-09-14 06:00:00.000,24.422216
2024-09-14 08:00:00.000,28.31675
2024-09-14 10:00:00.000,28.05873
2024-09-14 12:00:00.000,27.821644
2024-09-14 14:00:00.000,24.725552
2024-09-14 16:00:00.000,23.683079
2024-09-14 18:00:00.000,28.397007
2024-09-14 20:00:00.000,34.023987
2024-09-14 22:00:00.000,26.987331
2024-09-15 00:00:00.000,15.892119
2024-09-15 02:00:00.000,10.861428
2024-09-15 04:00:00.000,13.563303
2024-09-15 06:00:00.000,22.997591
2024-09-15 08:00:00.000,28.604496
2024-09-15 10:00:00.000,29.035923
2024-09-15 12:00:00.000,28.778835
2024-09-15 14:00:00.000,25.928858
2024-09-15 16:00:00.000,24.745562
2024-09-15 18:00:00.000,28.81678
2024-09-15 20:00:00.000,33.40071
2024-09-15 22:00:00.000,25.480494
2024-09-16 00:00:00.000,14.713965
2024-09-16 02:00:00.000,10.775577
2024-09-16 04:00:00.000,14.987493
2024-09-16 06:00:00.000,23.15219
2024-09-16 08:00:00.000,25.505602
2024-09-16 10:00:00.000,26.858477
2024-09-16 12:00:00.000,27.582169
2024-09-16 14:00:00.000,26.3818
2024-09-16 16:00:00.000,25.801937
2024-09-16 18:00:00.000,31.032614
2024-09-16 20:00:00.000,35.998978
2024-09-16 22:00:00.000,25.75578
2024-09-17 00:00:00.000,14.4942875
2024-09-17 02:00:00.000,10.939
2024-09-17 04:00:00.000,15.490795
2024-09-17 06:00:00.000,24.108171
2024-09-17 08:00:00.000,25.740913
2024-09-17 10:00:00.000,26.69736
2024-09-17 12:00:00.000,27.182589
2024-09-17 14:00:00.000,26.176376
2024-09-17 16:00:00.000,25.466415
2024-09-17 18:00:00.000,31.087923
2024-09-17 20:00:00.000,36.28991
2024-09-17 22:00:00.000,25.55183
2024-09-18 00:00:00.000,14.246425
2024-09-18 02:00:00.000,11.071717
2024-09-18 04:00:00.000,15.8941765
2024-09-18 06:00:00.000,24.87689
2024-09-18 08:00:00.000,26.396181
2024-09-18 10:00:00.000,26.862816
2024-09-18 12:00:00.000,26.846987
2024-09-18 14:00:00.000,25.44763
2024-09-18 16:00:00.000,25.606148
2024-09-18 18:00:00.000,30.840975
2024-09-18 20:00:00.000,35.99735
2024-09-18 22:00:00.000,25.193645
2024-09-19 00:00:00.000,13.847124
2024-09-19 02:00:00.000,10.962071
2024-09-19 04:00:00.000,15.872755
2024-09-19 06:00:00.000,25.00199
2024-09-19 08:00:00.000,26.770758
2024-09-19 10:00:00.000,27.065214
2024-09-19 12:00:00.000,27.287874
2024-09-19 14:00:00.000,25.801687
2024-09-19 16:00:00.000,25.788303
2024-09-19 18:00:00.000,30.635023
2024-09-19 20:00:00.000,35.724342
2024-09-19 22:00:00.000,25.083391
2024-09-20 00:00:00.000,13.707603
2024-09-20 02:00:00.000,11.212419
2024-09-20 04:00:00.000,15.941636
2024-09-20 06:00:00.000,24.842215
2024-09-20 08:00:00.000,26.605778
2024-09-20 10:00:00.000,26.573483
2024-09-20 12:00:00.000,27.058784
2024-09-20 14:00:00.000,25.386408
2024-09-20 16:00:00.000,24.942879
2024-09-20 18:00:00.000,30.297642
2024-09-20 20:00:00.000,36.196476
2024-09-20 22:00:00.000,26.900515
2024-09-21 00:00:00.000,15.182951
2024-09-21 02:00:00.000,10.965383
2024-09-21 04:00:00.000,14.606765
2024-09-21 06:00:00.000,24.5586
2024-09-21 08:00:00.000,28.333836
2024-09-21 10:00:00.000,27.83977
2024-09-21 12:00:00.000,27.361921
2024-09-21 14:00:00.000,24.619839
2024-09-21 16:00:00.000,23.748703
2024-09-21 18:00:00.000,27.999613
2024-09-21 20:00:00.000,33.78552
2024-09-21 22:00:00.000,26.921457
2024-09-22 00:00:00.000,15.904826
2024-09-22 02:00:00.000,10.887705
2024-09-22 04:00:00.000,13.348744
2024-09-22 06:00:00.000,22.6679
2024-09-22 08:00:00.000,28.130123
2024-09-22 10:00:00.000,28.337238
2024-09-22 12:00:00.000,28.513609
2024-09-22 14:00:00.000,26.094614
2024-09-22 16:00:00.000,24.931322
2024-09-22 18:00:00.000,29.195158
2024-09-22 20:00:00.000,33.457386
2024-09-22 22:00:00.000,25.20907
2024-09-23 00:00:00.000,14.238458
2024-09-23 02:00:00.000,10.880622
2024-09-23 04:00:00.000,15.350297
2024-09-23 06:00:00.000,24.335747
2024-09-23 08:00:00.000,26.567251
2024-09-23 10:00:00.000,26.824484
2024-09-23 12:00:00.000,27.129343
2024-09-23 14:00:00.000,25.90739
2024-09-23 16:00:00.000,25.994596
2024-09-23 18:00:00.000,31.218454
2024-09-23 20:00:00.000,36.378185
2024-09-23 22:00:00.000,25.473589
2024-09-24 00:00:00.000,13.781386
2024-09-24 02:00:00.000,10.788167
2024-09-24 04:00:00.000,15.607911
2024-09-24 06:00:00.000,24.873148
2024-09-24 08:00:00.000,26.555452
2024-09-24 10:00:00.000,26.933868
2024-09-24 12:00:00.000,26.820044
2024-09-24 14:00:00.000,25.301489
2024-09-24 16:00:00.000,25.343208
2024-09-24 18:00:00.000,30.733093
2024-09-24 20:00:00.000,35.916058
2024-09-24 22:00:00.000,25.790108
2024-09-25 00:00:00.000,14.264923
2024-09-25 02:00:00.000,11.181419
2024-09-25 04:00:00.000,15.798341
2024-09-25 06:00:00.000,24.699722
2024-09-25 08:00:00.000,26.302841
2024-09-25 10:00:00.000,26.479385
2024-09-25 12:00:00.000,26.567394
2024-09-25 14:00:00.000,25.136528
2024-09-25 16:00:00.000,25.300554
2024-09-25 18:00:00.000,31.111326
2024-09-25 20:00:00.000,35.88307
2024-09-25 22:00:00.000,24.88904
2024-09-26 00:00:00.000,13.933463
2024-09-26 02:00:00.000,10.733729
2024-09-26 04:00:00.000,15.356826
2024-09-26 06:00:00.000,24.542797
2024-09-26 08:00:00.000,26.485607
2024-09-26 10:00:00.000,26.675787
2024-09-26 12:00:00.000,26.748484
2024-09-26 14:00:00.000,25.265303
2024-09-26 16:00:00.000,25.463762
2024-09-26 18:00:00.000,31.037842
2024-09-26 20:00:00.000,35.793358
2024-09-26 22:00:00.000,25.461208
2024-09-27 00:00:00.000,14.042609
2024-09-27 02:00:00.000,11.058307
2024-09-27 04:00:00.000,15.593116
2024-09-27 06:00:00.000,24.294436
2024-09-27 08:00:00.000,26.498604
2024-09-27 10:00:00.000,26.879612
2024-09-27 12:00:00.000,27.43305
2024-09-27 14:00:00.000,25.28837
2024-09-27 16:00:00.000,25.347118
2024-09-27 18:00:00.000,30.822432
2024-09-27 20:00:00.000,36.158337
2024-09-27 22:00:00.000,26.993238
2024-09-28 00:00:00.000,15.448959
2024-09-28 02:00:00.000,11.02559
2024-09-28 04:00:00.000,14.5864525
2024-09-28 06:00:00.000,24.13791
2024-09-28 08:00:00.000,28.403877
2024-09-28 10:00:00.000,28.451841
2024-09-28 12:00:00.000,27.861305
2024-09-28 14:00:00.000,24.735374
2024-09-28 16:00:00.000,24.100218
2024-09-28 18:00:00.000,28.648283
2024-09-28 20:00:00.000,34.290836
2024-09-28 22:00:00.000,30.10535
2024-09-29 00:00:00.000,16.8828
2024-09-29 02:00:00.000,10.92652
2024-09-29 04:00:00.000,13.37559
2024-09-29 06:00:00.000,22.591251
2024-09-29 08:00:00.000,28.433504
2024-09-29 10:00:00.000,29.237036
2024-09-29 12:00:00.000,28.789223
2024-09-29 14:00:00.000,25.813288
2024-09-29 16:00:00.000,25.284042
2024-09-29 18:00:00.000,29.774584
2024-09-29 20:00:00.000,34.060486
2024-09-29 22:00:00.000,25.945955
2024-09-30 00:00:00.000,14.980368
2024-10-01 02:00:00.000,11.8488455
2024-10-01 04:00:00.000,15.455481
2024-10-01 06:00:00.000,24.38881
2024-10-01 08:00:00.000,26.507563
2024-10-01 10:00:00.000,26.670004
2024-10-01 12:00:00.000,27.098843
2024-10-01 14:00:00.000,25.926933
2024-10-01 16:00:00.000,25.991364
2024-10-01 18:00:00.000,30.847824
2024-10-01 20:00:00.000,35.623962
2024-10-01 22:00:00.000,26.139055
2024-10-02 00:00:00.000,14.521611
2024-10-02 02:00:00.000,11.033635
2024-10-02 04:00:00.000,15.17742
2024-10-02 06:00:00.000,23.153162
2024-10-02 08:00:00.000,24.988937
2024-10-02 10:00:00.000,26.152092
2024-10-02 12:00:00.000,27.070404
2024-10-02 14:00:00.000,26.386541
2024-10-02 16:00:00.000,26.606882
2024-10-02 18:00:00.000,31.894468
2024-10-02 20:00:00.000,36.635998
2024-10-02 22:00:00.000,26.315983
2024-10-03 00:00:00.000,14.654501
2024-10-03 02:00:00.000,10.990374
2024-10-03 04:00:00.000,15.408481
2024-10-03 06:00:00.000,24.107496
2024-10-03 08:00:00.000,26.033916
2024-10-03 10:00:00.000,26.429964
2024-10-03 12:00:00.000,27.073408
2024-10-03 14:00:00.000,25.559052
2024-10-03 16:00:00.000,26.045815
2024-10-03 18:00:00.000,31.377823
2024-10-03 20:00:00.000,36.33366
2024-10-03 22:00:00.000,26.415007
2024-10-04 00:00:00.000,14.916481
2024-10-04 02:00:00.000,11.520068
2024-10-04 04:00:00.000,16.099264
2024-10-04 06:00:00.000,24.691036
2024-10-04 08:00:00.000,27.37406
2024-10-04 10:00:00.000,28.724415
2024-10-04 12:00:00.000,28.993336
2024-10-04 14:00:00.000,26.141052
2024-10-04 16:00:00.000,26.497906
2024-10-04 18:00:00.000,31.35052
2024-10-04 20:00:00.000,36.258812
2024-10-04 22:00:00.000,27.397638
2024-10-05 00:00:00.000,15.668171
2024-10-05 02:00:00.000,11.040351
2024-10-05 04:00:00.000,14.489849
2024-10-05 06:00:00.000,24.109518
2024-10-05 08:00:00.000,28.407433
2024-10-05 10:00:00.000,28.521141
2024-10-05 12:00:00.000,28.236746
2024-10-05 14:00:00.000,25.136011
2024-10-05 16:00:00.000,24.97089
2024-10-05 18:00:00.000,29.218182
2024-10-05 20:00:00.000,34.645576
2024-10-05 22:00:00.000,27.9769
2024-10-06 00:00:00.000,16.409584
2024-10-06 02:00:00.000,11.02092
2024-10-06 04:00:00.000,13.369013
2024-10-06 06:00:00.000,22.361998
2024-10-06 08:00:00.000,28.357203
2024-10-06 10:00:00.000,29.139389
2024-10-06 12:00:00.000,29.152514
2024-10-06 14:00:00.000,26.440407
2024-10-06 16:00:00.000,26.254261
2024-10-06 18:00:00.000,30.279125
2024-10-06 20:00:00.000,34.464355
2024-10-06 22:00:00.000,26.46211
2024-10-07 00:00:00.000,15.594145
2024-10-07 02:00:00.000,11.5334635
2024-10-07 04:00:00.000,15.572546
2024-10-07 06:00:00.000,24.431768
2024-10-07 08:00:00.000,27.896233
2024-10-07 10:00:00.000,28.325428
2024-10-07 12:00:00.000,28.561172
2024-10-07 14:00:00.000,26.555656
2024-10-07 16:00:00.000,26.88777
2024-10-07 18:00:00.000,31.84478
2024-10-07 20:00:00.000,36.898716
2024-10-07 22:00:00.000,27.46361
2024-10-08 00:00:00.000,15.2290325
2024-10-08 02:00:00.000,11.376397
2024-10-08 04:00:00.000,15.515477
2024-10-08 06:00:00.000,24.20821
2024-10-08 08:00:00.000,27.29258
2024-10-08 10:00:00.000,28.076864
2024-10-08 12:00:00.000,28.341621
2024-10-08 14:00:00.000,26.59135
2024-10-08 16:00:00.000,27.216614
2024-10-08 18:00:00.000,32.02076
2024-10-08 20:00:00.000,36.89951
2024-10-08 22:00:00.000,27.53664
2024-10-09 00:00:00.000,15.260877
2024-10-09 02:00:00.000,11.136414
2024-10-09 04:00:00.000,15.250767
2024-10-09 06:00:00.000,23.961952
2024-10-09 08:00:00.000,26.91547
2024-10-09 10:00:00.000,27.833906
2024-10-09 12:00:00.000,27.883678
2024-10-09 14:00:00.000,26.339033
2024-10-09 16:00:00.000,26.754534
2024-10-09 18:00:00.000,31.440325
2024-10-09 20:00:00.000,36.31439
2024-10-09 22:00:00.000,26.780165
2024-10-10 00:00:00.000,14.831368
2024-10-10 02:00:00.000,11.059674
2024-10-10 04:00:00.000,14.990544
2024-10-10 06:00:00.000,23.20645
2024-10-10 08:00:00.000,26.440983
2024-10-10 10:00:00.000,27.443316
2024-10-10 12:00:00.000,27.724413
2024-10-10 14:00:00.000,25.919264
2024-10-10 16:00:00.000,26.623755
2024-10-10 18:00:00.000,31.38223
2024-10-10 20:00:00.000,36.306007
2024-10-10 22:00:00.000,27.40629
2024-10-11 00:00:00.000,15.122358
2024-10-11 02:00:00.000,11.238691
2024-10-11 04:00:00.000,14.745231
2024-10-11 06:00:00.000,22.86767
2024-10-11 08:00:00.000,25.900265
2024-10-11 10:00:00.000,27.120462
2024-10-11 12:00:00.000,28.005646
2024-10-11 14:00:00.000,26.028103
2024-10-11 16:00:00.000,26.56714
2024-10-11 18:00:00.000,31.469213
2024-10-11 20:00:00.000,36.561802
2024-10-11 22:00:00.000,28.585003
2024-10-12 00:00:00.000,16.736826
2024-10-12 02:00:00.000,11.302473
2024-10-12 04:00:00.000,13.874591
2024-10-12 06:00:00.000,22.618637
2024-10-12 08:00:00.000,27.532179
2024-10-12 10:00:00.000,28.548706
2024-10-12 12:00:00.000,28.48664
2024-10-12 14:00:00.000,25.488829
2024-10-12 16:00:00.000,25.791574
2024-10-12 18:00:00.000,29.74407
2024-10-12 20:00:00.000,35.129288
2024-10-12 22:00:00.000,29.027214
2024-10-13 00:00:00.000,17.335306
2024-10-13 02:00:00.000,11.442763
2024-10-13 04:00:00.000,13.07987
2024-10-13 06:00:00.000,21.665335
2024-10-13 08:00:00.000,28.272173
2024-10-13 10:00:00.000,29.658278
2024-10-13 12:00:00.000,29.60414
2024-10-13 14:00:00.000,26.509157
2024-10-13 16:00:00.000,26.37836
2024-10-13 18:00:00.000,30.453264
2024-10-13 20:00:00.000,34.627018
2024-10-13 22:00:00.000,26.977098
2024-10-14 00:00:00.000,15.724677
2024-10-14 02:00:00.000,11.160963
2024-10-14 04:00:00.000,14.680863
2024-10-14 06:00:00.000,22.974457
2024-10-14 08:00:00.000,26.04237
2024-10-14 10:00:00.000,27.128681
2024-10-14 12:00:00.000,27.696836
2024-10-14 14:00:00.000,26.011477
2024-10-14 16:00:00.000,26.62376
2024-10-14 18:00:00.000,31.201267
2024-10-14 20:00:00.000,36.26595
2024-10-14 22:00:00.000,27.336824
2024-10-15 00:00:00.000,15.268798
2024-10-15 02:00:00.000,11.338602
2024-10-15 04:00:00.000,15.249719
2024-10-15 06:00:00.000,23.723215
2024-10-15 08:00:00.000,26.447407
2024-10-15 10:00:00.000,27.016834
2024-10-15 12:00:00.000,27.40491
2024-10-15 14:00:00.000,25.85124
2024-10-15 16:00:00.000,26.68639
2024-10-15 18:00:00.000,31.75055
2024-10-15 20:00:00.000,36.827618
2024-10-15 22:00:00.000,27.620264
2024-10-16 00:00:00.000,15.22363
2024-10-16 02:00:00.000,11.320457
2024-10-16 04:00:00.000,15.435072
2024-10-16 06:00:00.000,23.90181
2024-10-16 08:00:00.000,26.44358
2024-10-16 10:00:00.000,27.16193
2024-10-16 12:00:00.000,27.650745
2024-10-16 14:00:00.000,26.19727
2024-10-16 16:00:00.000,27.358223
2024-10-16 18:00:00.000,32.39575
2024-10-16 20:00:00.000,37.44097
2024-10-16 22:00:00.000,27.901476
2024-10-17 00:00:00.000,15.29538
2024-10-17 02:00:00.000,11.304085
2024-10-17 04:00:00.000,15.307775
2024-10-17 06:00:00.000,23.913504
2024-10-17 08:00:00.000,26.552637
2024-10-17 10:00:00.000,27.503193
2024-10-17 12:00:00.000,28.2022
2024-10-17 14:00:00.000,26.404991
2024-10-17 16:00:00.000,27.073032
2024-10-17 18:00:00.000,32.043964
2024-10-17 20:00:00.000,36.957695
2024-10-17 22:00:00.000,27.284496
2024-10-18 00:00:00.000,15.089307
2024-10-18 02:00:00.000,11.313863
2024-10-18 04:00:00.000,15.564925
2024-10-18 06:00:00.000,24.296312
2024-10-18 08:00:00.000,26.955902
2024-10-18 10:00:00.000,27.42195
2024-10-18 12:00:00.000,28.07248
2024-10-18 14:00:00.000,25.90109
2024-10-18 16:00:00.000,26.367918
2024-10-18 18:00:00.000,31.23948
2024-10-18 20:00:00.000,36.846386
2024-10-18 22:00:00.000,28.582678
2024-10-19 00:00:00.000,16.039541
2024-10-19 02:00:00.000,10.990082
2024-10-19 04:00:00.000,14.10976
2024-10-19 06:00:00.000,23.463808
2024-10-19 08:00:00.000,28.549347
2024-10-19 10:00:00.000,28.792736
2024-10-19 12:00:00.000,28.458124
2024-10-19 14:00:00.000,25.17496
2024-10-19 16:00:00.000,25.321825
2024-10-19 18:00:00.000,29.3131
2024-10-19 20:00:00.000,34.934532
2024-10-19 22:00:00.000,29.091335
2024-10-20 00:00:00.000,17.201994
2024-10-20 02:00:00.000,11.124489
2024-10-20 04:00:00.000,13.100353
2024-10-20 06:00:00.000,22.0637
2024-10-20 08:00:00.000,28.693373
2024-10-20 10:00:00.000,29.520227
2024-10-20 12:00:00.000,29.286283
2024-10-20 14:00:00.000,26.136625
2024-10-20 16:00:00.000,26.348984
2024-10-20 18:00:00.000,30.311066
2024-10-20 20:00:00.000,34.895977
2024-10-20 22:00:00.000,27.304304
2024-10-21 00:00:00.000,15.933501
2024-10-21 02:00:00.000,11.601106
2024-10-21 04:00:00.000,15.377247
2024-10-21 06:00:00.000,24.686937
2024-10-21 08:00:00.000,27.721052
2024-10-21 10:00:00.000,27.688911
2024-10-21 12:00:00.000,27.861128
2024-10-21 14:00:00.000,26.278717
2024-10-21 16:00:00.000,27.19539
2024-10-21 18:00:00.000,32.186287
2024-10-21 20:00:00.000,37.48444
2024-10-21 22:00:00.000,28.060808
2024-10-22 00:00:00.000,15.379259
2024-10-22 02:00:00.000,11.008783
2024-10-22 04:00:00.000,15.208379
2024-10-22 06:00:00.000,24.323606
2024-10-22 08:00:00.000,27.042713
2024-10-22 10:00:00.000,27.121254
2024-10-22 12:00:00.000,27.35528
2024-10-22 14:00:00.000,25.722416
2024-10-22 16:00:00.000,26.895203
2024-10-22 18:00:00.000,31.913984
2024-10-22 20:00:00.000,37.381783
2024-10-22 22:00:00.000,27.6908
2024-10-23 00:00:00.000,14.994219
2024-10-23 02:00:00.000,11.026185
2024-10-23 04:00:00.000,15.233003
2024-10-23 06:00:00.000,24.25696
2024-10-23 08:00:00.000,27.129719
2024-10-23 10:00:00.000,27.681759
2024-10-23 12:00:00.000,27.78809
2024-10-23 14:00:00.000,25.844215
2024-10-23 16:00:00.000,27.03485
2024-10-23 18:00:00.000,32.485867
2024-10-23 20:00:00.000,38.1045
2024-10-23 22:00:00.000,28.128061
2024-10-24 00:00:00.000,15.1723585
2024-10-24 02:00:00.000,11.21972
2024-10-24 04:00:00.000,15.529378
2024-10-24 06:00:00.000,24.754375
2024-10-24 08:00:00.000,27.270168
2024-10-24 10:00:00.000,27.504814
2024-10-24 12:00:00.000,27.60733
2024-10-24 14:00:00.000,25.842436
2024-10-24 16:00:00.000,26.700647
2024-10-24 18:00:00.000,31.791866
2024-10-24 20:00:00.000,36.961727
2024-10-24 22:00:00.000,27.738897
2024-10-25 00:00:00.000,15.268167
2024-10-25 02:00:00.000,11.145737
2024-10-25 04:00:00.000,15.185184
2024-10-25 06:00:00.000,24.120932
2024-10-25 08:00:00.000,27.285606
2024-10-25 10:00:00.000,27.791775
2024-10-25 12:00:00.000,27.965418
2024-10-25 14:00:00.000,25.261713
2024-10-25 16:00:00.000,25.91087
2024-10-25 18:00:00.000,30.89485
2024-10-25 20:00:00.000,36.817295
2024-10-25 22:00:00.000,28.894674
2024-10-26 00:00:00.000,16.49425
2024-10-26 02:00:00.000,11.039941
2024-10-26 04:00:00.000,13.782153
2024-10-26 06:00:00.000,23.136015
2024-10-26 08:00:00.000,28.615608
2024-10-26 10:00:00.000,29.183828
2024-10-26 12:00:00.000,28.795193
2024-10-26 14:00:00.000,25.255651
2024-10-26 16:00:00.000,25.340872
2024-10-26 18:00:00.000,29.118744
2024-10-26 20:00:00.000,34.863068
2024-10-26 22:00:00.000,29.448338
2024-10-27 00:00:00.000,17.62542
2024-10-27 02:00:00.000,11.1082735
2024-10-27 04:00:00.000,12.922485
2024-10-27 06:00:00.000,21.88899
2024-10-27 08:00:00.000,28.902494
2024-10-27 10:00:00.000,29.930227
2024-10-27 12:00:00.000,29.416616
2024-10-27 14:00:00.000,26.077366
2024-10-27 16:00:00.000,26.482082
2024-10-27 18:00:00.000,30.689304
2024-10-27 20:00:00.000,35.494404
2024-10-27 22:00:00.000,27.962818
2024-10-28 00:00:00.000,16.107323
2024-10-28 02:00:00.000,11.567351
2024-10-28 04:00:00.000,15.184626
2024-10-28 06:00:00.000,25.041414
2024-10-28 08:00:00.000,29.878462
2024-10-28 10:00:00.000,29.95869
2024-10-28 12:00:00.000,28.891577
2024-10-28 14:00:00.000,26.147945
2024-10-28 16:00:00.000,27.415068
2024-10-28 18:00:00.000,32.089184
2024-10-28 20:00:00.000,37.351948
2024-10-28 22:00:00.000,27.977142
2024-10-29 00:00:00.000,15.8035555
2024-10-29 02:00:00.000,11.324971
2024-10-29 04:00:00.000,15.058006
2024-10-29 06:00:00.000,24.84481
2024-10-29 08:00:00.000,29.292013
2024-10-29 10:00:00.000,29.327606
2024-10-29 12:00:00.000,28.531395
2024-10-29 14:00:00.000,26.095861
2024-10-29 16:00:00.000,27.477076
2024-10-29 18:00:00.000,32.345757
2024-10-29 20:00:00.000,38.01073
2024-10-29 22:00:00.000,28.808224
2024-10-30 00:00:00.000,15.961927
2024-10-30 02:00:00.000,11.519064
2024-10-30 04:00:00.000,14.976318
2024-10-30 06:00:00.000,24.287945
2024-10-30 08:00:00.000,28.935766
2024-10-30 10:00:00.000,29.380594
2024-10-30 12:00:00.000,28.675493
2024-10-30 14:00:00.000,26.191557
2024-10-30 16:00:00.000,27.418802
2024-10-30 18:00:00.000,32.1345
2024-10-30 20:00:00.000,37.489353
2024-10-30 22:00:00.000,29.6414
2024-10-31 00:00:00.000,16.087881
2024-11-01 02:00:00.000,12.228239
2024-11-01 04:00:00.000,15.139457
2024-11-01 06:00:00.000,23.00101
2024-11-01 08:00:00.000,27.284784
2024-11-01 10:00:00.000,27.71327
2024-11-01 12:00:00.000,28.388212
2024-11-01 14:00:00.000,26.153456
2024-11-01 16:00:00.000,26.952665
2024-11-01 18:00:00.000,31.815641
2024-11-01 20:00:00.000,37.18808
2024-11-01 22:00:00.000,28.857141
2024-11-02 00:00:00.000,16.538248
2024-11-02 02:00:00.000,11.262581
2024-11-02 04:00:00.000,13.980832
2024-11-02 06:00:00.000,22.183937
2024-11-02 08:00:00.000,27.417917
2024-11-02 10:00:00.000,28.620281
2024-11-02 12:00:00.000,28.875818
2024-11-02 14:00:00.000,25.554045
2024-11-02 16:00:00.000,25.570042
2024-11-02 18:00:00.000,29.460619
2024-11-02 20:00:00.000,34.998085
2024-11-02 22:00:00.000,29.308853
2024-11-03 00:00:00.000,17.311312
2024-11-03 02:00:00.000,11.231264
2024-11-03 04:00:00.000,12.7764635
2024-11-03 06:00:00.000,21.217949
2024-11-03 08:00:00.000,28.458439
2024-11-03 10:00:00.000,29.72226
2024-11-03 12:00:00.000,29.729662
2024-11-03 14:00:00.000,26.281395
2024-11-03 16:00:00.000,26.544693
2024-11-03 18:00:00.000,30.94189
2024-11-03 20:00:00.000,36.173065
2024-11-03 22:00:00.000,30.178816
2024-11-04 00:00:00.000,18.054441
2024-11-04 02:00:00.000,12.111412
2024-11-04 04:00:00.000,14.130815
2024-11-04 06:00:00.000,23.22815
2024-11-04 08:00:00.000,31.607685
2024-11-04 10:00:00.000,33.026825
2024-11-04 12:00:00.000,31.707178
2024-11-04 14:00:00.000,27.529968
2024-11-04 16:00:00.000,27.93652
2024-11-04 18:00:00.000,32.453503
2024-11-04 20:00:00.000,37.59688
2024-11-04 22:00:00.000,28.84807
2024-11-05 00:00:00.000,16.34599
2024-11-05 02:00:00.000,11.641413
2024-11-05 04:00:00.000,14.449536
2024-11-05 06:00:00.000,22.679802
2024-11-05 08:00:00.000,26.98252
2024-11-05 10:00:00.000,27.643953
2024-11-05 12:00:00.000,28.017601
2024-11-05 14:00:00.000,25.61102
2024-11-05 16:00:00.000,26.723871
2024-11-05 18:00:00.000,31.182241
2024-11-05 20:00:00.000,36.452957
2024-11-05 22:00:00.000,27.470392
2024-11-06 00:00:00.000,14.943724
2024-11-06 02:00:00.000,10.795189
2024-11-06 04:00:00.000,13.65454
2024-11-06 06:00:00.000,21.323301
2024-11-06 08:00:00.000,24.83036
2024-11-06 10:00:00.000,26.776398
2024-11-06 12:00:00.000,27.671984
2024-11-06 14:00:00.000,25.401896
2024-11-06 16:00:00.000,26.126322
2024-11-06 18:00:00.000,30.613804
2024-11-06 20:00:00.000,35.422226
2024-11-06 22:00:00.000,25.94188
2024-11-07 00:00:00.000,14.155974
2024-11-07 02:00:00.000,10.587843
2024-11-07 04:00:00.000,13.965897
2024-11-07 06:00:00.000,22.062666
2024-11-07 08:00:00.000,24.81858
2024-11-07 10:00:00.000,25.714298
2024-11-07 12:00:00.000,26.769924
2024-11-07 14:00:00.000,24.843891
2024-11-07 16:00:00.000,26.248055
2024-11-07 18:00:00.000,30.31584
2024-11-07 20:00:00.000,34.955387
2024-11-07 22:00:00.000,25.959492
2024-11-08 00:00:00.000,14.481213
2024-11-08 02:00:00.000,11.118367
2024-11-08 04:00:00.000,14.478191
2024-11-08 06:00:00.000,22.801888
2024-11-08 08:00:00.000,25.25071
2024-11-08 10:00:00.000,25.862717
2024-11-08 12:00:00.000,26.895887
2024-11-08 14:00:00.000,24.523138
2024-11-08 16:00:00.000,25.834423
2024-11-08 18:00:00.000,30.668102
2024-11-08 20:00:00.000,36.054035
2024-11-08 22:00:00.000,27.808285
2024-11-09 00:00:00.000,15.547597
2024-11-09 02:00:00.000,10.625624
2024-11-09 04:00:00.000,13.022808
2024-11-09 06:00:00.000,21.503897
2024-11-09 08:00:00.000,27.749126
2024-11-09 10:00:00.000,28.238905
2024-11-09 12:00:00.000,28.022024
2024-11-09 14:00:00.000,24.673573
2024-11-09 16:00:00.000,24.934729
2024-11-09 18:00:00.000,29.049751
2024-11-09 20:00:00.000,34.87587
2024-11-09 22:00:00.000,29.310389
2024-11-10 00:00:00.000,17.214888
2024-11-10 02:00:00.000,11.006364
2024-11-10 04:00:00.000,12.402473
2024-11-10 06:00:00.000,20.358065
2024-11-10 08:00:00.000,28.163223
2024-11-10 10:00:00.000,29.36303
2024-11-10 12:00:00.000,29.333015
2024-11-10 14:00:00.000,26.051643
2024-11-10 16:00:00.000,26.391043
2024-11-10 18:00:00.000,30.237566
2024-11-10 20:00:00.000,34.09564
2024-11-10 22:00:00.000,26.503199
2024-11-11 00:00:00.000,15.407618
2024-11-11 02:00:00.000,11.251166
2024-11-11 04:00:00.000,14.165636
2024-11-11 06:00:00.000,21.99387
2024-11-11 08:00:00.000,24.904781
2024-11-11 10:00:00.000,25.20782
2024-11-11 12:00:00.000,25.858252
2024-11-11 14:00:00.000,24.261665
2024-11-11 16:00:00.000,25.507484
2024-11-11 18:00:00.000,29.490852
2024-11-11 20:00:00.000,34.210907
2024-11-11 22:00:00.000,25.47606
2024-11-12 00:00:00.000,14.168276
2024-11-12 02:00:00.000,10.608249
2024-11-12 04:00:00.000,13.938405
2024-11-12 06:00:00.000,22.351423
2024-11-12 08:00:00.000,25.089956
2024-11-12 10:00:00.000,25.963062
2024-11-12 12:00:00.000,26.576803
2024-11-12 14:00:00.000,24.582333
2024-11-12 16:00:00.000,25.811518
2024-11-12 18:00:00.000,30.015612
2024-11-12 20:00:00.000,34.9347
2024-11-12 22:00:00.000,25.993237
2024-11-13 00:00:00.000,14.441541
2024-11-13 02:00:00.000,10.7103615
2024-11-13 04:00:00.000,14.120455
2024-11-13 06:00:00.000,22.272556
2024-11-13 08:00:00.000,24.87755
2024-11-13 10:00:00.000,25.735794
2024-11-13 12:00:00.000,26.187387
2024-11-13 14:00:00.000,23.829506
2024-11-13 16:00:00.000,25.354225
2024-11-13 18:00:00.000,29.918245
2024-11-13 20:00:00.000,34.81217
2024-11-13 22:00:00.000,25.631227
2024-11-14 00:00:00.000,14.2439165
2024-11-14 02:00:00.000,10.450378
2024-11-14 04:00:00.000,13.9545
2024-11-14 06:00:00.000,22.160364
2024-11-14 08:00:00.000,24.692047
2024-11-14 10:00:00.000,25.518917
2024-11-14 12:00:00.000,26.29152
2024-11-14 14:00:00.000,24.140553
2024-11-14 16:00:00.000,25.422703
2024-11-14 18:00:00.000,29.525108
2024-11-14 20:00:00.000,34.89877
2024-11-14 22:00:00.000,26.493286
2024-11-15 00:00:00.000,14.563535
2024-11-15 02:00:00.000,10.949044
2024-11-15 04:00:00.000,14.122795
2024-11-15 06:00:00.000,21.617155
2024-11-15 08:00:00.000,24.185698
2024-11-15 10:00:00.000,25.568636
2024-11-15 12:00:00.000,26.617353
2024-11-15 14:00:00.000,24.313574
2024-11-15 16:00:00.000,25.561384
2024-11-15 18:00:00.000,30.026304
2024-11-15 20:00:00.000,35.7183
2024-11-15 22:00:00.000,27.809568
2024-11-16 00:00:00.000,15.864514
2024-11-16 02:00:00.000,11.113669
2024-11-16 04:00:00.000,13.183048
2024-11-16 06:00:00.000,21.479952
2024-11-16 08:00:00.000,27.698088
2024-11-16 10:00:00.000,28.061054
2024-11-16 12:00:00.000,28.06096
2024-11-16 14:00:00.000,24.70036
2024-11-16 16:00:00.000,24.614584
2024-11-16 18:00:00.000,28.283802
2024-11-16 20:00:00.000,34.035362
2024-11-16 22:00:00.000,28.850609
2024-11-17 00:00:00.000,17.07785
2024-11-17 02:00:00.000,10.846042
2024-11-17 04:00:00.000,11.877261
2024-11-17 06:00:00.000,19.39762
2024-11-17 08:00:00.000,27.25254
2024-11-17 10:00:00.000,28.535675
2024-11-17 12:00:00.000,28.31432
2024-11-17 14:00:00.000,24.972912
2024-11-17 16:00:00.000,24.96267
2024-11-17 18:00:00.000,28.885515
2024-11-17 20:00:00.000,32.849247
2024-11-17 22:00:00.000,25.922619
2024-11-18 00:00:00.000,15.405288
2024-11-18 02:00:00.000,11.108701
2024-11-18 04:00:00.000,14.083988
2024-11-18 06:00:00.000,22.07452
2024-11-18 08:00:00.000,25.76219
2024-11-18 10:00:00.000,26.537403
2024-11-18 12:00:00.000,26.84246
2024-11-18 14:00:00.000,24.528746
2024-11-18 16:00:00.000,25.548704
2024-11-18 18:00:00.000,29.992182
2024-11-18 20:00:00.000,35.062122
2024-11-18 22:00:00.000,26.502216
2024-11-19 00:00:00.000,14.639053
2024-11-19 02:00:00.000,10.754248
2024-11-19 04:00:00.000,13.9141445
2024-11-19 06:00:00.000,22.324554
2024-11-19 08:00:00.000,25.779316
2024-11-19 10:00:00.000,26.558237
2024-11-19 12:00:00.000,26.657969
2024-11-19 14:00:00.000,24.161674
2024-11-19 16:00:00.000,25.211971
2024-11-19 18:00:00.000,29.528887
2024-11-19 20:00:00.000,35.06371
2024-11-19 22:00:00.000,26.398808
2024-11-20 00:00:00.000,14.752521
2024-11-20 02:00:00.000,10.822917
2024-11-20 04:00:00.000,13.787097
2024-11-20 06:00:00.000,21.846085
2024-11-20 08:00:00.000,25.039976
2024-11-20 10:00:00.000,26.411327
2024-11-20 12:00:00.000,26.48568
2024-11-20 14:00:00.000,23.776136
2024-11-20 16:00:00.000,25.37232
2024-11-20 18:00:00.000,29.53831
2024-11-20 20:00:00.000,34.438194
2024-11-20 22:00:00.000,25.863373
2024-11-21 00:00:00.000,14.661372
2024-11-21 02:00:00.000,10.8593645
2024-11-21 04:00:00.000,13.997646
2024-11-21 06:00:00.000,22.324274
2024-11-21 08:00:00.000,25.674412
2024-11-21 10:00:00.000,26.642555
2024-11-21 12:00:00.000,26.625246
2024-11-21 14:00:00.000,24.176811
2024-11-21 16:00:00.000,25.290762
2024-11-21 18:00:00.000,29.811895
2024-11-21 20:00:00.000,34.701603
2024-11-21 22:00:00.000,26.194508
2024-11-22 00:00:00.000,14.818435
2024-11-22 02:00:00.000,10.876053
2024-11-22 04:00:00.000,14.010747
2024-11-22 06:00:00.000,21.917723
2024-11-22 08:00:00.000,25.211962
2024-11-22 10:00:00.000,26.193674
2024-11-22 12:00:00.000,26.648169
2024-11-22 14:00:00.000,23.76385
2024-11-22 16:00:00.000,24.77542
2024-11-22 18:00:00.000,29.025684
2024-11-22 20:00:00.000,34.874233
2024-11-22 22:00:00.000,27.204529
2024-11-23 00:00:00.000,15.388648
2024-11-23 02:00:00.000,10.470637
2024-11-23 04:00:00.000,12.342988
2024-11-23 06:00:00.000,20.014027
2024-11-23 08:00:00.000,26.095732
2024-11-23 10:00:00.000,26.775898
2024-11-23 12:00:00.000,26.512978
2024-11-23 14:00:00.000,23.305445
2024-11-23 16:00:00.000,23.323648
2024-11-23 18:00:00.000,26.943235
2024-11-23 20:00:00.000,32.5412
2024-11-23 22:00:00.000,27.544127
2024-11-24 00:00:00.000,16.296682
2024-11-24 02:00:00.000,10.357
2024-11-24 04:00:00.000,11.44215
2024-11-24 06:00:00.000,18.793592
2024-11-24 08:00:00.000,26.192656
2024-11-24 10:00:00.000,27.54971
2024-11-24 12:00:00.000,27.390018
2024-11-24 14:00:00.000,24.359612
2024-11-24 16:00:00.000,24.57402
2024-11-24 18:00:00.000,28.147776
2024-11-24 20:00:00.000,31.809162
2024-11-24 22:00:00.000,25.137598
2024-11-25 00:00:00.000,14.83699
2024-11-25 02:00:00.000,10.758102
2024-11-25 04:00:00.000,13.577106
2024-11-25 06:00:00.000,21.279802
2024-11-25 08:00:00.000,24.69531
2024-11-25 10:00:00.000,25.53123
2024-11-25 12:00:00.000,25.90554
2024-11-25 14:00:00.000,23.91822
2024-11-25 16:00:00.000,24.917015
2024-11-25 18:00:00.000,29.317532
2024-11-25 20:00:00.000,34.15245
2024-11-25 22:00:00.000,25.898777
2024-11-26 00:00:00.000,14.744642
2024-11-26 02:00:00.000,10.876209
2024-11-26 04:00:00.000,13.731842
2024-11-26 06:00:00.000,21.921253
2024-11-26 08:00:00.000,24.742743
2024-11-26 10:00:00.000,25.718855
2024-11-26 12:00:00.000,25.900131
2024-11-26 14:00:00.000,23.742224
2024-11-26 16:00:00.000,24.877802
2024-11-26 18:00:00.000,29.306128
2024-11-26 20:00:00.000,33.86375
2024-11-26 22:00:00.000,25.48931
2024-11-27 00:00:00.000,14.150917
2024-11-27 02:00:00.000,10.27477
2024-11-27 04:00:00.000,13.026736
2024-11-27 06:00:00.000,21.072618
2024-11-27 08:00:00.000,24.194756
2024-11-27 10:00:00.000,25.304525
2024-11-27 12:00:00.000,26.106152
2024-11-27 14:00:00.000,23.943277
2024-11-27 16:00:00.000,24.82416
2024-11-27 18:00:00.000,29.051687
2024-11-27 20:00:00.000,33.490658
2024-11-27 22:00:00.000,25.641714
2024-11-28 00:00:00.000,14.64934
2024-11-28 02:00:00.000,11.0125
2024-11-28 04:00:00.000,14.031508
2024-11-28 06:00:00.000,21.687063
2024-11-28 08:00:00.000,24.270115
2024-11-28 10:00:00.000,25.10215
2024-11-28 12:00:00.000,25.941378
2024-11-28 14:00:00.000,24.124157
2024-11-28 16:00:00.000,24.529749
2024-11-28 18:00:00.000,28.594439
2024-11-28 20:00:00.000,33.268696
2024-11-28 22:00:00.000,25.321096
2024-11-29 00:00:00.000,14.602704
2024-11-29 02:00:00.000,10.812934
2024-11-29 04:00:00.000,13.936035
2024-11-29 06:00:00.000,21.355991
2024-11-29 08:00:00.000,24.08093
2024-11-29 10:00:00.000,24.864239
2024-11-29 12:00:00.000,26.341782
2024-11-29 14:00:00.000,24.401957
2024-11-29 16:00:00.000,24.604448
2024-11-29 18:00:00.000,28.598276
2024-11-29 20:00:00.000,33.986725
2024-11-29 22:00:00.000,27.216923
2024-11-30 00:00:00.000,15.813793
2024-12-01 02:00:00.000,10.599495
2024-12-01 04:00:00.000,11.52528
2024-12-01 06:00:00.000,18.494598
2024-12-01 08:00:00.000,25.977499
2024-12-01 10:00:00.000,27.686197
2024-12-01 12:00:00.000,27.906645
2024-12-01 14:00:00.000,24.981941
2024-12-01 16:00:00.000,25.081532
2024-12-01 18:00:00.000,28.859617
2024-12-01 20:00:00.000,32.89714
2024-12-01 22:00:00.000,26.566261
2024-12-02 00:00:00.000,15.865855
2024-12-02 02:00:00.000,11.299316
2024-12-02 04:00:00.000,13.952814
2024-12-02 06:00:00.000,21.653406
2024-12-02 08:00:00.000,24.713903
2024-12-02 10:00:00.000,25.951809
2024-12-02 12:00:00.000,26.330189
2024-12-02 14:00:00.000,24.409443
2024-12-02 16:00:00.000,25.453783
2024-12-02 18:00:00.000,30.037237
2024-12-02 20:00:00.000,35.329094
2024-12-02 22:00:00.000,26.667728
2024-12-03 00:00:00.000,14.930005
2024-12-03 02:00:00.000,10.881867
2024-12-03 04:00:00.000,13.631202
2024-12-03 06:00:00.000,21.552578
2024-12-03 08:00:00.000,24.883572
2024-12-03 10:00:00.000,25.718912
2024-12-03 12:00:00.000,26.22889
2024-12-03 14:00:00.000,24.361052
2024-12-03 16:00:00.000,25.237688
2024-12-03 18:00:00.000,29.513166
2024-12-03 20:00:00.000,35.175785
2024-12-03 22:00:00.000,26.810652
2024-12-04 00:00:00.000,15.05433
2024-12-04 02:00:00.000,11.001921
2024-12-04 04:00:00.000,13.931491
2024-12-04 06:00:00.000,21.999485
2024-12-04 08:00:00.000,25.412626
2024-12-04 10:00:00.000,26.30064
2024-12-04 12:00:00.000,26.446352
2024-12-04 14:00:00.000,23.952839
2024-12-04 16:00:00.000,25.146378
2024-12-04 18:00:00.000,29.459763
2024-12-04 20:00:00.000,34.678665
2024-12-04 22:00:00.000,25.812979
2024-12-05 00:00:00.000,14.173832
2024-12-05 02:00:00.000,10.224197
2024-12-05 04:00:00.000,13.039832
2024-12-05 06:00:00.000,20.677097
2024-12-05 08:00:00.000,23.958328
2024-12-05 10:00:00.000,24.782944
2024-12-05 12:00:00.000,25.330278
2024-12-05 14:00:00.000,23.46428
2024-12-05 16:00:00.000,24.485601
2024-12-05 18:00:00.000,28.464836
2024-12-05 20:00:00.000,33.173862
2024-12-05 22:00:00.000,24.866995
2024-12-06 00:00:00.000,14.113802
2024-12-06 02:00:00.000,10.511565
2024-12-06 04:00:00.000,13.414108
2024-12-06 06:00:00.000,20.75253
2024-12-06 08:00:00.000,23.779991
2024-12-06 10:00:00.000,24.770214
2024-12-06 12:00:00.000,26.177666
2024-12-06 14:00:00.000,23.486366
2024-12-06 16:00:00.000,24.200066
2024-12-06 18:00:00.000,28.28547
2024-12-06 20:00:00.000,33.775818
2024-12-06 22:00:00.000,26.454414
2024-12-07 00:00:00.000,15.265546
2024-12-07 02:00:00.000,10.289872
2024-12-07 04:00:00.000,11.903693
2024-12-07 06:00:00.000,19.76381
2024-12-07 08:00:00.000,25.79847
2024-12-07 10:00:00.000,26.236685
2024-12-07 12:00:00.000,25.8807
2024-12-07 14:00:00.000,22.74441
2024-12-07 16:00:00.000,22.882277
2024-12-07 18:00:00.000,25.952303
2024-12-07 20:00:00.000,31.231695
2024-12-07 22:00:00.000,26.697758
2024-12-08 00:00:00.000,15.873017
2024-12-08 02:00:00.000,10.156619
2024-12-08 04:00:00.000,10.977499
2024-12-08 06:00:00.000,17.46705
2024-12-08 08:00:00.000,24.912231
2024-12-08 10:00:00.000,26.197826
2024-12-08 12:00:00.000,25.815084
2024-12-08 14:00:00.000,23.050129
2024-12-08 16:00:00.000,23.205917
2024-12-08 18:00:00.000,26.391872
2024-12-08 20:00:00.000,29.898054
2024-12-08 22:00:00.000,23.483076
2024-12-09 00:00:00.000,14.320533
2024-12-09 02:00:00.000,10.433561
2024-12-09 04:00:00.000,12.714782
2024-12-09 06:00:00.000,19.724203
2024-12-09 08:00:00.000,23.268757
2024-12-09 10:00:00.000,23.812658
2024-12-09 12:00:00.000,24.292593
2024-12-09 14:00:00.000,22.379759
2024-12-09 16:00:00.000,23.463829
2024-12-09 18:00:00.000,27.513414
2024-12-09 20:00:00.000,32.32102
2024-12-09 22:00:00.000,24.274242
2024-12-10 00:00:00.000,13.313586
2024-12-10 02:00:00.000,9.650842
2024-12-10 04:00:00.000,12.139726
2024-12-10 06:00:00.000,19.94832
2024-12-10 08:00:00.000,22.636211
2024-12-10 10:00:00.000,23.951616
2024-12-10 12:00:00.000,24.213558
2024-12-10 14:00:00.000,22.144606
2024-12-10 16:00:00.000,23.067705
2024-12-10 18:00:00.000,27.264536
2024-12-10 20:00:00.000,31.625486
2024-12-10 22:00:00.000,23.484217
2024-12-11 00:00:00.000,13.251473
2024-12-11 02:00:00.000,9.9997015
2024-12-11 04:00:00.000,12.870028
2024-12-11 06:00:00.000,20.071898
2024-12-11 08:00:00.000,22.809034
2024-12-11 10:00:00.000,23.62381
2024-12-11 12:00:00.000,24.140726
2024-12-11 14:00:00.000,22.461088
2024-12-11 16:00:00.000,23.11076
2024-12-11 18:00:00.000,27.369652
2024-12-11 20:00:00.000,31.513533
2024-12-11 22:00:00.000,24.345123
2024-12-12 00:00:00.000,14.039396
2024-12-12 02:00:00.000,10.364083
2024-12-12 04:00:00.000,12.848683
2024-12-12 06:00:00.000,19.7353
2024-12-12 08:00:00.000,22.568863
2024-12-12 10:00:00.000,23.245728
2024-12-12 12:00:00.000,23.568876
2024-12-12 14:00:00.000,21.853954
2024-12-12 16:00:00.000,22.679688
2024-12-12 18:00:00.000,26.358206
2024-12-12 20:00:00.000,30.801922
2024-12-12 22:00:00.000,23.623396
2024-12-13 00:00:00.000,13.721713
2024-12-13 02:00:00.000,10.190363
2024-12-13 04:00:00.000,12.6336775
2024-12-13 06:00:00.000,19.135933
2024-12-13 08:00:00.000,22.604465
2024-12-13 10:00:00.000,22.94872
2024-12-13 12:00:00.000,23.834427
2024-12-13 14:00:00.000,21.571627
2024-12-13 16:00:00.000,21.954214
2024-12-13 18:00:00.000,26.421112
2024-12-13 20:00:00.000,31.619865
2024-12-13 22:00:00.000,24.929121
2024-12-14 00:00:00.000,14.551153
2024-12-14 02:00:00.000,9.923366
2024-12-14 04:00:00.000,11.404505
2024-12-14 06:00:00.000,18.279686
2024-12-14 08:00:00.000,23.698294
2024-12-14 10:00:00.000,24.208632
2024-12-14 12:00:00.000,24.202875
2024-12-14 14:00:00.000,21.534908
2024-12-14 16:00:00.000,21.369066
2024-12-14 18:00:00.000,24.749073
2024-12-14 20:00:00.000,29.893919
2024-12-14 22:00:00.000,24.39763
2024-12-15 00:00:00.000,15.243164
2024-12-15 02:00:00.000,9.844331
2024-12-15 04:00:00.000,10.804714
2024-12-15 06:00:00.000,16.721989
2024-12-15 08:00:00.000,23.641258
2024-12-15 10:00:00.000,25.095509
2024-12-15 12:00:00.000,25.003185
2024-12-15 14:00:00.000,22.37005
2024-12-15 16:00:00.000,22.363544
2024-12-15 18:00:00.000,25.373379
2024-12-15 20:00:00.000,28.51911
2024-12-15 22:00:00.000,22.210457
2024-12-16 00:00:00.000,13.003019
2024-12-16 02:00:00.000,9.424729
2024-12-16 04:00:00.000,11.623321
2024-12-16 06:00:00.000,18.342236
2024-12-16 08:00:00.000,22.041353
2024-12-16 10:00:00.000,22.660215
2024-12-16 12:00:00.000,23.46767
2024-12-16 14:00:00.000,21.311972
2024-12-16 16:00:00.000,22.13535
2024-12-16 18:00:00.000,26.001997
2024-12-16 20:00:00.000,30.57211
2024-12-16 22:00:00.000,23.295916
2024-12-17 00:00:00.000,13.636249
2024-12-17 02:00:00.000,10.283642
2024-12-17 04:00:00.000,12.481548
2024-12-17 06:00:00.000,19.355272
2024-12-17 08:00:00.000,22.451488
2024-12-17 10:00:00.000,22.915525
2024-12-17 12:00:00.000,22.576632
2024-12-17 14:00:00.000,20.606253
2024-12-17 16:00:00.000,21.709223
2024-12-17 18:00:00.000,25.14221
2024-12-17 20:00:00.000,29.462471
2024-12-17 22:00:00.000,22.474531
2024-12-18 00:00:00.000,13.16273
2024-12-18 02:00:00.000,9.799902
2024-12-18 04:00:00.000,11.985873
2024-12-18 06:00:00.000,18.173319
2024-12-18 08:00:00.000,21.72335
2024-12-18 10:00:00.000,22.367733
2024-12-18 12:00:00.000,22.807756
2024-12-18 14:00:00.000,17.516535
2024-12-18 16:00:00.000,17.164082
2024-12-18 18:00:00.000,19.50423
2024-12-18 20:00:00.000,21.927708
2024-12-18 22:00:00.000,17.02921
2024-12-19 00:00:00.000,10.532938
2024-12-19 02:00:00.000,8.212664
2024-12-19 04:00:00.000,9.923247
2024-12-19 06:00:00.000,14.733774
2024-12-19 08:00:00.000,16.636038
2024-12-19 10:00:00.000,16.972782
2024-12-19 12:00:00.000,17.236103
2024-12-19 14:00:00.000,15.297545
2024-12-19 16:00:00.000,16.213486
2024-12-19 18:00:00.000,18.849022
2024-12-19 20:00:00.000,21.389359
2024-12-19 22:00:00.000,16.76317
2024-12-20 00:00:00.000,10.447884
2024-12-20 02:00:00.000,8.046484
2024-12-20 04:00:00.000,9.604652
2024-12-20 06:00:00.000,14.04195
2024-12-20 08:00:00.000,15.969688
2024-12-20 10:00:00.000,15.8788805
2024-12-20 12:00:00.000,16.028975
2024-12-20 14:00:00.000,14.07779
2024-12-20 16:00:00.000,14.980273
2024-12-20 18:00:00.000,17.539463
2024-12-20 20:00:00.000,20.566555
2024-12-20 22:00:00.000,16.65595
2024-12-21 00:00:00.000,10.476623
2024-12-21 02:00:00.000,7.426061
2024-12-21 04:00:00.000,8.2863865
2024-12-21 06:00:00.000,12.882555
2024-12-21 08:00:00.000,16.60443
2024-12-21 10:00:00.000,16.900982
2024-12-21 12:00:00.000,16.783918
2024-12-21 14:00:00.000,14.6531105
2024-12-21 16:00:00.000,14.489428
2024-12-21 18:00:00.000,16.314322
2024-12-21 20:00:00.000,19.139565
2024-12-21 22:00:00.000,16.875307
2024-12-22 00:00:00.000,10.82102
2024-12-22 02:00:00.000,7.3801355
2024-12-22 04:00:00.000,7.5894327
2024-12-22 06:00:00.000,11.321905
2024-12-22 08:00:00.000,15.173585
2024-12-22 10:00:00.000,15.802372
2024-12-22 12:00:00.000,16.453323
2024-12-22 14:00:00.000,14.849788
2024-12-22 16:00:00.000,14.724555
2024-12-22 18:00:00.000,16.72972
2024-12-22 20:00:00.000,19.00551
2024-12-22 22:00:00.000,15.678768
2024-12-23 00:00:00.000,9.963242
2024-12-23 02:00:00.000,6.696865
2024-12-23 04:00:00.000,7.6803207
2024-12-23 06:00:00.000,11.360167
2024-12-23 08:00:00.000,13.952324
2024-12-23 10:00:00.000,14.292323
2024-12-23 12:00:00.000,14.608783
2024-12-23 14:00:00.000,13.390889
2024-12-23 16:00:00.000,13.59101
2024-12-23 18:00:00.000,15.657943
2024-12-23 20:00:00.000,18.258858
2024-12-23 22:00:00.000,14.929342
2024-12-24 00:00:00.000,8.724889
2024-12-24 02:00:00.000,6.472839
2024-12-24 04:00:00.000,7.38701
2024-12-24 06:00:00.000,10.980825
2024-12-24 08:00:00.000,13.33627
2024-12-24 10:00:00.000,13.795238
2024-12-24 12:00:00.000,14.29438
2024-12-24 14:00:00.000,13.160542
2024-12-24 16:00:00.000,13.2176
2024-12-24 18:00:00.000,15.166193
2024-12-24 20:00:00.000,17.797419
2024-12-24 22:00:00.000,14.617849
2024-12-25 00:00:00.000,9.409607
2024-12-25 02:00:00.000,7.075017
2024-12-25 04:00:00.000,7.7677584
2024-12-25 06:00:00.000,10.449154
2024-12-25 08:00:00.000,12.216251
2024-12-25 10:00:00.000,13.03181
2024-12-25 12:00:00.000,14.221027
2024-12-25 14:00:00.000,13.352775
2024-12-25 16:00:00.000,13.560244
2024-12-25 18:00:00.000,15.735796
2024-12-25 20:00:00.000,18.031076
2024-12-25 22:00:00.000,14.661059
2024-12-26 00:00:00.000,9.213837
2024-12-26 02:00:00.000,7.5623
2024-12-26 04:00:00.000,8.3925495
2024-12-26 06:00:00.000,11.82163
2024-12-26 08:00:00.000,13.980002
2024-12-26 10:00:00.000,14.361442
2024-12-26 12:00:00.000,14.669497
2024-12-26 14:00:00.000,13.277825
2024-12-26 16:00:00.000,13.334158
2024-12-26 18:00:00.000,15.313526
2024-12-26 20:00:00.000,18.044422
2024-12-26 22:00:00.000,15.156144
2024-12-27 00:00:00.000,9.735033
2024-12-27 02:00:00.000,7.0545273
2024-12-27 04:00:00.000,7.895631
2024-12-27 06:00:00.000,11.126077
2024-12-27 08:00:00.000,13.480066
2024-12-27 10:00:00.000,13.926471
2024-12-27 12:00:00.000,14.332422
2024-12-27 14:00:00.000,13.012692
2024-12-27 16:00:00.000,13.0327425
2024-12-27 18:00:00.000,14.886661
2024-12-27 20:00:00.000,17.656336
2024-12-27 22:00:00.000,15.2899885
2024-12-28 00:00:00.000,9.750453
2024-12-28 02:00:00.000,6.8585052
2024-12-28 04:00:00.000,7.5574074
2024-12-28 06:00:00.000,10.882715
2024-12-28 08:00:00.000,13.782371
2024-12-28 10:00:00.000,14.359863
2024-12-28 12:00:00.000,14.535664
2024-12-28 14:00:00.000,13.073031
2024-12-28 16:00:00.000,12.800424
2024-12-28 18:00:00.000,14.529415
2024-12-28 20:00:00.000,17.373137
2024-12-28 22:00:00.000,15.390762
2024-12-29 00:00:00.000,10.295951
2024-12-29 02:00:00.000,6.8151474
2024-12-29 04:00:00.000,6.9803615
2024-12-29 06:00:00.000,9.721107
2024-12-29 08:00:00.000,13.16704
2024-12-29 10:00:00.000,14.121584
2024-12-29 12:00:00.000,14.35718
2024-12-29 14:00:00.000,12.66509
2024-12-29 16:00:00.000,12.324368
2024-12-29 18:00:00.000,14.086301
2024-12-29 20:00:00.000,16.920315
2024-12-29 22:00:00.000,15.076185
2024-12-30 00:00:00.000,10.08317
2024-12-30 02:00:00.000,6.952282
2024-12-30 04:00:00.000,6.974283
2024-12-30 06:00:00.000,10.053497
2024-12-30 08:00:00.000,13.916396
2024-12-30 10:00:00.000,14.541259
2024-12-30 12:00:00.000,14.235501
2024-12-30 14:00:00.000,12.486449
2024-12-30 16:00:00.000,12.026046
2024-12-30 18:00:00.000,13.736524
2024-12-30 20:00:00.000,16.800766
2024-12-30 22:00:00.000,15.29283
2024-12-31 00:00:00.000,10.493489
2025-01-01 01:30:00.000,7.486047
2025-01-01 03:00:00.000,5.8177037
2025-01-01 04:30:00.000,6.089755
2025-01-01 06:00:00.000,7.738699
2025-01-01 07:30:00.000,10.539222
2025-01-01 09:00:00.000,12.64664
2025-01-01 10:30:00.000,13.769165
2025-01-01 12:00:00.000,13.947241
2025-01-01 13:30:00.000,12.480305
2025-01-01 15:00:00.000,12.001732
2025-01-01 16:30:00.000,12.546276
2025-01-01 18:00:00.000,14.073692
2025-01-01 19:30:00.000,15.979312
2025-01-01 21:00:00.000,15.446831
2025-01-01 22:30:00.000,13.210921
2025-01-02 00:00:00.000,9.698334
2025-01-02 01:30:00.000,7.0475526
2025-01-02 03:00:00.000,6.095949
2025-01-02 04:30:00.000,6.9546485
2025-01-02 06:00:00.000,9.190909
2025-01-02 07:30:00.000,12.195875
2025-01-02 09:00:00.000,13.579036
2025-01-02 10:30:00.000,14.026109
2025-01-02 12:00:00.000,13.618984
2025-01-02 13:30:00.000,12.369807
2025-01-02 15:00:00.000,11.6678095
2025-01-02 16:30:00.000,12.378043
2025-01-02 18:00:00.000,14.245667
2025-01-02 19:30:00.000,16.864529
2025-01-02 21:00:00.000,17.12194
2025-01-02 22:30:00.000,13.511993
2025-01-03 00:00:00.000,9.426697
2025-01-03 01:30:00.000,6.603025
2025-01-03 03:00:00.000,5.675415
2025-01-03 04:30:00.000,7.2760916
2025-01-03 06:00:00.000,9.417342
2025-01-03 07:30:00.000,12.466197
2025-01-03 09:00:00.000,13.710078
2025-01-03 10:30:00.000,14.053237
2025-01-03 12:00:00.000,13.655389
2025-01-03 13:30:00.000,12.29197
2025-01-03 15:00:00.000,11.727925
2025-01-03 16:30:00.000,12.244507
2025-01-03 18:00:00.000,14.101786
2025-01-03 19:30:00.000,16.810175
2025-01-03 21:00:00.000,16.840143
2025-01-03 22:30:00.000,13.939997
2025-01-04 00:00:00.000,9.928857
2025-01-04 01:30:00.000,7.0375013
2025-01-04 03:00:00.000,6.3358974
2025-01-04 04:30:00.000,7.337673
2025-01-04 06:00:00.000,9.51579
2025-01-04 07:30:00.000,12.27627
2025-01-04 09:00:00.000,13.406729
2025-01-04 10:30:00.000,13.964139
2025-01-04 12:00:00.000,13.808439
2025-01-04 13:30:00.000,12.432832
2025-01-04 15:00:00.000,11.895129
2025-01-04 16:30:00.000,12.399336
2025-01-04 18:00:00.000,13.93279
2025-01-04 19:30:00.000,16.55641
2025-01-04 21:00:00.000,16.914225
2025-01-04 22:30:00.000,13.8660965
2025-01-05 00:00:00.000,10.5251465
2025-01-05 01:30:00.000,7.34505
2025-01-05 03:00:00.000,6.100597
2025-01-05 04:30:00.000,6.6964817
2025-01-05 06:00:00.000,8.6402235
2025-01-05 07:30:00.000,11.457131
2025-01-05 09:00:00.000,12.791103
2025-01-05 10:30:00.000,13.362253
2025-01-05 12:00:00.000,13.232595
2025-01-05 13:30:00.000,12.0388365
2025-01-05 15:00:00.000,11.492066
2025-01-05 16:30:00.000,12.127764
2025-01-05 18:00:00.000,13.931622
2025-01-05 19:30:00.000,16.182226
2025-01-05 21:00:00.000,16.248203
2025-01-05 22:30:00.000,13.423265
2025-01-06 00:00:00.000,9.558806
2025-01-06 01:30:00.000,6.706168
2025-01-06 03:00:00.000,5.745899
2025-01-06 04:30:00.000,6.6778307
2025-01-06 06:00:00.000,9.158521
2025-01-06 07:30:00.000,12.229118
2025-01-06 09:00:00.000,14.060257
2025-01-06 10:30:00.000,13.901417
2025-01-06 12:00:00.000,13.690097
2025-01-06 13:30:00.000,12.329731
2025-01-06 15:00:00.000,11.333173
2025-01-06 16:30:00.000,12.160607
2025-01-06 18:00:00.000,13.5986805
2025-01-06 19:30:00.000,16.196213
2025-01-06 21:00:00.000,16.990479
2025-01-06 22:30:00.000,14.122686
2025-01-07 00:00:00.000,10.351048
2025-01-07 01:30:00.000,7.6632867
2025-01-07 03:00:00.000,6.4945893
2025-01-07 04:30:00.000,7.462544
2025-01-07 06:00:00.000,9.929928
2025-01-07 07:30:00.000,12.959202
2025-01-07 09:00:00.000,14.476632
2025-01-07 10:30:00.000,14.765132
2025-01-07 12:00:00.000,13.836598
2025-01-07 13:30:00.000,12.1791315
2025-01-07 15:00:00.000,11.625732
2025-01-07 16:30:00.000,12.297686
2025-01-07 18:00:00.000,14.027212
2025-01-07 19:30:00.000,16.647429
2025-01-07 21:00:00.000,17.00491
2025-01-07 22:30:00.000,13.98911
2025-01-08 00:00:00.000,10.092823
2025-01-08 01:30:00.000,7.5203876
2025-01-08 03:00:00.000,6.491141
2025-01-08 04:30:00.000,7.4838915
2025-01-08 06:00:00.000,10.097018
2025-01-08 07:30:00.000,13.003695
2025-01-08 09:00:00.000,14.466018
2025-01-08 10:30:00.000,14.862123
2025-01-08 12:00:00.000,13.587145
2025-01-08 13:30:00.000,12.012126
2025-01-08 15:00:00.000,11.60697
2025-01-08 16:30:00.000,12.208631
2025-01-08 18:00:00.000,13.935654
2025-01-08 19:30:00.000,16.170965
2025-01-08 21:00:00.000,15.854468
2025-01-08 22:30:00.000,12.721156
2025-01-09 00:00:00.000,9.182688
2025-01-09 01:30:00.000,7.246256
2025-01-09 03:00:00.000,6.520761
2025-01-09 04:30:00.000,8.110654
2025-01-09 06:00:00.000,10.205415
2025-01-09 07:30:00.000,11.897426
2025-01-09 09:00:00.000,14.257354
2025-01-09 10:30:00.000,15.591176
2025-01-09 12:00:00.000,15.9093075
2025-01-09 13:30:00.000,14.472997
2025-01-09 15:00:00.000,13.822362
2025-01-09 16:30:00.000,14.714453
2025-01-09 18:00:00.000,16.884398
2025-01-09 19:30:00.000,19.796541
2025-01-09 21:00:00.000,19.20233
2025-01-09 22:30:00.000,14.768903
2025-01-10 00:00:00.000,10.416379
2025-01-10 01:30:00.000,8.0467825
2025-01-10 03:00:00.000,7.37075
2025-01-10 04:30:00.000,9.08358
2025-01-10 06:00:00.000,11.927154
2025-01-10 07:30:00.000,13.978804
2025-01-10 09:00:00.000,14.791251
2025-01-10 10:30:00.000,15.443886
2025-01-10 12:00:00.000,15.545577
2025-01-10 13:30:00.000,14.252177
2025-01-10 15:00:00.000,13.600905
2025-01-10 16:30:00.000,14.524387
2025-01-10 18:00:00.000,16.756557
2025-01-10 19:30:00.000,19.95968
2025-01-10 21:00:00.000,20.077473
2025-01-10 22:30:00.000,16.544846
2025-01-11 00:00:00.000,11.274443
2025-01-11 01:30:00.000,7.912413
2025-01-11 03:00:00.000,6.8332443
2025-01-11 04:30:00.000,8.110399
2025-01-11 06:00:00.000,11.00505
2025-01-11 07:30:00.000,14.149721
2025-01-11 09:00:00.000,15.295619
2025-01-11 10:30:00.000,15.914781
2025-01-11 12:00:00.000,15.801043
2025-01-11 13:30:00.000,14.318619
2025-01-11 15:00:00.000,13.632733
2025-01-11 16:30:00.000,14.259943
2025-01-11 18:00:00.000,16.18917
2025-01-11 19:30:00.000,19.209713
2025-01-11 21:00:00.000,19.695412
2025-01-11 22:30:00.000,16.24645
2025-01-12 00:00:00.000,11.491525
2025-01-12 01:30:00.000,8.026377
2025-01-12 03:00:00.000,6.7794256
2025-01-12 04:30:00.000,7.790557
2025-01-12 06:00:00.000,10.385537
2025-01-12 07:30:00.000,13.74887
2025-01-12 09:00:00.000,15.186992
2025-01-12 10:30:00.000,15.856626
2025-01-12 12:00:00.000,15.769817
2025-01-12 13:30:00.000,14.329332
2025-01-12 15:00:00.000,13.4591875
2025-01-12 16:30:00.000,14.032424
2025-01-12 18:00:00.000,15.763697
2025-01-12 19:30:00.000,18.09282
2025-01-12 21:00:00.000,18.02694
2025-01-12 22:30:00.000,14.15342
2025-01-13 00:00:00.000,10.058182
2025-01-13 01:30:00.000,7.8429823
2025-01-13 03:00:00.000,7.4552417
2025-01-13 04:30:00.000,9.12369
2025-01-13 06:00:00.000,11.461453
2025-01-13 07:30:00.000,13.174071
2025-01-13 09:00:00.000,13.886731
2025-01-13 10:30:00.000,14.77232
2025-01-13 12:00:00.000,14.586475
2025-01-13 13:30:00.000,13.695359
2025-01-13 15:00:00.000,13.3532295
2025-01-13 16:30:00.000,14.216046
2025-01-13 18:00:00.000,16.138454
2025-01-13 19:30:00.000,18.848738
2025-01-13 21:00:00.000,17.856796
2025-01-13 22:30:00.000,13.544154
2025-01-14 00:00:00.000,9.644015
2025-01-14 01:30:00.000,7.4884934
2025-01-14 03:00:00.000,7.027966
2025-01-14 04:30:00.000,8.815125
2025-01-14 06:00:00.000,11.080283
2025-01-14 07:30:00.000,12.61773
2025-01-14 09:00:00.000,13.382113
2025-01-14 10:30:00.000,13.855029
2025-01-14 12:00:00.000,14.113461
2025-01-14 13:30:00.000,13.317562
2025-01-14 15:00:00.000,11.653693
2025-01-14 16:30:00.000,14.343071
2025-01-14 18:00:00.000,16.492996
2025-01-14 19:30:00.000,19.029385
2025-01-14 21:00:00.000,17.80418
2025-01-14 22:30:00.000,13.152695
2025-01-15 00:00:00.000,9.568554
2025-01-15 01:30:00.000,7.3564386
2025-01-15 03:00:00.000,7.127036
2025-01-15 04:30:00.000,8.99775
2025-01-15 06:00:00.000,11.283039
2025-01-15 07:30:00.000,12.75759
2025-01-15 09:00:00.000,14.000983
2025-01-15 10:30:00.000,14.736969
2025-01-15 12:00:00.000,15.002674
2025-01-15 13:30:00.000,14.020598
2025-01-15 15:00:00.000,13.635459
2025-01-15 16:30:00.000,14.753833
2025-01-15 18:00:00.000,16.942734
2025-01-15 19:30:00.000,19.574728
2025-01-15 21:00:00.000,18.42736
2025-01-15 22:30:00.000,14.313731
2025-01-16 00:00:00.000,9.57213
2025-01-16 01:30:00.000,7.4646974
2025-01-16 03:00:00.000,7.344073
2025-01-16 04:30:00.000,9.655016
2025-01-16 06:00:00.000,11.693286
2025-01-16 07:30:00.000,13.177222
2025-01-16 09:00:00.000,13.7928705
2025-01-16 10:30:00.000,14.430282
2025-01-16 12:00:00.000,14.7989235
2025-01-16 13:30:00.000,13.8734455
2025-01-16 15:00:00.000,13.459637
2025-01-16 16:30:00.000,14.509692
2025-01-16 18:00:00.000,16.740171
2025-01-16 19:30:00.000,19.488026
2025-01-16 21:00:00.000,18.204823
2025-01-16 22:30:00.000,13.475506
2025-01-17 00:00:00.000,9.277745
2025-01-17 01:30:00.000,7.2137156
2025-01-17 03:00:00.000,7.049612
2025-01-17 04:30:00.000,9.130307
2025-01-17 06:00:00.000,11.510843
2025-01-17 07:30:00.000,12.99638
2025-01-17 09:00:00.000,12.888519
2025-01-17 10:30:00.000,13.098418
2025-01-17 12:00:00.000,13.599903
2025-01-17 13:30:00.000,12.403916
2025-01-17 15:00:00.000,11.967709
2025-01-17 16:30:00.000,12.872566
2025-01-17 18:00:00.000,14.679586
2025-01-17 19:30:00.000,17.778484
2025-01-17 21:00:00.000,17.161833
2025-01-17 22:30:00.000,13.021268
2025-01-18 00:00:00.000,9.087041
2025-01-18 01:30:00.000,6.741996
2025-01-18 03:00:00.000,6.235273
2025-01-18 04:30:00.000,7.8960643
2025-01-18 06:00:00.000,10.74906
2025-01-18 07:30:00.000,13.457017
2025-01-18 09:00:00.000,14.008298
2025-01-18 10:30:00.000,14.236876
2025-01-18 12:00:00.000,14.143979
2025-01-18 13:30:00.000,12.95568
2025-01-18 15:00:00.000,12.034064
2025-01-18 16:30:00.000,12.498971
2025-01-18 18:00:00.000,14.170276
2025-01-18 19:30:00.000,16.598999
2025-01-18 21:00:00.000,16.71399
2025-01-18 22:30:00.000,13.310107
2025-01-19 00:00:00.000,9.36293
2025-01-19 01:30:00.000,6.7074623
2025-01-19 03:00:00.000,5.886311
2025-01-19 04:30:00.000,6.940468
2025-01-19 06:00:00.000,9.902551
2025-01-19 07:30:00.000,14.403895
2025-01-19 09:00:00.000,15.89493
2025-01-19 10:30:00.000,16.225607
2025-01-19 12:00:00.000,16.005217
2025-01-19 13:30:00.000,14.675711
2025-01-19 15:00:00.000,13.635171
2025-01-19 16:30:00.000,14.095529
2025-01-19 18:00:00.000,15.868735
2025-01-19 19:30:00.000,18.16373
2025-01-19 21:00:00.000,17.500679
2025-01-19 22:30:00.000,14.133732
2025-01-20 00:00:00.000,10.898163
2025-01-20 01:30:00.000,8.983854
2025-01-20 03:00:00.000,8.520935
2025-01-20 04:30:00.000,10.546208
2025-01-20 06:00:00.000,12.9258585
2025-01-20 07:30:00.000,14.298875
2025-01-20 09:00:00.000,14.568436
2025-01-20 10:30:00.000,15.042553
2025-01-20 12:00:00.000,13.690004
2025-01-20 13:30:00.000,12.320917
2025-01-20 15:00:00.000,11.907104
2025-01-20 16:30:00.000,12.920428
2025-01-20 18:00:00.000,14.070626
2025-01-20 19:30:00.000,16.124752
2025-01-20 21:00:00.000,15.611731
2025-01-20 22:30:00.000,11.380995
2025-01-21 00:00:00.000,8.064129
